1000020260000086012003063600108048651614760022050000
0450010000000000000000000106621356560000
0450010000000000000000000106626094070000
001001026000008601200206628158010000000000000000000000000000000000000000000000020290457400100100000
010001000000000000000000000000000000086012066281581500100000
0350010662815820267914970000088500000001020000
010001000000000000000000000000000000086012066281582000200000
001001026000008601200306628158260000000000000000000000000000000000000000000000020290457400100100000
001001026000008601200406628170860000000000000000000000000000000000000000000000020290457400100100000
001001026000008601200506628184870000000000000000000000000000000000000000000000020290457400100100000
002011066281852500104151752044000000000026117481680400001001220004650004650003000003000008550000000100000001000000860120000000000000000000000000000000000000000000000100000000000000000000300000000000000000000000000006360010804865161476002205000000
002011066281853200104089530942000000000027163492560400001001660004650004650003000003000008550000000100000001000000860120000000000000000000000000000000000000000000000100000000000000000000300000000000000000000000000006360010804865161476002205000000
005001066281856100104162419775000000000025069315281023001002300000
002011066281856300104162419775000000000025069315280400001013060004650004650004600004600008550000000100000001000000860120000000000000000000000000000000000000000000000100000000000000000000300000000000000000000000000006360010804865161476002205000000
002011066281857200104152252088000000000024567452880400001001130004650004650004650000000000000000000100000001000000860120000000000000000000000000000000000000000000000000000000000000000000000000000000000000000000000006360010804865161476002205000000
002011066281857900104150892942000000000023820375760400001001840004650004650004650000000000000000000100000001000000860120000000000000000000000000000000000000000000000000000000000000000000000000000000000000000000000006360010804865161476002205000000
002011066281863700117047011388000000000012052201180400001020380004650004650004650000000000000000000100000001000000860120000000000000000000000000000000000000000000000000000000000000000000019000000000000000000000000006360010804865161476002205000000
002011066281929300117058171373000000000010649911530400001006410004650004650004650000000000000000000100000001000000860120000000000000000000000000000000000000000000000000000000000000000000000000000000000000000000000006360010804865161476002205000000
002011066281929900104164628738000000000024063399120400001011160004650004650004650000000000000000000100000001000000860120000000000000000000000000000000000000000000000000000000000000000000000000000000000000000000000006360010804865161476002205000000
002011066281946000104149924682000000000017618256080400001003160004650004650004650000000000000000000100000001000000860120000000000000000000000000000000000000000000000000000000000000000000000000000000000000000000000006360010804865161476002205000000
002011066281975800117042270423000000000019213698280400001021580004650004650004650000000000000000000100000001000000860120000000000000000000000000000000000000000000000000000000000000000000000000000000000000000000000006360010804865161476002205000000
002011066281985600104164626077000000000023087289040400001017060004650004650004650000000000000000000100000001000000860120000000000000000000000000000000000000000000000000000000000000000000000000000000000000000000000006360010804865161476002205000000
00300104000010001100051150000086012000000000000000000000000000000000000000000000006628210140000
001001026000008601200406628210140000000000000000000000000000000000000000000000020290457400100000000
001001026000008601200506628221600000000000000000000000000000000000000000000000020290457400100000000
002011066282223200117053922338000000000014432274510400001031810004650004650004650000000000000000000100000001000000860120000000000000000000000000000000000000000000000000000000000000000000000000000000000000000000000006360010804865161476002205000000
002011066282226900109106761146000000000013068913360100001006280004650004650004650000000000000000000100000001000000860120000000000000000000000000000000000000000000000000000000000000000000000000000000000000000000000006360010804865161476002205000000
005001066282244400117045853391000000000011853390290400001000340000
005001066282244400117045853391000000000011853390290100001002410000
002011066282272400104150965664000000000025955346640400001001140004650004650004650000000000000000000100000001000000860120000000000000000000000000000000000000000000000000000000000000000000000000000000000000000000000006360010804865161476002205000000
005001066282302200104087628058000000000016528976081023001002300000
002011066282315900109080278699000000000005365266640100001015630004650004650004650000000000000000000100000001000000860120000000000000000000000000000000000000000000000000000000000000000000000000000000000000000000000006360010804865161476002205000000
002011066282316700104089769791000000000031540880080400001000630004650004650004650000000000000000000100000001000000860120000000000000000000000000000000000000000000000000000000000000000000000000000000000000000000000006360010804865161476002205000000
002011066282369500109007026472000000000010494807760100001090970004650004650004650000000000000000000100000001000000860120000000000000000000000000000000000000000000000000000000000000000000000000010000000000000000000106360010804865161476002205000000
002011066282380600104089348125000000000033117438160400001000960004650004650004650000000000000000000100000001000000860120000000000000000000000000000000000000000000000000000000000000000000000000000000000000000000000006360010804865161476002205000000
00300104000010000400018600000086012000000000000000000000000000000000000000000000006628247630000
00300101000010000300013950000086012000000000000000000000000000000000000000000000006628247630000
001001026000008601200406628247630000000000000000000000000000000000000000000000020290457400100100000
001001026000008601200506628253620000000000000000000000000000000000000000000000020290457400100100000
002011066282598900104151744947000000000025453660880400001000450004650004650004650000000000000000000100000001000000860120000000000000000000000000000000000000000000000000000000000000000000000000000000000000000000000006360010804865161476002205000000
005001066282619500109053534574000000000017244009681023001002300000
002011066282619800109053534574000000000017244009680100001005950004650004650004650000000000000000000100000001000000860120000000000000000000000000000000000000000000000000000000000000000000000000000000000000000000000006360010804865161476002205000000
002011066282620300104088250385000000000016494889680400001001920004650004650004650000000000000000000100000001000000860120000000000000000000000000000000000000000000000000000000000000000000000000000000000000000000000006360010804865161476002205000000
002011066282625100109070879231000000000014385672400100001006840004650004650004650000000000000000000100000001000000860120000000000000000000000000000000000000000000000000000000000000000000000000000000000000000000000006360010804865161476002205000000
002011066282626200109069875244000000000014377378000100001017260004650004650004650000000000000000000100000001000000860120000000000000000000000000000000000000000000000000000000000000000000000000010000000000000000000106360010804865161476002205000000
00300104000010000200009300000086012000000000000000000000000000000000000000000000006628276490000
00300101000010000300013950000086012000000000000000000000000000000000000000000000006628276490000
001001026000008601200406628276490000000000000000000000000000000000000000000000020290457400100000000
001001026000008601200506628293210000000000000000000000000000000000000000000000020290457400100000000
005001066282986900104153285011000000000026778555601023001002300000
002011066282987000104153285011000000000026778555600400001038460004650004650004650000000000000000000100000001000000860120000000000000000000000000000000000000000000000000000000000000000000000000000000000000000000000006360010804865161476002205000000
002011066283016600104084677661000000000017470577360400001005120004650004650004650000000000000000000100000001000000860120000000000000000000000000000000000000000000000000000000000000000000000000000000000000000000000006360010804865161476002205000000
002011066283083900104078257948000000000041960375470400001015180004650004650004650000000000000000000100000001000000860120000000000000000000000000000000000000000000000000000000000000000000019300000000000000000000000006360010804865161476002205000000
002011066283130900117055565672000000000015274786630400001007880004650004650004650000000000000000000100000001000000860120000000000000000000000000000000000000000000000000000000000000000000000000000000000000000000000006360010804865161476002205000000
00300104000010000400018600000086012000000000000000000000000000000000000000000000006628329800000
001001026000008601200406628329800000000000000000000000000000000000000000000000020290457400100100000
001001026000008601200506628329840000000000000000000000000000000000000000000000020290457400100100000
002011066283301800109058877917000000000008045950160100001004630004650004650004600004600008550000000100000001000000860120000000000000000000000000000000000000000000000100000000000000000000300000010000000000000000000106360010804865161476002205000000
002011066283302400104163899193000000000022908132560400001008250004650004650004600004600008550000000100000001000000860120000000000000000000000000000000000000000000000100000000000000000000300000000000000000000000000006360010804865161476002205000000
005001066283304700104165194201000000000018705226960400001000150000
005001066283304700104165194201000000000018705226960400001000150000
002011066283305200104165194201000000000018705226960400001056730004650004650004600004600008550000000100000001000000860120000000000000000000000000000000000000000000000100000000000000000000300000000000000000000000000006360010804865161476002205000000
002011066283306600104161335284000000000026990149840400001005410004650004650000800000000000000000000100000001000000860120000000000000000000000000000000000000000000000000000000000000000000000000000000000000000000000006360010804865161476002205000000
002011066283306700104161335284000000000026990149840400001005410004650004650003850000000000000000000100000001000000860120000000000000000000000000000000000000000000000000000000000000000000000000000000000000000000000006360010804865161476002205000000
002011066283311000104085664405000000000015701325520400001003840004650004650004650000000000000000000100000001000000860120000000000000000000000000000000000000000000000000000000000000000000000000000000000000000000000006360010804865161476002205000000
002011066283339600104081190735000000000014131967290400001001140004650004650004650000000000000000000100000001000000860120000000000000000000000000000000000000000000000000000000000000000000019300000000000000000000000006360010804865161476002205000000
002011066283358100104164082451000000000023286910160400001024040004650004650004500004500008550000000100000001000000860120000000000000000000000000000000000000000000000100000000000000000000300000000000000000000000000006360010804865161476002205000000
002011066283428900104088871029000000000028077522640400001001430004650004650004650000000000000000000100000001000000860120000000000000000000000000000000000000000000000000000000000000000000000000000000000000000000000006360010804865161476002205000000
002011066283430200104161384579000000000028371072720400001008010004650004650004650000000000000000000100000001000000860120000000000000000000000000000000000000000000000000000000000000000000000000000000000000000000000006360010804865161476002205000000
002011066283468400109069860611000000000014371914960100001004310004650004650004650000000000000000000100000001000000860120000000000000000000000000000000000000000000000000000000000000000000000000000000000000000000000006360010804865161476002205000000
002011066283488600104080333516000000000007539516730400001012430004650004650004650000000000000000000100000001000000860120000000000000000000000000000000000000000000000000000000000000000000019300000000000000000000000006360010804865161476002205000000
005001066283489400117055605275000000000042397546631023001000150000
002011066283489600117055605275000000000042397546630400001011320004650004650004650000000000000000000100000001000000860120000000000000000000000000000000000000000000000000000000000000000000000000000000000000000000000006360010804865161476002205000000
00300101000010000200009300000086012000000000000000000000000000000000000000000000006628361860000
00300104000010001000046500000086012000000000000000000000000000000000000000000000006628361860000
001001026000008601200406628361860000000000000000000000000000000000000000000000020290457400100000000
001001026000008601200506628366500000000000000000000000000000000000000000000000020290457400100000000
001001026000008601200406628399220000000000000000000000000000000000000000000000020290457400100100000
001001026000008601200506628405320000000000000000000000000000000000000000000000020290457400100100000
002011066284117800104151800091000000000025968361680400001000320004650004650004650000000000000000000100000001000000860120000000000000000000000000000000000000000000000000000000000000000000000000000000000000000000000006360010804865161476002205000000
002011066284122700109123255032000000000010831370960100001021470004650004650004650000000000000000000100000001000000860120000000000000000000000000000000000000000000000000000000000000000000000000000000000000000000000006360010804865161476002205000000
002011066284125500109127484613000000000005869993680100001005930004650004650000000000000008550000000100000001000000860120000000000000000000000000000000000000000000000100000000000000000000300000000000000000000000000006360010804865161476002205000000
005001066284159100109008878944000000000009988186320100001000340000
002011066284170000104151588791000000000025856648400400001000380004650004650004650000000000000000000100000001000000860120000000000000000000000000000000000000000000000000000000000000000000000000000000000000000000000006360010804865161476002205000000
002011066284173700104088417451000000000023443333840400001000980004650004650004650000000000000000000100000001000000860120000000000000000000000000000000000000000000000000000000000000000000000000000000000000000000000006360010804865161476002205000000
002011066284185500104151662231000000000026117509840400001033990004650004650004650000000000000000000100000001000000860120000000000000000000000000000000000000000000000000000000000000000000000000000000000000000000000006360010804865161476002205000000
005001066284190900104152218637000000000025875362000400001000150000
005001066284190900104152218637000000000025875362000400001000150000
005001066284191000104152218637000000000025875362000400001000150000
002011066284191200104152218637000000000025875362000400001000040004650004650004650000000000000000000100000001000000860120000000000000000000000000000000000000000000000000000000000000000000000000000000000000000000000006360010804865161476002205000000
00300104000010000500023250000086012000000000000000000000000000000000000000000000006628434940000
00300101000010000200009300000086012000000000000000000000000000000000000000000000006628434940000
001001026000008601200406628434940000000000000000000000000000000000000000000000020290457400100000000
001001026000008601200306628434990000000000000000000000000000000000000000000000020290457400100000000
010001000000000000000000000000000000086012066284350500500000
001001026000008601200206628435210000000000000000000000000000000000000000000000020290457400100000000
010001000000000000000000000000000000086012066284352600400000
001001026000008601200106628435340000000000000000000000000000000000000000000000020290457400100000000
03400662822160000008601200005C06628221600662824763000008601204574I000000000000000000000100000030004650000000010000000104000000800046500000000100000001
03400662818487000008601200005C06628184870662821014000008601204574V000000000000000000000400000020003001000000010000000104000000300046010000000100000001040000021000465000000001000000010400000210004650000000010000000104000002100046500000000100000001040000021000465000000001000000010400000210004650000000010000000104000002100046500000000100000001040000021000465000000001000000010400000210004650000000010000000104000002100046500000000100000001
