1000020260000086012003063600108048651614760022070000
001001026000008601200206628639710000000000000000000000000000000000000000000000020830462800100100000
010001000000000000000000000000000000086012066286400100100000
0350010662864006456407670000078200000003020000
010001000000000000000000000000000000086012066286400600200000
001001026000008601200306628640180000000000000000000000000000000000000000000000020830462800100100000
001001026000008601200406628640250000000000000000000000000000000000000000000000020830462800100100000
001001026000008601200506628640320000000000000000000000000000000000000000000000020830462800100100000
002011066286452200117051746702000000000000544719890400001023420004650004650004650000000000000000000100000001000000860120000000000000000000000000000000000000000000000000000000000000000000000000000000000000000000000006360010804865161476002207000000
005001066286453100104086627406000000000017952092881023001002300000
002011066286456000104086363018000000000018948465360400001008010004650004650004650000000000000000000100000001000000860120000000000000000000000000000000000000000000000000000000000000000000000000000000000000000000000006360010804865161476002207000000
002011066286458500109018257705000000000027649567440100001003420004650004650004500004500008550000000100000001000000860120000000000000000000000000000000000000000000000100000000000000000000300000000000000000000000000006360010804865161476002207000000
002011066286547900117059311845000000000013919032410400001011480004650004650004650000000000000000000100000001000000860120000000000000000000000000000000000000000000000000000000000000000000000000000000000000000000000006360010804865161476002207000000
00300104000010000300013950000086012000000000000000000000000000000000000000000000006628675400000
00300101000010000100004650000086012000000000000000000000000000000000000000000000006628675400000
001001026000008601200406628675400000000000000000000000000000000000000000000000020830462800100000000
001001026000008601200306628675450000000000000000000000000000000000000000000000020830462800100000000
010001000000000000000000000000000000086012066286757200500000
001001026000008601200206628675800000000000000000000000000000000000000000000000020830462800100000000
010001000000000000000000000000000000086012066286758600400000
010001000000000000000000000000000000086012066286763300100000
0350010662867636456407670000078200000004020000
010001000000000000000000000000000000086012066286763600200000
001001026000008601200306628676420000000000000000000000000000000000000000000000020290457400100000000
001001026000008601200406628676480000000000000000000000000000000000000000000000020290457400100000000
001001026000008601200506628682370000000000000000000000000000000000000000000000020290457400100000000
002011066286833000104165407212000000000018728589520400001015170004650004650004650000000000000000000100000001000000860120000000000000000000000000000000000000000000000000000000000000000000000000000000000000000000000006360010804865161476002207000000
002011066286844700104150991991000000000024738842320400001025460004650004650000650000000000000000000100000001000000860120000000000000000000000000000000000000000000000000000000000000000000000000000000000000000000000006360010804865161476002207000000
002011066286844700104150991991000000000024738842320400001025460004650004650004000000000000000000000100000001000000860120000000000000000000000000000000000000000000000000000000000000000000000000000000000000000000000006360010804865161476002207000000
002011066286857300104088971554000000000028101356240400001001780004650004650004650000000000000000000100000001000000860120000000000000000000000000000000000000000000000000000000000000000000000000000000000000000000000006360010804865161476002207000000
002011066286867700104087449791000000000016251464400400001004430004650004650004650000000000000000000100000001000000860120000000000000000000000000000000000000000000000000000000000000000000000000000000000000000000000006360010804865161476002207000000
002011066286880800104151663262000000000025705564880400001004130004650004650004650000000000000000000100000001000000860120000000000000000000000000000000000000000000000000000000000000000000000000000000000000000000000006360010804865161476002207000000
002011066286881300104082601429000000000002469678800400001006910004650004650004650000000000000000000100000001000000860120000000000000000000000000000000000000000000000000000000000000000000000000000000000000000000000006360010804865161476002207000000
002011066286954100109008330256000000000012691190480100001005760004650004650004650000000000000000000100000001000000860120000000000000000000000000000000000000000000000000000000000000000000000000010000000000000000000106360010804865161476002207000000
002011066286955000104151715823000000000023890094800400001000190004650004650004650000000000000000000100000001000000860120000000000000000000000000000000000000000000000000000000000000000000000000000000000000000000000006360010804865161476002207000000
002011066286955700109075637708000000000029972073680100001000220004650004650004650000000000000000000100000001000000860120000000000000000000000000000000000000000000000000000000000000000000000000000000000000000000000006360010804865161476002207000000
005001066286956500104089157648000000000033298330321022001000150000
002011066286956900104089157648000000000033298330320400001000920004650004650004650000000000000000000100000001000000860120000000000000000000000000000000000000000000000000000000000000000000000000000000000000000000000006360010804865161476002207000000
00300104000010000800037200000086012000000000000000000000000000000000000000000000006628716380000
00300101000010000200009300000086012000000000000000000000000000000000000000000000006628716380000
001001026000008601200406628716380000000000000000000000000000000000000000000000020290457400100100000
001001026000008601200306628716430000000000000000000000000000000000000000000000020290457400100100000
010001000000000000000000000000000000086012066287217900500000
001001026000008601200206628721880000000000000000000000000000000000000000000000020290457400100100000
010001000000000000000000000000000000086012066287219200400000
001001026000008601200106628722000000000000000000000000000000000000000000000000020290457400100100000
03400662868237000008601200005C06628682370662871638000008601204574I0000000000000000000001000000200046500000000100000001040000007000465000000001000000010400000010000650000000010000000104000000100040000000000100000001
03400662864032000008601200005C06628640320662867540000008601204628V0000000000000000000001000000100045010000000100000001040000003000465000000001000000010400000030004650000000010000000104000000300046500000000100000001
