1000020260000086012003063600108048651614760022060000
001001026000008601200206628528380000000000000000000000000000000000000000000000000000000000000000000
010001000000000000000000000000000000086012066285285200100000
0350010662852856456407670000078200000002020000
010001000000000000000000000000000000086012066285285600200000
001001026000008601200306628528630000000000000000000000000000000000000000000000000000000000000000000
001001026000008601200406628532190000000000000000000000000000000000000000000000020290457400100000000
001001026000008601200506628532260000000000000000000000000000000000000000000000020290457400100000000
002011066285325000109054897441000000000017757015760100001000660004650004650004650000000000000000000100000001000000860120000000000000000000000000000000000000000000000000000000000000000000000000000000000000000000000006360010804865161476002206000000
002011066285325800104078831717000000000037542302110400001011060004650004650004650000000000000000000100000001000000860120000000000000000000000000000000000000000000000000000000000000000000019300000000000000000000000006360010804865161476002206000000
002011066285355700104151663572000000000026144499920400001010800004650004650004650000000000000000000100000001000000860120000000000000000000000000000000000000000000000000000000000000000000000000000000000000000000000006360010804865161476002206000000
005001066285369500104150421168000000000025805399761023001002300000
002011066285369700104150421168000000000025805399760400001001770004650004650004650000000000000000000100000001000000860120000000000000000000000000000000000000000000000000000000000000000000000000000000000000000000000006360010804865161476002206000000
005001066285460700104150097026000000000025587886800400001000360000
002011066285461000104150097026000000000025587886800400001002240004650004650004650000000000000000000100000001000000860120000000000000000000000000000000000000000000000000000000000000000000000000000000000000000000000006360010804865161476002206000000
005001066285461600104085484784000000000016041252561023001002300000
005001066285461900104085484784000000000016041252561023001002300000
002011066285555500109127560671000000000003006119120100001027430004650004650004650000000000000000000100000001000000860120000000000000000000000000000000000000000000000000000000000000000000000000000000000000000000000006360010804865161476002206000000
002011066285556900109057419478000000000005150628560100001005960004650004650004650000000000000000000100000001000000860120000000000000000000000000000000000000000000000000000000000000000000000000000000000000000000000006360010804865161476002206000000
00300101000010000300013950000086012000000000000000000000000000000000000000000000006628565070000
00300104000010000400018600000086012000000000000000000000000000000000000000000000006628565070000
001001026000008601200406628565070000000000000000000000000000000000000000000000020290457400100100000
001001026000008601200506628569350000000000000000000000000000000000000000000000020290457400100100000
002011066285724700117055559834000000000000534910790400001005960004650004650004650000000000000000000100000001000000860120000000000000000000000000000000000000000000000000000000000000000000000000000000000000000000000006360010804865161476002206000000
002011066285727300109166317722000000000007179633360100001036650004650004650004600004600008550000000100000001000000860120000000000000000000000000000000000000000000000100000000000000000000300000000000000000000000000006360010804865161476002206000000
002011066285817500117039775471000000000009211993170400001024310004650004650004650000000000000000000100000001000000860120000000000000000000000000000000000000000000000000000000000000000000000000000000000000000000000006360010804865161476002206000000
005001066285852000109164800159000000000005052631761023001002300000
002011066285852300109164800159000000000005052631760100001019280004650004650004650000000000000000000100000001000000860120000000000000000000000000000000000000000000000000000000000000000000000000000000000000000000000006360010804865161476002206000000
00300104000010000200009300000086012000000000000000000000000000000000000000000000006628597340000
00300101000010000200009300000086012000000000000000000000000000000000000000000000006628597340000
001001026000008601200406628597340000000000000000000000000000000000000000000000020290457400100000000
001001026000008601200506628605550000000000000000000000000000000000000000000000020290457400100000000
002011066286057900104164439031000000000024077794000400001040730004650004650004650000000000000000000100000001000000860120000000000000000000000000000000000000000000000000000000000000000000000000000000000000000000000006360010804865161476002206000000
002011066286059500109104810638000000000013029243600100001003330004650004650004650000000000000000000100000001000000860120000000000000000000000000000000000000000000000000000000000000000000000000010000000000000000000306360010804865161476002206000000
002011066286075700104162232403000000000025026614480400001019750004650004650004650000000000000000000100000001000000860120000000000000000000000000000000000000000000000000000000000000000000000000000000000000000000000006360010804865161476002206000000
002011066286082300104150098804000000000025455639760400001004570004650004650004650000000000000000000100000001000000860120000000000000000000000000000000000000000000000000000000000000000000000000000000000000000000000006360010804865161476002206000000
005001066286099200104085369063000000000015734922961023001002300000
002011066286099500104085369063000000000015734922960400001007170004650004650004650000000000000000000100000001000000860120000000000000000000000000000000000000000000000000000000000000000000000000000000000000000000000006360010804865161476002206000000
002011066286122500109126844322000000000003228680400100001022530004650004650004650000000000000000000100000001000000860120000000000000000000000000000000000000000000000000000000000000000000000000010000000000000000000106360010804865161476002206000000
005001066286149300104087835878000000000016180690641023001002300000
002011066286149500104087835878000000000016180690640400001003300004650004650004650000000000000000000100000001000000860120000000000000000000000000000000000000000000000000000000000000000000000000000000000000000000000006360010804865161476002206000000
002011066286180000104164394982000000000023273554640400001031680004650004650004650000000000000000000100000001000000860120000000000000000000000000000000000000000000000000000000000000000000000000000000000000000000000006360010804865161476002206000000
002011066286209000117040990593000000000009300877650400001014100004650004650004150000000000000000000100000001000000860120000000000000000000000000000000000000000000000000000000000000000000000000000000000000000000000006360010804865161476002206000000
002011066286209000117040990593000000000009300877650400001014100004650004650000500000000000000000000100000001000000860120000000000000000000000000000000000000000000000000000000000000000000000000000000000000000000000006360010804865161476002206000000
002011066286260700104088453693000000000027179730640400001002510004650004650004650000000000000000000100000001000000860120000000000000000000000000000000000000000000000000000000000000000000000000000000000000000000000006360010804865161476002206000000
002011066286264000104152948211000000000027699469520400001009170004650004650004650000000000000000000100000001000000860120000000000000000000000000000000000000000000000000000000000000000000000000000000000000000000000006360010804865161476002206000000
00300104000010000900041850000086012000000000000000000000000000000000000000000000006628638110000
00300101000010000200009300000086012000000000000000000000000000000000000000000000006628638110000
001001026000008601200406628638110000000000000000000000000000000000000000000000020290457400100100000
001001026000008601200306628638160000000000000000000000000000000000000000000000020290457400100100000
010001000000000000000000000000000000086012066286382300500000
001001026000008601200206628638320000000000000000000000000000000000000000000000020290457400100100000
010001000000000000000000000000000000086012066286383900400000
001001026000008601200106628638470000000000000000000000000000000000000000000000020290457400100100000
03400662853226000008601200005C06628532260662856507000008601204574I000000000000000000000100000050004650000000010000000104000001200046500000000100000001
03400662856935000008601200005C06628569350662859734000008601204574V0000000000000000000001000000100046010000000100000001010000001000465000000001000000010400000020004650000000010000000104000000200046500000000100000001
