1000020260000086058005063600108048651652380021300000
001001026000008605800206676557800000000097156000000000000000000000000000000000020230456800100000000
010001001026000009715600000085130000086058066765578600100000
010001001026000009715600000085130000086058066765579800200000
001001026000008605800306676558010260000097156000000851302600000971560000008513020230456800100020000
001001026000008605800406676558070260000097156000000851302600000971560000008513020230456800100020000
005001066765580800301001129641000000000008714386490400001000150000
001001026000008605800506676558130260000097156000000851302600000971560000008513020230456800100020000
00200306676558280030400520027200000000003569210246080000300593001685000000000000000000010000000100000086058026000009715600000085130260000097156000000851300000000000000000000006360010804865165238002130000000
00200306676558380030400426089100000000003399195238080000300772001685000000000000000000010000000100000086058026000009715600000085130260000097156000000851300000000000000000000006360010804865165238002130000000
00200306676558490150300254127300000000002051712428061201500880001685000000000000000000010000000100000086058026000009715600000085130260000097156000000851300000000000000000000006360010804865165238002130000000
002011066765586100104150244721000000000025952679120400001004010016850008650008550008550000000000000100000001000000860580260000097156000000851302600000971560000008513000000000000000000000300000000000000000000000000006360010804865165238002130000000
002011066765586800104084279419000000000008661197520400001003460016850016850016850000000000000000000100000001000000860580260000097156000000851302600000971560000008513000000000000000000000000000000000000000000000000006360010804865165238002130000000
00200306676558730030400465508100000000000519837123080000300899001685000000000000000000010000000100000086058026000009715600000085130260000097156000000851300000000000000000000006360010804865165238002130000000
002011066765588700104164081216000000000023141049040400001016500016850016850016850000000000000000000100000001000000860580260000097156000000851302600000971560000008513000000000000000000000000000000000000000000000000006360010804865165238002130000000
005001066765590201503002070009000000000034431583630614015000840000
00200306676559020150300207000900000000003443158363061301502986001685000000000000000000010000000100000086058026000009715600000085130260000097156000000851300000000000000000000006360010804865165238002130000000
0020020667655910015030020700090000000000344315836306140150225800168500000000000000000001000000010000008605802600000971560000008513026000009715600000085130063600108048651652380021300000
00200306676559190030400423723700000000002447139093080000301501001685000000000000000000010000000100000086058026000009715600000085130260000097156000000851300000000000000000000006360010804865165238002130000000
00200306676561900030400381969100000000003442759291080000304024001685000000000000000000010000000100000086058026000009715600000085130260000097156000000851300000000000000000000006360010804865165238002130000000
002011066765622400104086343963000000000019130604240400001008080016850016850016850000000000000000000100000001000000860580260000097156000000851302600000971560000008513000000000000000000000000000000000000000000000000006360010804865165238002130000000
005001066765653101503001460245000000000007263206380614015000840000
00200306676565310150300146024500000000000726320638061301500807001685000000000000000000010000000100000086058026000009715600000085130260000097156000000851300000000000000000000006360010804865165238002130000000
0020020667656540015030014602450000000000072632063806140150080400168500000000000000000001000000010000008605802600000971560000008513026000009715600000085130063600108048651652380021300000
002011066765676700104152577394000000000026681449680400001021870016850008650008550008550000000000000100000001000000860580260000097156000000851302600000971560000008513000000000000000000000300000000000000000000000000006360010804865165238002130000000
002011066765704800109166349349000000000008240410320100001027590016850008650008550008550000000000000100000001000000860580260000097156000000851302600000971560000008513000000000000000000000300000010000000000000000000106360010804865165238002130000000
005001066765915400301001129641000000000008714386490400001000150000
00300108000030000500000000000086058026000009715600000085130260000097156000000851306676591570000
00300106120150000100000000000086058026000009715600000085130260000097156000000851306676591570000
00300104000010000500067650000086058026000009715600000085130260000097156000000851306676591570000
00300106130150000200000000000086058026000009715600000085130260000097156000000851306676591570000
00300106140150000200000000000086058026000009715600000085130260000097156000000851306676591570000
00300101000010000100008550000086058026000009715600000085130260000097156000000851306676591570000
001001026000008605800406676591570260000097156000000851302600000971560000008513020230456800100120000
002011066765917300104165461365000000000023247455440400001012790016850016850016850000000000000000000100000001000000860580260000097156000000851302600000971560000008513000000000000000000000000000000000000000000000000006360010804865165238002130000000
002011066765917800104088311635000000000018488694480400001001360016850008650008550008550000000000000100000001000000860580260000097156000000851302600000971560000008513000000000000000000000300000000000000000000000000006360010804865165238002130000000
0020020667659199003010011296410000000000087143864901000030000000168500000000168500000001000000010000008605802600000971560000008513026000009715600000085130063600108048651652380021300000
002011066765920600117060086507000000000025043023850400001017220016850008650004500004500008550000000100000001000000860580260000097156000000851302600000971560000008513100000000000000000000300000000000000000000000000006360010804865165238002130000000
002011066765921200104164371788000000000023270085840400001029120016850008650004500004500008550000000100000001000000860580260000097156000000851302600000971560000008513100000000000000000000300000000000000000000000000006360010804865165238002130000000
002011066765922500104082519889000000000000846114000400001007630016850008650007450008550000000000000100000001000000860580260000097156000000851302600000971560000008513000000000000000000000300000000000000000000000000006360010804865165238002130000000
002011066765922500104082519889000000000000846114000400001007630016850008650001100008550000000000000100000001000000860580260000097156000000851302600000971560000008513000000000000000000000300000000000000000000000000006360010804865165238002130000000
005001066765923100109053336357000000000018204434640000000000150000
005001066765923200109053336357000000000018204434640100001000150000
005001066765923200109053336357000000000018204434640100001000150000
002011066765923400109053336357000000000018204434640100001000600016850008650004500004500008550000000100000001000000860580260000097156000000851302600000971560000008513100000000000000000000300000000000000000000000000006360010804865165238002130000000
005001066765924000109080080864000000000007006213841023001002300000
002011066765924300109080080864000000000007006213840100001005130016850008650004500004500008550000000100000001000000860580260000097156000000851302600000971560000008513100000000000000000000300000010000000000000000000106360010804865165238002130000000
002011066765924800109070619825000000000018859001040100001000290016850008650004500004500008550000000100000001000000860580260000097156000000851302600000971560000008513100000000000000000000300000000000000000000000000006360010804865165238002130000000
002011066765925400109008887366000000000012720502480100001001550016850008650008550008550000000000000100000001000000860580260000097156000000851302600000971560000008513000000000000000000000300000000000000000000000000006360010804865165238002130000000
005001066765926100204007614541000000000041393836050000000000150000
00200306676592610020400761454100000000004139383605080000209837001685000000000000000000010000000100000086058026000009715600000085130260000097156000000851300000000000000000000006360010804865165238002130000000
005001066765927500304004583224000000000006586254361021003000150000
00200306676592760030400458322400000000000658625436080000300504001685000000000000000000010000000100000086058026000009715600000085130260000097156000000851300000000000000000000006360010804865165238002130000000
002011066765928700109052401937000000000007594204880100001001750016850008650004250004250008550000000100000001000000860580260000097156000000851302600000971560000008513100000000000000000000300000000000000000000000000006360010804865165238002130000000
005001066765929100301001129641000000000008714386490400001000150000
00300104000010000500051250000086058026000009715600000085130260000097156000000851306676592960000
00300101000030000100016850000086058026000009715600000085130260000097156000000851306676592960000
00300101000010000500043150000086058026000009715600000085130260000097156000000851306676592960000
00300108000020000100000000000086058026000009715600000085130260000097156000000851306676592960000
00300108000030000100000000000086058026000009715600000085130260000097156000000851306676592960000
001001026000008605800506676592960260000097156000000851302600000971560000008513020230456800100120000
002011066765965100104165002867000000000022982656720400001018150016850008650008550008550000000000000100000001000000860580260000097156000000851302600000971560000008513000000000000000000000300000000000000000000000000006360010804865165238002130000000
002011066765965700117055410581000000000036067161900400001030960016850008650000000000000008550000000100000001000000860580260000097156000000851302600000971560000008513100000000000000000000300000000000000000000000000006360010804865165238002130000000
005001066765966800301001139779000000000002530270650400001000150000
005001066765967100301001139779000000000002530270650400001000150000
00200306676596720030100113977900000000000253027065070000301153001685000000000000000000010000000100000086058026000009715600000085130260000097156000000851300000000000000000000006360010804865165238002130000000
002011066765993100109108031031000000000018465488080100001003070016850008650008550008550000000000000100000001000000860580260000097156000000851302600000971560000008513000000000000000000000300000000000000000000000000006360010804865165238002130000000
005001066766257100301001129641000000000008714386490400001000150000
00300104000010000200017200000086058026000009715600000085130260000097156000000851306676625740000
00300107000030000100000000000086058026000009715600000085130260000097156000000851306676625740000
00300101000010000100008550000086058026000009715600000085130260000097156000000851306676625740000
001001026000008605800406676625740260000097156000000851302600000971560000008513020230456800100020000
005001066766257500301001129641000000000008714386490400001000150000
001001026000008605800306676625780260000097156000000851302600000971560000008513020230456800100020000
02000100106676625880030100112964100000000000871438649026000009715600000085130030301000008605802600000971560000008513026000009715600000085130000
0210010300070000086058026000009715600000085130260000097156000000851306676625880000
0210010400040000086058026000009715600000085130260000097156000000851306676625880000
0210010800010000086058026000009715600000085130260000097156000000851306676625880000
0210010900010000086058026000009715600000085130260000097156000000851306676625880000
0210011000020000086058026000009715600000085130260000097156000000851306676625880000
0210011100020000086058026000009715600000085130260000097156000000851306676625880000
0210012500150000086058026000009715600000085130260000097156000000851306676625880000
010001001026000009715600000085130000086058066766258800500000
001001026000008605800206676625910260000097156000000851300000000000000000000000020230456800100020000
010001001026000009715600000085130000086058066766259700400000
001001026000008605800106676626020000000097156000000000000000000000000000000000020230456800100020000
03400667659157000008605800004T06676591570667659296000008605804568V0000097156000009715601000000100042510000000100000001010000001000855000000001000000010100000030004501000000010000000101000000100168500000000100000001040000001000110000000001000000010400000010007450000000010000000104000000200045010000000100000001040000001000855000000001000000010400000010016850000000010000000108000000200000000000000100000001
03400667655813000008605800005C06676558130667659157000008605804568I0000097156000009715601000000100085500000000100000001040000003001685000000001000000010400000020008550000000010000000106120000100000000000000100000001061300002000000000000001000000010614000020000000000000010000000108000000500000000000000100000001
03400667659296000008605800005C06676592960667662574000008605804568V0000097156000009715601000000100085500000000100000001040000001000000100000001000000010400000010008550000000010000000107000000100000000000000100000001
