1000020260000086072005063600108048651590220022150000
0450010000000000000000000106674712530000
0450010000000002000000000106674725250000
0450010000000002000000000106674737970000
0450010000000002000000000106674750680000
0450010000000002000000000106674763560000
0450010000000002000000000106674776270000
0450010000000002000000000106674789160000
0450010000000002000000000106674802040000
0450010000000002000000000106674814930000
0450010000000002000000000106675017830000
0450010000000002000000000106675030550000
0450010000000002000000000106675585390000
0450010000000002000000000106676006770000
0450010000000002000000000106676073840000
001001026000008607200206676136250000000050410000000000000000000000000000000000020430458800100000000
010001001026000005041000000061640000086072066761363100100000
010001001026000005041000000061640000086072066761364100200000
001001026000008607200306676136440260000050410000000616402600000504100000006164020430458800100010000
001001026000008607200406676154320260000050410000000616402600000504100000006164020430458800100010000
001001026000008607200506676162580260000050410000000616402600000504100000006164020430458800100010000
002011066761645900104084025701000000000009348163280400001015020025000012250008550008550000000000000100000001000000860720260000050410000000616402600000504100000006164000000000000000000000300000000000000000000000000006360010804865159022002215000000
002011066761647700104152337547000000000026121603280400001029800025000012250008550008550000000000000100000001000000860720260000050410000000616402600000504100000006164000000000000000000000300000000000000000000000000006360010804865159022002215000000
002011066761660100109054965498000000000017727818960100001005070025000012250008550008550000000000000100000001000000860720260000050410000000616402600000504100000006164000000000000000000000300000000000000000000000000006360010804865159022002215000000
002011066761663600109073195996000000000024642130640100001002440025000012250008550008550000000000000100000001000000860720260000050410000000616402600000504100000006164000000000000000000000300000000000000000000000000006360010804865159022002215000000
002011066761664000109128613409000000000005995699920100001004520025000012250008550008550000000000000100000001000000860720260000050410000000616402600000504100000006164000000000000000000000300000010000000000000000000206360010804865159022002215000000
002011066761664800104152731016000000000024803331280400001047030025000012250008550008550000000000000100000001000000860720260000050410000000616402600000504100000006164000000000000000000000300000000000000000000000000006360010804865159022002215000000
002011066761675200104088597628000000000029377365200400001001340025000012250008550008550000000000000100000001000000860720260000050410000000616402600000504100000006164000000000000000000000300000000000000000000000000006360010804865159022002215000000
00200306676167910030100082259900000000000330519564070100307057002500000000000000000000010000000100000086072026000005041000000061640260000050410000000616400000000000000000000006360010804865159022002215000000
002011066761683200104163200092000000000017801549520400001069950025000012250008550008550000000000000100000001000000860720260000050410000000616402600000504100000006164000000000000000000000300000000000000000000000000006360010804865159022002215000000
002011066761683500104152403787000000000025368205520400001000350025000025000025000000000000000000000100000001000000860720260000050410000000616402600000504100000006164000000000000000000000000000000000000000000000000006360010804865159022002215000000
0020020667616962003010010861870000000000111019399401000030000000250000000000250000000001000000010000008607202600000504100000006164026000005041000000061640063600108048651590220022150000
002011066761718400109162192496000000000000336932560100001002100025000012250008550008550000000000000100000001000000860720260000050410000000616402600000504100000006164000000000000000000000300000000000000000000000000006360010804865159022002215000000
002011066761719000104153008008000000000026784156880400001092910025000012250008550008550000000000000100000001000000860720260000050410000000616402600000504100000006164000000000000000000000300000000000000000000000000006360010804865159022002215000000
005001066761719900104085639257000000000018939705040400001000150000
005001066761719900104085639257000000000018939705040400001000150000
002011066761720100104085639257000000000018939705040400001015630025000012250008550008550000000000000100000001000000860720260000050410000000616402600000504100000006164000000000000000000000300000000000000000000000000006360010804865159022002215000000
002011066761722100104085228923000000000016029786320400001002180025000012250008550008550000000000000100000001000000860720260000050410000000616402600000504100000006164000000000000000000000300000000000000000000000000006360010804865159022002215000000
002011066761723600109127209621000000000003019013840100001007960025000012250008550008550000000000000100000001000000860720260000050410000000616402600000504100000006164000000000000000000000300000010000000000000000000106360010804865159022002215000000
002011066761733100104165251832000000000016308511440400001013850025000012250008550008550000000000000100000001000000860720260000050410000000616402600000504100000006164000000000000000000000300000000000000000000000000006360010804865159022002215000000
002011066761733900104165251867000000000016298596560400001008680025000012250008550008550000000000000100000001000000860720260000050410000000616402600000504100000006164000000000000000000000300000000000000000000000000006360010804865159022002215000000
002011066761738800109008936375000000000009829563600100001009030025000012250008550008550000000000000100000001000000860720260000050410000000616402600000504100000006164000000000000000000000300000000000000000000000000006360010804865159022002215000000
002011066761739800104088291057000000000018097818320400001003530025000012250008550008550000000000000100000001000000860720260000050410000000616402600000504100000006164000000000000000000000300000000000000000000000000006360010804865159022002215000000
002011066761751500104161084559000000000027783885520400001016950025000012250008550008550000000000000100000001000000860720260000050410000000616402600000504100000006164000000000000000000000300000000000000000000000000006360010804865159022002215000000
002011066761792500104163324522000000000017645824720400001042230025000012250008550008550000000000000100000001000000860720260000050410000000616402600000504100000006164000000000000000000000300000000000000000000000000006360010804865159022002215000000
002011066761823100109128337071000000000002398180560100001008530025000012250008550008550000000000000100000001000000860720260000050410000000616402600000504100000006164000000000000000000000300000000000000000000000000006360010804865159022002215000000
002011066761866300104152358692000000000023735486160400001001680025000012250008550008550000000000000100000001000000860720260000050410000000616402600000504100000006164000000000000000000000300000000000000000000000000006360010804865159022002215000000
002011066761884500104083530215000000000011940501200400001007610025000012250008550008550000000000000100000001000000860720260000050410000000616402600000504100000006164000000000000000000000300000000000000000000000000006360010804865159022002215000000
002011066761892800104089440765000000000033136036560400001004030025000012250008550008550000000000000100000001000000860720260000050410000000616402600000504100000006164000000000000000000000300000000000000000000000000006360010804865159022002215000000
002011066761919400104166381144000000000023339577040400001066360025000012250002650008550000000000000100000001000000860720260000050410000000616402600000504100000006164000000000000000000000300000000000000000000000000006360010804865159022002215000000
002011066761919400104166381144000000000023339577040400001066360025000012250005900008550000000000000100000001000000860720260000050410000000616402600000504100000006164000000000000000000000300000000000000000000000000006360010804865159022002215000000
002011066761934300104166708054000000000023526408400400001108280025000012250008550008550000000000000100000001000000860720260000050410000000616402600000504100000006164000000000000000000000300000000000000000000000000006360010804865159022002215000000
00200306676198230020100480147600000000000871963801070100200097002500000000000000000000010000000100000086072026000005041000000061640260000050410000000616400000000000000000000006360010804865159022002215000000
00300104000010001900178900000086072026000005041000000061640260000050410000000616406676214750000
00300101000010000700059850000086072026000005041000000061640260000050410000000616406676214750000
00300107010030000100000000000086072026000005041000000061640260000050410000000616406676214750000
00300101000030000100025000000086072026000005041000000061640260000050410000000616406676214750000
00300107010020000100000000000086072026000005041000000061640260000050410000000616406676214750000
001001026000008607200406676214750260000050410000000616402600000504100000006164020430458800100110000
001001026000008607200506676221620260000050410000000616402600000504100000006164020430458800100110000
002011066762217000109056390875000000000016725212880100001001030025000012250008550008550000000000000100000001000000860720260000050410000000616402600000504100000006164000000000000000000000300000000000000000000000000006360010804865159022002215000000
002011066762217700104153186216000000000027769792720400001026080025000012250004500004500008550000000100000001000000860720260000050410000000616402600000504100000006164100000000000000000000300000000000000000000000000006360010804865159022002215000000
002011066762346000109125246944000000000006492506320100001003840025000012250000000000000008550000000100000001000000860720260000050410000000616402600000504100000006164100000000000000000000300000000000000000000000000006360010804865159022002215000000
002011066762346600117044829762000000000019833894150400001063020025000012250004500004500008550000000100000001000000860720260000050410000000616402600000504100000006164100000000000000000000300000000000000000000000000006360010804865159022002215000000
002011066762347200109129987868000000000010961436880100001007480025000012250004500004500008550000000100000001000000860720260000050410000000616402600000504100000006164100000000000000000000300000000000000000000000000006360010804865159022002215000000
00200306676234970150300218860300000000001201548038061201502380002500000000000000000000010000000100000086072026000005041000000061640260000050410000000616400000000000000000000006360010804865159022002215000000
00200306676240520020100480147600000000000871963801070100200099002500000000000000000000010000000100000086072026000005041000000061640260000050410000000616400000000000000000000006360010804865159022002215000000
002011066762406200109106759192000000000013782003920100001013850025000012250000000000000008550000000100000001000000860720260000050410000000616402600000504100000006164100000000000000000000300000000000000000000000000006360010804865159022002215000000
00200306676249220030400304038300000000000333966620080000312418002500000000000000000000010000000100000086072026000005041000000061640260000050410000000616400000000000000000000006360010804865159022002215000000
005001066762554900305000419843000000000014043139450400001000150000
005001066762554900305000419843000000000014043139451001003000150000
00200306676255510030500041984300000000001404313945071000300575002500000000000000000000010000000100000086072026000005041000000061640260000050410000000616400000000000000000000006360010804865159022002215000000
00300101000010000400045300000086072026000005041000000061640260000050410000000616406676275850000
00300104000010000200024500000086072026000005041000000061640260000050410000000616406676275850000
00300106120150000100000000000086072026000005041000000061640260000050410000000616406676275850000
00300107010020000100000000000086072026000005041000000061640260000050410000000616406676275850000
00300108000030000100000000000086072026000005041000000061640260000050410000000616406676275850000
00300107100030000100000000000086072026000005041000000061640260000050410000000616406676275850000
001001026000008607200406676275850260000050410000000616402600000504100000006164020430458800100010000
001001026000008607200506676283590260000050410000000616402600000504100000006164020430458800100010000
0020020667628608003010010861870000000000111019399401000030000000250000000000250000000001000000010000008607202600000504100000006164026000005041000000061640063600108048651590220022150000
00200306676287400030400406587800000000000572398979080000303136002500000000000000000000010000000100000086072026000005041000000061640260000050410000000616400000000000000000000006360010804865159022002215000000
002011066762893600109164685287000000000005726003920100001002010025000012250008550008550000000000000100000001000000860720260000050410000000616402600000504100000006164000000000000000000000300000010000000000000000000106360010804865159022002215000000
00200306676289760030400478854300000000001547916130080000304582002500000000000000000000010000000100000086072026000005041000000061640260000050410000000616400000000000000000000006360010804865159022002215000000
0020020667629001003010010861870000000000111019399401000030000000250000000000250000000001000000010000008607202600000504100000006164026000005041000000061640063600108048651590220022150000
002011066762925800104151664421000000000025351437520400001000960025000012250001650008550000000000000100000001000000860720260000050410000000616402600000504100000006164000000000000000000000300000000000000000000000000006360010804865159022002215000000
002011066762925800104151664421000000000025351437520400001000960025000012250006900008550000000000000100000001000000860720260000050410000000616402600000504100000006164000000000000000000000300000000000000000000000000006360010804865159022002215000000
00200306676292710030400535534900000000001983035234080000300008002500000000000000000000010000000100000086072026000005041000000061640260000050410000000616400000000000000000000006360010804865159022002215000000
00200306676292840030100103324500000000003148568702070100304554002500000000000000000000010000000100000086072026000005041000000061640260000050410000000616400000000000000000000006360010804865159022002215000000
002011066762929500104161472052000000000025050371280400001052300025000012250008550008550000000000000100000001000000860720260000050410000000616402600000504100000006164000000000000000000000300000000000000000000000000006360010804865159022002215000000
002011066762930300109051185033000000000009337470160100001004200025000012250008550008550000000000000100000001000000860720260000050410000000616402600000504100000006164000000000000000000000300000000000000000000000000006360010804865159022002215000000
002011066762937000109051185041000000000009307569360100001016190025000025000025000000000000000000000100000001000000860720260000050410000000616402600000504100000006164000000000000000000000000000000000000000000000000006360010804865159022002215000000
002011066762937800104165982101000000000024275157200400001053680025000012250008550008550000000000000100000001000000860720260000050410000000616402600000504100000006164000000000000000000000300000000000000000000000000006360010804865159022002215000000
002011066762938400104164137696000000000017662295760400001078850025000012250008550008550000000000000100000001000000860720260000050410000000616402600000504100000006164000000000000000000000300000000000000000000000000006360010804865159022002215000000
002011066762945800104086882473000000000016756378320400001002750025000012250004910008550000000000000100000001000000860720260000050410000000616402600000504100000006164000000000000000000000300000000000000000000000000006360010804865159022002215000000
002011066762945800104086882473000000000016756378320400001002750025000012250003640008550000000000000100000001000000860720260000050410000000616402600000504100000006164000000000000000000000300000000000000000000000000006360010804865159022002215000000
0020020667629519003010010861870000000000111019399401000030000000250000000000250000000001000000010000008607202600000504100000006164026000005041000000061640063600108048651590220022150000
002011066762952800104163027544000000000017766024400400001016690025000012250008550008550000000000000100000001000000860720260000050410000000616402600000504100000006164000000000000000000000300000000000000000000000000006360010804865159022002215000000
002011066762981900104164388672000000000024090775760400001014270025000012250008550008550000000000000100000001000000860720260000050410000000616402600000504100000006164000000000000000000000300000000000000000000000000006360010804865159022002215000000
0020020667629877003010010861870000000000111019399401000030000000250000000000250000000001000000010000008607202600000504100000006164026000005041000000061640063600108048651590220022150000
005001066763003900304003880993000000000039319001490000000000150000
005001066763004400304003880993000000000039319001490800003000150000
00200306676300450030400388099300000000003931900149080000301447002500000000000000000000010000000100000086072026000005041000000061640260000050410000000616400000000000000000000006360010804865159022002215000000
005001066763025400109124364201000000000003939651281023001002300000
002011066763025600109124364201000000000003939651280100001010260025000012250008550008550000000000000100000001000000860720260000050410000000616402600000504100000006164000000000000000000000300000000000000000000000000006360010804865159022002215000000
00200306676302690030400519029300000000002523831562080000300085002500000000000000000000010000000100000086072026000005041000000061640260000050410000000616400000000000000000000006360010804865159022002215000000
00200306676305420030400449103600000000001108988250080000301466002500000000000000000000010000000100000086072026000005041000000061640260000050410000000616400000000000000000000006360010804865159022002215000000
002011066763069600109055733621000000000007735591120100001003210025000012250008550008550000000000000100000001000000860720260000050410000000616402600000504100000006164000000000000000000000300000010000000000000000000106360010804865159022002215000000
002011066763107000104088959309000000000027162947280400001004160025000012250008550008550000000000000100000001000000860720260000050410000000616402600000504100000006164000000000000000000000300000000000000000000000000006360010804865159022002215000000
002011066763137500104161190391000000000028327772880400001019260025000012250008550008550000000000000100000001000000860720260000050410000000616402600000504100000006164000000000000000000000300000000000000000000000000006360010804865159022002215000000
002011066763155900104165824441000000000024137905360400001066030025000012250003000003000008550000000100000001000000860720260000050410000000616402600000504100000006164100000000000000000000300000000000000000000000000006360010804865159022002215000000
002011066763201200104157475131000000000027519980240400001021450025000012250008550008550000000000000100000001000000860720260000050410000000616402600000504100000006164000000000000000000000300000000000000000000000000006360010804865159022002215000000
00300101000030000400100000000086072026000005041000000061640260000050410000000616406676335120000
00300108000030000600000000000086072026000005041000000061640260000050410000000616406676335120000
00300101000010000500059200000086072026000005041000000061640260000050410000000616406676335120000
00300104000010001100097750000086072026000005041000000061640260000050410000000616406676335120000
00300107010030000100000000000086072026000005041000000061640260000050410000000616406676335120000
001001026000008607200406676335120260000050410000000616402600000504100000006164020430458800100110000
001001026000008607200506676337540260000050410000000616402600000504100000006164020430458800100110000
002011066763376100104088785297000000000027159803600400001003060025000025000025000000000000000000000100000001000000860720260000050410000000616402600000504100000006164000000000000000000000000000000000000000000000000006360010804865159022002215000000
002011066763376700104084516331000000000016022733520400001008150025000012250004500004500008550000000100000001000000860720260000050410000000616402600000504100000006164100000000000000000000300000000000000000000000000006360010804865159022002215000000
002011066763377300109068781271000000000019145401040100001001830025000025000025000000000000000000000100000001000000860720260000050410000000616402600000504100000006164000000000000000000000000000000000000000000000000006360010804865159022002215000000
002011066763378100109069808377000000000017513559760100001004700025000012250004500004500008550000000100000001000000860720260000050410000000616402600000504100000006164100000000000000000000300000000000000000000000000006360010804865159022002215000000
0020020667633800003010010861870000000000111019399401000030000000250000000000250000000001000000010000008607202600000504100000006164026000005041000000061640063600108048651590220022150000
002011066763447400109055731482000000000007755024080100001004070025000012250004500004500008550000000100000001000000860720260000050410000000616402600000504100000006164100000000000000000000300000000000000000000000000006360010804865159022002215000000
002011066763506600104088120881000000000016628306640400001000620025000012250000000000000008550000000100000001000000860720260000050410000000616402600000504100000006164100000000000000000000300000000000000000000000000006360010804865159022002215000000
00200306676361670030400513031200000000000456202057080000300555002500000000000000000000010000000100000086072026000005041000000061640260000050410000000616400000000000000000000006360010804865159022002215000000
002011066763647400109081190639000000000006743145680100001009910025000012250008550008550000000000000100000001000000860720260000050410000000616402600000504100000006164000000000000000000000300000000000000000000000000006360010804865159022002215000000
00200306676366040030100055270200000000003775037884070100310347002500000000000000000000010000000100000086072026000005041000000061640260000050410000000616400000000000000000000006360010804865159022002215000000
002011066763702000104083315268000000000006647844560400001011410025000012250008550008550000000000000100000001000000860720260000050410000000616402600000504100000006164000000000000000000000300000000000000000000000000006360010804865159022002215000000
002011066763704000104087869241000000000016746353360400001006940025000012250008550008550000000000000100000001000000860720260000050410000000616402600000504100000006164000000000000000000000300000000000000000000000000006360010804865159022002215000000
00300104000010000500066600000086072026000005041000000061640260000050410000000616406676389190000
00300101000010000400058050000086072026000005041000000061640260000050410000000616406676389190000
00300101000030000100025000000086072026000005041000000061640260000050410000000616406676389190000
00300108000030000100000000000086072026000005041000000061640260000050410000000616406676389190000
00300107010030000100000000000086072026000005041000000061640260000050410000000616406676389190000
001001026000008607200406676389190260000050410000000616402600000504100000006164020430458800100010000
001001026000008607200306676389230260000050410000000616402600000504100000006164020430458800100010000
001001026000008607200206676389260260000050410000000616402600000504100000006164020430458800100010000
010001001026000005041000000061640000086072066763893200400000
02000100106676389460030100108618700000000001110193994026000005041000000061640041301000008607202600000504100000006164026000005041000000061640000
0210010300080000086072026000005041000000061640260000050410000000616406676389460000
0210010400020000086072026000005041000000061640260000050410000000616406676389460000
0210010500010000086072026000005041000000061640260000050410000000616406676389460000
0210010800050000086072026000005041000000061640260000050410000000616406676389460000
0210010900010000086072026000005041000000061640260000050410000000616406676389460000
0210011800020000086072026000005041000000061640260000050410000000616406676389460000
0210012500530000086072026000005041000000061640260000050410000000616406676389460000
010001001026000005041000000061640000086072066763894600500000
001001026000008607200106676389490000000050410000000000000000000000000000000000020430458800100010000
03400667616258000008607200005C06676162580667621475000008607204588I0000050410000005041001000000600250000000000100000001010000011000855000000001000000010400000010025000000000010000000104000000100026500000000100000001040000001000590000000001000000010400000250008550000000010000000107010000300000000000000100000001
03400667622162000008607200005C06676221620667627585000008607204588V0000050410000005041001000000300045010000000100000001010000002000000100000001000000010100000020008550000000010000000104000000300045010000000100000001061200001000000000000001000000010701000020000000000000010000000107100000100000000000000100000001080000002000000000000001000000010800000020000000000000010000000108000000200000000000000100000001
