1000020260000086059005063600108005701973880025080000
001001026000008605900206676692720000000101432000000000000000000000000000000000020590460400100000000
010001001026000010143200000088860000086059066766930200100000
010001001026000010143200000088860000086059066766936400200000
001001026000008605900306676693730260000101432000000888602600001014320000008886020590460400100020000
001001026000008605900406676693790260000101432000000888602600001014320000008886020590460400100020000
005001066766939100301001090281000000000003233744250400001000150000
001001026000008605900506676693950260000101432000000888602600001014320000008886020590460400100020000
002011066766985600104166736163000000000018662257360400001019880016850008650008550008550000000000000100000001000000860590260000101432000000888602600001014320000008886000000000000000000000300000000000000000000000000006360010800570197388002508000000
002011066766987400104087735059000000000015971464400400001005850016850008650008550008550000000000000100000001000000860590260000101432000000888602600001014320000008886000000000000000000000300000000000000000000000000006360010800570197388002508000000
002011066766992200104081641486000000000002105273040400001009610016850008650008550008550000000000000100000001000000860590260000101432000000888602600001014320000008886000000000000000000000300000000000000000000000000006360010800570197388002508000000
002011066767012300104089081171000000000023687432400400001001260016850016850016850000000000000000000100000001000000860590260000101432000000888602600001014320000008886000000000000000000000000000000000000000000000000006360010800570197388002508000000
0020020667670253003010010902810000000000032337442501000030000000168500000000168500000001000000010000008605902600001014320000008886026000010143200000088860063600108005701973880025080000
002011066767045700104164566198000000000023099748560400001089080016850016850016850000000000000000000100000001000000860590260000101432000000888602600001014320000008886000000000000000000000000000000000000000000000000006360010800570197388002508000000
002011066767046400117034955358000000000004684248850400001025850016850008650008550008550000000000000100000001000000860590260000101432000000888602600001014320000008886000000000000000000000300000000000000000000000000006360010800570197388002508000000
005001066767046900104164926712000000000022019052810000000000150000
005001066767047100104164926712000000000022966075600400001000150000
005001066767047100104164926712000000000022966075600400001000150000
005001066767047500104164926712000000000022966075601023001000150000
002011066767047700104164926712000000000022966075600400001022280016850008650008550008550000000000000100000001000000860590260000101432000000888602600001014320000008886000000000000000000000300000000000000000000000000006360010800570197388002508000000
005001066767048200117025029561000000000021486287100000000000150000
005001066767048300117025029561000000000021486287100400001000150000
005001066767048300117025029561000000000021486287100400001000150000
002011066767048400117025029561000000000021486287100400001046570016850008650008550008550000000000000100000001000000860590260000101432000000888602600001014320000008886000000000000000000000300000000000000000000000000006360010800570197388002508000000
0020020667670497003010010902810000000000032337442501000030000000168500000000168500000001000000010000008605902600001014320000008886026000010143200000088860063600108005701973880025080000
0020020667670533003010010902810000000000032337442501000030000000168500000000168500000001000000010000008605902600001014320000008886026000010143200000088860063600108005701973880025080000
002011066767064300109125666481000000000006303760080100001031230016850008650008550008550000000000000100000001000000860590260000101432000000888602600001014320000008886000000000000000000000300000010000000000000000000106360010800570197388002508000000
002011066767064900104162427875000000000028320699600400001006980016850008650008550008550000000000000100000001000000860590260000101432000000888602600001014320000008886000000000000000000000300000000000000000000000000006360010800570197388002508000000
002011066767065800104152676961000000000024926838480400001015100016850008650008550008550000000000000100000001000000860590260000101432000000888602600001014320000008886000000000000000000000300000000000000000000000000006360010800570197388002508000000
0020020667671616003010010902810000000000032337442501000030000000168500000000168500000001000000010000008605902600001014320000008886026000010143200000088860063600108005701973880025080000
005001066767359700301001090281000000000003233744250400001000150000
00300104000010001000102100000086059026000010143200000088860260000101432000000888606676736000000
00300101000030000400067400000086059026000010143200000088860260000101432000000888606676736000000
00300101000010000100008550000086059026000010143200000088860260000101432000000888606676736000000
001001026000008605900406676736000260000101432000000888602600001014320000008886020590460400100120000
005001066767360100301001090281000000000003233744250400001000150000
001001026000008605900506676736060260000101432000000888602600001014320000008886020590460400100120000
002011066767401300104157492591000000000026766474960400001037640016850008650000000000000008550000000100000001000000860590260000101432000000888602600001014320000008886100000000000000000000300000000000000000000000000006360010800570197388002508000000
002011066767401900104157494535000000000027123554000400001039690016850016850016850000000000000000000100000001000000860590260000101432000000888602600001014320000008886000000000000000000000000000000000000000000000000006360010800570197388002508000000
0020020667674036003010010902810000000000032337442501000030000000168500000000168500000001000000010000008605902600001014320000008886026000010143200000088860063600108005701973880025080000
005001066767404100109076025021000000000031373619921023001000150000
002011066767404300109076025021000000000031373619920100001000350016850008650000000000000008550000000100000001000000860590260000101432000000888602600001014320000008886100000000000000000000300000000000000000000000000006360010800570197388002508000000
0020020667674059003010010902810000000000032337442501000030000000168500000000168500000001000000010000008605902600001014320000008886026000010143200000088860063600108005701973880025080000
002011066767406700109126293491000000000003223045840100001004930016850008650008550008550000000000000100000001000000860590260000101432000000888602600001014320000008886000000000000000000000300000010000000000000000000106360010800570197388002508000000
002011066767407600104156981416000000000026346258640400001000160016850008650008550008550000000000000100000001000000860590260000101432000000888602600001014320000008886000000000000000000000300000000000000000000000000006360010800570197388002508000000
005001066767409000104152611134000000000027762681041023001002300000
002011066767409200104152611134000000000027762681040400001027720016850008650004500004500008550000000100000001000000860590260000101432000000888602600001014320000008886100000000000000000000300000000000000000000000000006360010800570197388002508000000
002011066767410100104164137874000000000024207857360400001033630016850008650004500004500008550000000100000001000000860590260000101432000000888602600001014320000008886100000000000000000000300000000000000000000000000006360010800570197388002508000000
002011066767410800104164152512000000000017655560400400001050050016850008650004500004500008550000000100000001000000860590260000101432000000888602600001014320000008886100000000000000000000300000000000000000000000000006360010800570197388002508000000
002011066767411900104165708514000000000023968205520400001009840016850016850016850000000000000000000100000001000000860590260000101432000000888602600001014320000008886000000000000000000000000000000000000000000000000006360010800570197388002508000000
00200306676741610020401097047500000000003040568274080000211841001685000000000000000000010000000100000086059026000010143200000088860260000101432000000888600000000000000000000006360010800570197388002508000000
002011066767418600104152548696000000000024918636240400001044830016850008650004500004500008550000000100000001000000860590260000101432000000888602600001014320000008886100000000000000000000300000000000000000000000000006360010800570197388002508000000
005001066767770300301001090281000000000003233744250400001000150000
00300104000010000800085500000086059026000010143200000088860260000101432000000888606676777060000
00300101000030000200033700000086059026000010143200000088860260000101432000000888606676777060000
00300101000010000200017200000086059026000010143200000088860260000101432000000888606676777060000
00300108000020000100000000000086059026000010143200000088860260000101432000000888606676777060000
001001026000008605900406676777060260000101432000000888602600001014320000008886020590460400100020000
005001066767770700301001090281000000000003233744250400001000150000
001001026000008605900306676777110260000101432000000888602600001014320000008886020590460400100020000
02000100106676777210030100109028100000000000323374425026000010143200000088860064703000008605902600001014320000008886026000010143200000088860000
0210010300010000086059026000010143200000088860260000101432000000888606676777210000
0210010400040000086059026000010143200000088860260000101432000000888606676777210000
0210012500170000086059026000010143200000088860260000101432000000888606676777210000
010001001026000010143200000088860000086059066767772100500000
001001026000008605900206676777250260000101432000000888600000000000000000000000020590460400100020000
010001001026000010143200000088860000086059066767773100400000
001001026000008605900106676777360000000101432000000000000000000000000000000000020590460400100020000
03400667669395000008605900005C06676693950667673600000008605904604I0000101432000010143201000000400168500000000100000001010000001000855000000001000000010400000080008550000000010000000104000000200168500000000100000001
03400667673606000008605900005C06676736060667677706000008605904604V0000101432000010143201000000100000010000000100000001010000001000855000000001000000010100000020016850000000010000000104000000400045010000000100000001040000001000855000000001000000010400000020016850000000010000000104000000100000010000000100000001080000001000000000000001000000010800000010000000000000010000000108000000100000000000000100000001080000001000000000000001000000010800000010000000000000010000000108000000100000000000000100000001
