1000020260000086064005063600108005701968330026980000
0450010000000002000000000106675710290000
0450010000000002000000000106675723160000
0450010000000002000000000106675790220000
0450010000000002000000000106675802950000
0450010000000002000000000106675815820000
0450010000000002000000000106675828540000
0450010000000002000000000106675841410000
0450010000000002000000000106675854120000
0450010000000002000000000106676002990000
0450010000000002000000000106676015870000
0450010000000002000000000106676028730000
0450010000000002000000000106676041450000
0450010000000002000000000106676054320000
0450010000000002000000000106676067030000
0450010000000002000000000106676079890000
0450010000000002000000000106676092600000
0450010000000002000000000106676105530000
0450010000000002000000000106676118440000
0450010000000002000000000106676131160000
0450010000000002000000000106676144030000
0450010000000002000000000106676156740000
0450010000000002000000000106676169450000
001001026000008606400206676178120000000075950000000000000000000000000000000000020430458800100000000
010001001026000007595000000073750000086064066761781800100000
010001001026000007595000000073750000086064066761782900200000
001001026000008606400306676178330260000075950000000737502600000759500000007375020430458800100010000
001001026000008606400406676178390260000075950000000737502600000759500000007375020430458800100010000
001001026000008606400506676178440260000075950000000737502600000759500000007375020430458800100010000
005001066761906300104152620958000000000024879048401023001002300000
002011066761906600104152620958000000000024879048400400001027980025000025000025000000000000000000000100000001000000860640260000075950000000737502600000759500000007375000000000000000000000000000000000000000000000000006360010800570196833002698000000
0020020667619070003010008846160000000000213849686001000030000000250000000000250000000001000000010000008606402600000759500000007375026000007595000000073750063600108005701968330026980000
002011066761908100117055831208000000000042419145350400001021330025000012250008550008550000000000000100000001000000860640260000075950000000737502600000759500000007375000000000000000000000300000000000000000000000000006360010800570196833002698000000
00200306676191190020401531643900000000001335064571080000200766002500000000000000000000010000000100000086064026000007595000000073750260000075950000000737500000000000000000000006360010800570196833002698000000
00200306676191390020401355442100000000004133279844080000201853002500000000000000000000010000000100000086064026000007595000000073750260000075950000000737500000000000000000000006360010800570196833002698000000
002011066761920500104153392215000000000027858514640400001024720025000025000025000000000000000000000100000001000000860640260000075950000000737502600000759500000007375000000000000000000000000000000000000000000000000006360010800570196833002698000000
005001066761921100104152461973000000000027863908561022001000150000
005001066761921600104152461973000000000027863908560400001000150000
005001066761921600104152461973000000000027863908560400001000360000
005001066761922000104152461973000000000027863908560400001000150000
002011066761922100104152461973000000000027863908560400001038290025000012250008550008550000000000000100000001000000860640260000075950000000737502600000759500000007375000000000000000000000300000000000000000000000000006360010800570196833002698000000
002011066761928100117034390482000000000007753373970400001039910025000012250008550008550000000000000100000001000000860640260000075950000000737502600000759500000007375000000000000000000000300000000000000000000000000006360010800570196833002698000000
002011066761928900104160689783000000000027017516240400001012750025000012250008550008550000000000000100000001000000860640260000075950000000737502600000759500000007375000000000000000000000300000000000000000000000000006360010800570196833002698000000
002011066761942000104158363541000000000025610988240400001067570025000012250008550008550000000000000100000001000000860640260000075950000000737502600000759500000007375000000000000000000000300000000000000000000000000006360010800570196833002698000000
002011066761947300104164114491000000000024216858320400001033370025000012250002100008550000000000000100000001000000860640260000075950000000737502600000759500000007375000000000000000000000300000000000000000000000000006360010800570196833002698000000
002011066761947300104164114491000000000024216858320400001033370025000012250006450008550000000000000100000001000000860640260000075950000000737502600000759500000007375000000000000000000000300000000000000000000000000006360010800570196833002698000000
002011066761947900104160729017000000000026698317520400001076790025000025000025000000000000000000000100000001000000860640260000075950000000737502600000759500000007375000000000000000000000000000000000000000000000000006360010800570196833002698000000
005001066761964100104161869262000000000025196224721023001002300000
005001066761964400104161869262000000000025196224721023001002300000
002011066761965100104161869262000000000025196224720400001063680025000012250008550008550000000000000100000001000000860640260000075950000000737502600000759500000007375000000000000000000000300000000000000000000000000006360010800570196833002698000000
002011066761966300104089152093000000000027367603920400001000700025000025000025000000000000000000000100000001000000860640260000075950000000737502600000759500000007375000000000000000000000000000000000000000000000000006360010800570196833002698000000
005001066761966900109152343467000000000004031911121023001002300000
005001066761967100109152343467000000000004031911121023001002300000
002011066761967300109152343467000000000004031911120100001001410025000012250008550008550000000000000100000001000000860640260000075950000000737502600000759500000007375000000000000000000000300000000000000000000000000006360010800570196833002698000000
002011066761968000117040695869000000000009252796370400001026340025000025000025000000000000000000000100000001000000860640260000075950000000737502600000759500000007375000000000000000000000000000000000000000000000000006360010800570196833002698000000
002011066761968700104163897352000000000023096423120400001052540025000012250008550008550000000000000100000001000000860640260000075950000000737502600000759500000007375000000000000000000000300000000000000000000000000006360010800570196833002698000000
002011066761969400119007675931000000000025910960500400001036090025000012250008550008550000000000000100000001000000860640260000075950000000737502600000759500000007375000000000000000000000300000000000000000000000000006360010800570196833002698000000
002011066761970200104085107051000000000019290043600400001001140025000012250008550008550000000000000100000001000000860640260000075950000000737502600000759500000007375000000000000000000000300000000000000000000000000006360010800570196833002698000000
002011066761982400104161716016000000000025060775120400001037060025000012250008550008550000000000000100000001000000860640260000075950000000737502600000759500000007375000000000000000000000300000000000000000000000000006360010800570196833002698000000
002011066761987000117035128511000000000039483153470400001063770025000012250008550008550000000000000100000001000000860640260000075950000000737502600000759500000007375000000000000000000000300000000000000000000000000006360010800570196833002698000000
0020020667619964003010008846160000000000213849686001000030000000250000000000250000000001000000010000008606402600000759500000007375026000007595000000073750063600108005701968330026980000
002011066762001900104085137511000000000018923031760400001004850025000025000025000000000000000000000100000001000000860640260000075950000000737502600000759500000007375000000000000000000000000000000000000000000000000006360010800570196833002698000000
005001066762011400104166490466000000000017007862481023001002300000
005001066762011700104166490466000000000017007862481022001000150000
005001066762012000104166490466000000000017007862480400001000150000
002011066762012100104166490466000000000017007862480400001043730025000025000025000000000000000000000100000001000000860640260000075950000000737502600000759500000007375000000000000000000000000000000000000000000000000006360010800570196833002698000000
002011066762026600104165095237000000000024142925520400001003560025000012250003600008550000000000000100000001000000860640260000075950000000737502600000759500000007375000000000000000000000300000000000000000000000000006360010800570196833002698000000
002011066762026600104165095237000000000024142925520400001003560025000012250004950008550000000000000100000001000000860640260000075950000000737502600000759500000007375000000000000000000000300000000000000000000000000006360010800570196833002698000000
005001066762027900117060615615000000000002015470260100001002410000
002011066762028000117060615615000000000002015470260400001004550025000012250008550008550000000000000100000001000000860640260000075950000000737502600000759500000007375000000000000000000000300000000000000000000000000006360010800570196833002698000000
002011066762047300109104707871000000000013041214160100001036710025000012250008550008550000000000000100000001000000860640260000075950000000737502600000759500000007375000000000000000000000300000010000000000000000000106360010800570196833002698000000
002011066762070000104153295171000000000029441101520400001058180025000012250008550008550000000000000100000001000000860640260000075950000000737502600000759500000007375000000000000000000000300000000000000000000000000006360010800570196833002698000000
002011066762070700109152581198000000000000883513040100001005930025000012250008550008550000000000000100000001000000860640260000075950000000737502600000759500000007375000000000000000000000300000000000000000000000000006360010800570196833002698000000
002011066762075400104085756482000000000016864187600400001006890025000012250007400008550000000000000100000001000000860640260000075950000000737502600000759500000007375000000000000000000000300000000000000000000000000006360010800570196833002698000000
002011066762075400104085756482000000000016864187600400001006890025000012250001150008550000000000000100000001000000860640260000075950000000737502600000759500000007375000000000000000000000300000000000000000000000000006360010800570196833002698000000
002011066762076000104162507496000000000028405883600400001025110025000012250008550008550000000000000100000001000000860640260000075950000000737502600000759500000007375000000000000000000000300000000000000000000000000006360010800570196833002698000000
0020020667620783003010008846160000000000213849686001000030000000250000000000250000000001000000010000008606402600000759500000007375026000007595000000073750063600108005701968330026980000
0020020667620821003010008846160000000000213849686001000030000000250000000000250000000001000000010000008606402600000759500000007375026000007595000000073750063600108005701968330026980000
002011066762084300104151903816000000000025346481360400001001040025000012250008550008550000000000000100000001000000860640260000075950000000737502600000759500000007375000000000000000000000300000000000000000000000000006360010800570196833002698000000
002011066762093400117055770519000000000029576843420400001017500025000012250008550008550000000000000100000001000000860640260000075950000000737502600000759500000007375000000000000000000000300000000000000000000000000006360010800570196833002698000000
005001066762099300109066089371000000000014224008400100001000360000
002011066762099700109066089371000000000014224008400100001004300025000012250008550008550000000000000100000001000000860640260000075950000000737502600000759500000007375000000000000000000000300000000000000000000000000006360010800570196833002698000000
002011066762100700109057415197000000000011022879440100001011820025000012250008550008550000000000000100000001000000860640260000075950000000737502600000759500000007375000000000000000000000300000000000000000000000000006360010800570196833002698000000
005001066762149200109007106131000000000011158556881023001002300000
002011066762149500109007106131000000000011158556880100001002080025000012250008550008550000000000000100000001000000860640260000075950000000737502600000759500000007375000000000000000000000300000000000000000000000000606360010800570196833002698000000
005001066762187500104086550438000000000023674967760400001000150000
002011066762187500104086550438000000000023674967760400001006040025000012250008550008550000000000000100000001000000860640260000075950000000737502600000759500000007375000000000000000000000300000000000000000000000000006360010800570196833002698000000
002011066762188600104087324946000000000016511987920400001009890025000012250008550008550000000000000100000001000000860640260000075950000000737502600000759500000007375000000000000000000000300000000000000000000000000006360010800570196833002698000000
002011066762195300104164297243000000000024347438800400001025000025000012250008550008550000000000000100000001000000860640260000075950000000737502600000759500000007375000000000000000000000300000000000000000000000000006360010800570196833002698000000
002011066762196100109123150028000000000010782400720100001035260025000012250008550008550000000000000100000001000000860640260000075950000000737502600000759500000007375000000000000000000000300000000000000000000000000006360010800570196833002698000000
005001066762202600104151796912000000000025664958160400001000150000
005001066762202600104151796912000000000025664958160400001000150000
005001066762202600104151796912000000000025664958160400001000150000
005001066762202700104151796912000000000025664958161023001002300000
002011066762202900104151796912000000000025664958160400001002390025000012250008550008550000000000000100000001000000860640260000075950000000737502600000759500000007375000000000000000000000300000000000000000000000000006360010800570196833002698000000
005001066762203300104087546507000000000016902928081023001002300000
005001066762203500104087546507000000000016902928081023001002300000
005001066762203700104087546507000000000016902928081023001002300000
005001066762203900104087546507000000000016902928081023001000150000
002011066762204100104087546507000000000016902928080400001006470025000012250006410008550000000000000100000001000000860640260000075950000000737502600000759500000007375000000000000000000000300000000000000000000000000006360010800570196833002698000000
002011066762204100104087546507000000000016902928080400001006470025000012250002140008550000000000000100000001000000860640260000075950000000737502600000759500000007375000000000000000000000300000000000000000000000000006360010800570196833002698000000
005001066762212700104165327162000000000023259889361023001002300000
002011066762213000104165327162000000000023259889360400001029660025000012250004100004100008550000000100000001000000860640260000075950000000737502600000759500000007375100000000000000000000300000000000000000000000000006360010800570196833002698000000
002011066762221000104086700537000000000015888379600400001007800025000025000025000000000000000000000100000001000000860640260000075950000000737502600000759500000007375000000000000000000000000000000000000000000000000006360010800570196833002698000000
002011066762275500104164060979000000000022768883920400001066590025000012250008550008550000000000000100000001000000860640260000075950000000737502600000759500000007375000000000000000000000300000000000000000000000000006360010800570196833002698000000
002011066762308100104152449851000000000027900618960400001028960025000012250008550008550000000000000100000001000000860640260000075950000000737502600000759500000007375000000000000000000000300000000000000000000000000006360010800570196833002698000000
005001066762374000104158457439000000000026663324881023001002300000
002011066762374200104158457439000000000026663324880400001033820025000012250000000000000008550000000100000001000000860640260000075950000000737502600000759500000007375100000000000000000000300000000000000000000000000006360010800570196833002698000000
002011066762374600117046864204000000000032598791360400001036520025000025000025000000000000000000000100000001000000860640260000075950000000737502600000759500000007375000000000000000000000019000000000000000000000000006360010800570196833002698000000
00300104000010003700471800000086064026000007595000000073750260000075950000000737506676244530000
00300101000030000400100000000086064026000007595000000073750260000075950000000737506676244530000
00300108000020000200000000000086064026000007595000000073750260000075950000000737506676244530000
00300101000010000700059850000086064026000007595000000073750260000075950000000737506676244530000
001001026000008606400406676244530260000075950000000737502600000759500000007375020430458800100110000
002011066762587500104156528169000000000028486884560400001004780025000012250004500004500008550000000100000001000000860640260000075950000000737502600000759500000007375100000000000000000000300000000000000000000000000006360010800570196833002698000000
002011066762587900104157752402000000000028511419600400001000030025000025000025000000000000000000000100000001000000860640260000075950000000737502600000759500000007375000000000000000000000000000000000000000000000000006360010800570196833002698000000
002011066762588500104152372067000000000023532677840400001011690025000012250004500004500008550000000100000001000000860640260000075950000000737502600000759500000007375100000000000000000000300000000000000000000000000006360010800570196833002698000000
002011066762589200104152632697000000000024880279760400001027570025000012250004500004500008550000000100000001000000860640260000075950000000737502600000759500000007375100000000000000000000300000000000000000000000000006360010800570196833002698000000
002011066762589900104152837035000000000026206116560400001019540025000012250008550008550000000000000100000001000000860640260000075950000000737502600000759500000007375000000000000000000000300000000000000000000000000006360010800570196833002698000000
002011066762590400104082193606000000000002464361680400001008490025000012250004500004500008550000000100000001000000860640260000075950000000737502600000759500000007375100000000000000000000300000000000000000000000000006360010800570196833002698000000
002011066762590900104086378198000000000014460401360400001005780025000012250008550008550000000000000100000001000000860640260000075950000000737502600000759500000007375000000000000000000000300000000000000000000000000006360010800570196833002698000000
005001066762591400104082417393000000000000034414800400001000150000
005001066762591500104082417393000000000000034414800400001000150000
005001066762591500104082417393000000000000034414801023001002300000
002011066762591800104082417393000000000000034414800400001008260025000025000025000000000000000000000100000001000000860640260000075950000000737502600000759500000007375000000000000000000000000000000000000000000000000006360010800570196833002698000000
002011066762592400117044453291000000000027012043820400001033490025000012250008550008550000000000000100000001000000860640260000075950000000737502600000759500000007375000000000000000000000300000000000000000000000000006360010800570196833002698000000
002011066762593400104079647049000000000013909578650400001015100025000012250008550008550000000000000100000001000000860640260000075950000000737502600000759500000007375000000000000000000000300000000000000000000000000006360010800570196833002698000000
005001066762593900104161835716000000000027579699921023001002300000
002011066762594200104161835716000000000027579699920400001011820025000012250004500004500008550000000100000001000000860640260000075950000000737502600000759500000007375100000000000000000000300000000000000000000000000006360010800570196833002698000000
002011066762594800117043681631000000000022137526060400001026770025000012250004500004500008550000000100000001000000860640260000075950000000737502600000759500000007375100000000000000000000300000000000000000000000000006360010800570196833002698000000
005001066762595500104161522289000000000027595218641022001000150000
002011066762596000104161522289000000000027595218640400001010110025000012250004750004750008550000000100000001000000860640260000075950000000737502600000759500000007375100000000000000000000300000000000000000000000000006360010800570196833002698000000
005001066762596400104164583831000000000024191847121023001002300000
005001066762596600104164583831000000000024191847121023001002300000
002011066762597000104164583831000000000024191847120400001029240025000012250008550008550000000000000100000001000000860640260000075950000000737502600000759500000007375000000000000000000000300000000000000000000000000006360010800570196833002698000000
00300104000010001400178500000086064026000007595000000073750260000075950000000737506676259780000
001001026000008606400506676259780260000075950000000737502600000759500000007375020430458800100110000
002011066762609600104152604022000000000026160594640400001102690025000012250002200004500008550000000100000001000000860640260000075950000000737502600000759500000007375100000000000000000000300000000000000000000000000006360010800570196833002698000000
002011066762609600104152604022000000000026160594640400001102690025000012250002300004500008550000000100000001000000860640260000075950000000737502600000759500000007375100000000000000000000300000000000000000000000000006360010800570196833002698000000
002011066762667200104082288372000000000003880878800400001010860025000012250008550008550000000000000100000001000000860640260000075950000000737502600000759500000007375000000000000000000000300000000000000000000000000006360010800570196833002698000000
005001066762667700104088189571000000000016767598801023001002300000
005001066762667900104088189571000000000016767598801023001002300000
005001066762668100104088189571000000000016767598801023001002300000
002011066762668600104088189571000000000016767598800400001002800025000012250004500004500008550000000100000001000000860640260000075950000000737502600000759500000007375100000000000000000000300000000000000000000000000006360010800570196833002698000000
002011066762669100109078604843000000000030398065360100001001810025000012250004500004500008550000000100000001000000860640260000075950000000737502600000759500000007375100000000000000000000300000000000000000000000000006360010800570196833002698000000
00200306676266960030400519398500000000002523893706080000300880002500000000000000000000010000000100000086064026000007595000000073750260000075950000000737500000000000000000000006360010800570196833002698000000
0020020667626704003010008846160000000000213849686001000030000000250000000000250000000001000000010000008606402600000759500000007375026000007595000000073750063600108005701968330026980000
002011066762670900104159477115000000000026185262800400001085870025000012250004500004500008550000000100000001000000860640260000075950000000737502600000759500000007375100000000000000000000300000000000000000000000000006360010800570196833002698000000
002011066762671400109055831711000000000005716452560100001000370025000012250008550008550000000000000100000001000000860640260000075950000000737502600000759500000007375000000000000000000000300000000000000000000000000006360010800570196833002698000000
00200306676267190020100414188300000000003952132858070000202634002500000000000000000000010000000100000086064026000007595000000073750260000075950000000737500000000000000000000006360010800570196833002698000000
002011066762676400104165952113000000000023499886800400001038160025000012250008550008550000000000000100000001000000860640260000075950000000737502600000759500000007375000000000000000000000300000000000000000000000000006360010800570196833002698000000
002011066762728100104085935891000000000023622608080400001014750025000012250000000000000008550000000100000001000000860640260000075950000000737502600000759500000007375100000000000000000000300000000000000000000000000006360010800570196833002698000000
00200306676272850030400520712900000000003930961637080000300397002500000000000000000000010000000100000086064026000007595000000073750260000075950000000737500000000000000000000006360010800570196833002698000000
005001066762729800109055182497000000000018734098641023001002300000
002011066762730000109055182497000000000018734098640100001002850025000012250008550008550000000000000100000001000000860640260000075950000000737502600000759500000007375000000000000000000000300000000000000000000000000006360010800570196833002698000000
002011066762875400104088953068000000000030103324880400001001720025000012250008550008550000000000000100000001000000860640260000075950000000737502600000759500000007375000000000000000000000300000000000000000000000000006360010800570196833002698000000
00200306676292730030400337788400000000002127580716080000301948002500000000000000000000010000000100000086064026000007595000000073750260000075950000000737500000000000000000000006360010800570196833002698000000
00200306676292980030400245825200000000003408503876080000303819002500000000000000000000010000000100000086064026000007595000000073750260000075950000000737500000000000000000000006360010800570196833002698000000
002011066762974600104149948921000000000022970289360400001009020025000012250008550008550000000000000100000001000000860640260000075950000000737502600000759500000007375000000000000000000000300000000000000000000000000006360010800570196833002698000000
00200306676298820030400519935500000000002523807850080000300169002500000000000000000000010000000100000086064026000007595000000073750260000075950000000737500000000000000000000006360010800570196833002698000000
00300104000010000800083200000086064026000007595000000073750260000075950000000737506676310860000
00300101000010000300029350000086064026000007595000000073750260000075950000000737506676310860000
00300108000030000500000000000086064026000007595000000073750260000075950000000737506676310860000
00300101000030000100025000000086064026000007595000000073750260000075950000000737506676310860000
00300107000020000100000000000086064026000007595000000073750260000075950000000737506676310860000
001001026000008606400406676310860260000075950000000737502600000759500000007375020430458800100010000
001001026000008606400306676310900260000075950000000737502600000759500000007375020430458800100010000
02000100106676311000030100088461600000000002138496860026000007595000000073750125001000008606402600000759500000007375026000007595000000073750000
0210010300070000086064026000007595000000073750260000075950000000737506676311000000
0210010400110000086064026000007595000000073750260000075950000000737506676311000000
0210010800010000086064026000007595000000073750260000075950000000737506676311000000
0210012500580000086064026000007595000000073750260000075950000000737506676311000000
010001001026000007595000000073750000086064066763110000500000
001001026000008606400206676311080260000075950000000737500000000000000000000000020430458800100010000
010001001026000007595000000073750000086064066763111400400000
001001026000008606400106676311200000000075950000000000000000000000000000000000020430458800100010000
03400667624453000008606400004T06676244530667625978000008606404588V0000075950000007595004000000200250000000000100000001040000005000855000000001000000010400000010004751000000010000000104000000600045010000000100000001
03400667617844000008606400005C06676178440667624453000008606404588I00000759500000075950010000004002500000000001000000010100000070008550000000010000000104000000900250000000000100000001040000001000495000000001000000010400000220008550000000010000000104000000100021000000000100000001040000001000645000000001000000010400000010003600000000010000000104000000100000010000000100000001040000001000740000000001000000010400000010001150000000010000000104000000100064100000000100000001040000001000214000000001000000010400000010004101000000010000000108000000200000000000000100000001
03400667625978000008606400005C06676259780667631086000008606404588V0000075950000007595001000000200085500000000100000001010000001002500000000001000000010100000010004501000000010000000104000000100022010000000100000001040000001000230100000001000000010400000040008550000000010000000104000000200045010000000100000001040000001000000100000001000000010700000010000000000000010000000108000000500000000000000100000001080000005000000000000001000000010800000050000000000000010000000108000000500000000000000100000001080000005000000000000001000000010800000050000000000000010000000108000000500000000000000100000001080000005000000000000001000000010800000050000000000000010000000108000000500000000000000100000001
