1000020260000086059005063600108005701973880025060000
0450010000000000000000000106674759660000
0450010000000002000000000106674772380000
0450010000000002000000000106674785320000
0450010000000002000000000106674798190000
0450010000000002000000000106674811060000
0450010000000002000000000106674823780000
0450010000000002000000000106676461310000
001001026000008605900206676464450000000101432000000000000000000000000000000000020590460400100000000
010001001026000010143200000088860000086059066764645100100000
010001001026000010143200000088860000086059066764646100200000
001001026000008605900306676464650260000101432000000888602600001014320000008886020590460400100020000
001001026000008605900406676464710260000101432000000888602600001014320000008886020590460400100020000
005001066764647200301001090281000000000003233744250400001000150000
001001026000008605900506676464760260000101432000000888602600001014320000008886020590460400100020000
005001066764830300301001127711000000000008714114650400001000150000
005001066764830700301001127711000000000008714114650400001000150000
00200306676483080030100112771100000000000871411465070000300207001685000000000000000000010000000100000086059026000010143200000088860260000101432000000888600000000000000000000006360010800570197388002506000000
005001066764832000301001108776000000000004542810011008003000150000
00200306676483250030100110877600000000000454281001070100300204001685000000000000000000010000000100000086059026000010143200000088860260000101432000000888600000000000000000000006360010800570197388002506000000
00200306676483510030100082259900000000000330519564070100307058001685000000000000000000010000000100000086059026000010143200000088860260000101432000000888600000000000000000000006360010800570197388002506000000
002011066764861500117057116981000000000037353995900400001013600016850008650008550008550000000000000100000001000000860590260000101432000000888602600001014320000008886000000000000000000000300000000000000000000000000006360010800570197388002506000000
002011066764889100109126600237000000000003305984720100001023230016850008650008550008550000000000000100000001000000860590260000101432000000888602600001014320000008886000000000000000000000300000010000000000000000000506360010800570197388002506000000
002011066764912000109001551206000000000004438062800100001004500016850008650008550008550000000000000100000001000000860590260000101432000000888602600001014320000008886000000000000000000000300000010000000000000000000206360010800570197388002506000000
002011066764912700109069875961000000000019157847760100001007750016850008650008550008550000000000000100000001000000860590260000101432000000888602600001014320000008886000000000000000000000300000000000000000000000000006360010800570197388002506000000
002011066764913200104166763161000000000023540196560400001015240016850008650008550008550000000000000100000001000000860590260000101432000000888602600001014320000008886000000000000000000000300000000000000000000000000006360010800570197388002506000000
002011066764913900109167436784000000000006833723600100001019850016850008650008550008550000000000000100000001000000860590260000101432000000888602600001014320000008886000000000000000000000300000000000000000000000000006360010800570197388002506000000
002011066764914500117053267411000000000017929288590400001037380016850008650008550008550000000000000100000001000000860590260000101432000000888602600001014320000008886000000000000000000000300000000000000000000000000006360010800570197388002506000000
002011066764928300109068720174000000000017968167120100001007770016850016850016850000000000000000000100000001000000860590260000101432000000888602600001014320000008886000000000000000000000000000000000000000000000000006360010800570197388002506000000
002011066764945300104164104739000000000022948104400400001009680016850008650008550008550000000000000100000001000000860590260000101432000000888602600001014320000008886000000000000000000000300000000000000000000000000006360010800570197388002506000000
00200306676494830030400463367100000000002525380266080000301904001685000000000000000000010000000100000086059026000010143200000088860260000101432000000888600000000000000000000006360010800570197388002506000000
00200306676505840030400452623900000000001109062170080000303128001685000000000000000000010000000100000086059026000010143200000088860260000101432000000888600000000000000000000006360010800570197388002506000000
002011066765093300104152701991000000000027815381200400001026940016850008650008550008550000000000000100000001000000860590260000101432000000888602600001014320000008886000000000000000000000300000000000000000000000000006360010800570197388002506000000
005001066765213700301001090281000000000003233744250400001000150000
00300107000030000100000000000086059026000010143200000088860260000101432000000888606676521410000
00300107010030000200000000000086059026000010143200000088860260000101432000000888606676521410000
00300104000010000500042750000086059026000010143200000088860260000101432000000888606676521410000
00300101000010000500051050000086059026000010143200000088860260000101432000000888606676521410000
00300108000030000200000000000086059026000010143200000088860260000101432000000888606676521410000
001001026000008605900406676521410260000101432000000888602600001014320000008886020590460400100120000
005001066765214300301001090281000000000003233744250400001000150000
001001026000008605900506676521470260000101432000000888602600001014320000008886020590460400100120000
00200306676526500030400535701500000000001983197010080000300006001685000000000000000000010000000100000086059026000010143200000088860260000101432000000888600000000000000000000006360010800570197388002506000000
002011066765266500104160896673000000000026997008080400001035020016850008650008550008550000000000000100000001000000860590260000101432000000888602600001014320000008886000000000000000000000300000000000000000000000000006360010800570197388002506000000
005001066765267900104152358692000000000023735486160400001000150000
002011066765268000104152358692000000000023735486160400001001710016850008650004500004500008550000000100000001000000860590260000101432000000888602600001014320000008886100000000000000000000300000000000000000000000000006360010800570197388002506000000
002011066765271800104151752796000000000023920249040400001001740016850008650004500004500008550000000100000001000000860590260000101432000000888602600001014320000008886100000000000000000000300000000000000000000000000006360010800570197388002506000000
002011066765272300104089312325000000000034788718800400001002570016850016850016850000000000000000000100000001000000860590260000101432000000888602600001014320000008886000000000000000000000000000000000000000000000000006360010800570197388002506000000
0020020667653625003010010902810000000000032337442501000030000000168500000000168500000001000000010000008605902600001014320000008886026000010143200000088860063600108005701973880025060000
002011066765378900104081874839000000000000844531920400001011530016850008650004600004600008550000000100000001000000860590260000101432000000888602600001014320000008886100000000000000000000300000000000000000000000000006360010800570197388002506000000
002011066765417900104087902672000000000017094684880400001010830016850008650004500004500008550000000100000001000000860590260000101432000000888602600001014320000008886100000000000000000000300000000000000000000000000006360010800570197388002506000000
002011066765419000104152741496000000000026225470160400001020030016850016850016850000000000000000000100000001000000860590260000101432000000888602600001014320000008886000000000000000000000000000000000000000000000000006360010800570197388002506000000
00200306676551250030400457269900000000001108993834080000301556001685000000000000000000010000000100000086059026000010143200000088860260000101432000000888600000000000000000000006360010800570197388002506000000
00200306676551380030400521121500000000002523800202080000300427001685000000000000000000010000000100000086059026000010143200000088860260000101432000000888600000000000000000000006360010800570197388002506000000
005001066765515401503002823333000000000011352425300614015000840000
00200306676551540150300282333300000000001135242530061301500956001685000000000000000000010000000100000086059026000010143200000088860260000101432000000888600000000000000000000006360010800570197388002506000000
005001066765708100301001090281000000000003233744250400001000150000
00300108000030000300000000000086059026000010143200000088860260000101432000000888606676570840000
00300104000010000700076850000086059026000010143200000088860260000101432000000888606676570840000
00300101000030000100016850000086059026000010143200000088860260000101432000000888606676570840000
00300106130150000100000000000086059026000010143200000088860260000101432000000888606676570840000
001001026000008605900406676570840260000101432000000888602600001014320000008886020590460400100020000
005001066765708500301001090281000000000003233744250400001000150000
001001026000008605900306676570890260000101432000000888602600001014320000008886020590460400100020000
02000100106676570990030100109028100000000000323374425026000010143200000088860064701000008605902600001014320000008886026000010143200000088860000
0210010300050000086059026000010143200000088860260000101432000000888606676570990000
0210010400020000086059026000010143200000088860260000101432000000888606676570990000
0210010800030000086059026000010143200000088860260000101432000000888606676570990000
0210011000010000086059026000010143200000088860260000101432000000888606676570990000
0210011800010000086059026000010143200000088860260000101432000000888606676570990000
0210012500140000086059026000010143200000088860260000101432000000888606676570990000
010001001026000010143200000088860000086059066765710000500000
001001026000008605900206676571020260000101432000000888600000000000000000000000020590460400100020000
010001001026000010143200000088860000086059066765710800400000
001001026000008605900106676571130000000101432000000000000000000000000000000000020590460400100020000
03400667646476000008605900005C06676464760667652141000008605904604I00001014320000101432010000004000855000000001000000010100000010016850000000010000000104000000500085500000000100000001070000001000000000000001000000010701000020000000000000010000000108000000200000000000000100000001
03400667652147000008605900005C06676521470667657084000008605904604V00001014320000101432010000001001685000000001000000010400000020016850000000010000000104000000100046010000000100000001040000001000855000000001000000010400000030004501000000010000000106130000100000000000000100000001080000003000000000000001000000010800000030000000000000010000000108000000300000000000000100000001080000003000000000000001000000010800000030000000000000010000000108000000300000000000000100000001
