1000020260000086160005063600108048971144390016980000
001001026000008616000206676468860000000073124000000000000000000000000000000000021920473200100000000
010001001026000007312400000071690000086160066764689200100000
010001001026000007312400000071690000086160066764690300200000
001001026000008616000306676469060260000073124000000716902600000731240000007169021920473200100010000
010001001026000007312400000071690000086160066764874400500000
001001026000008616000206676487460260000073124000000716900000000000000000000000021920473200100010000
001001026000008616000306676487490260000073124000000716900000000000000000000000021920473200100010000
001001026000008616000206676487540260000073124000000716900000000000000000000000021920473200100010000
010001001026000007312400000071690000086160066764876000400000
001001026000008616000106676487650000000073124000000000000000000000000000000000021920473200100010000
