1000020260000086076005063600108005701972560027730000
001001026000008607600206676503680000000075700000000000000000000000000000000000020230456800100000000
010001001026000007570000000073660000086076066765037400100000
010001001026000007570000000073660000086076066765038300200000
001001026000008607600306676503860260000075700000000736602600000757000000007366020230456800100020000
001001026000008607600406676503910260000075700000000736602600000757000000007366020230456800100020000
001001026000008607600506676503970260000075700000000736602600000757000000007366020230456800100020000
0020020667651445003010010298510000000000365004580201000030000000168500000000168500000001000000010000008607602600000757000000007366026000007570000000073660063600108005701972560027730000
00200306676514620040400288173900000000003774794465080000401333001685000000000000000000010000000100000086076026000007570000000073660260000075700000000736600000000000000000000006360010800570197256002773000000
002011066765147200109127443542000000000002891500240100001005750016850008650008550008550000000000000100000001000000860760260000075700000000736602600000757000000007366000000000000000000000300000000000000000000000000006360010800570197256002773000000
00200306676514990030400447730100000000001109627162080000300797001685000000000000000000010000000100000086076026000007570000000073660260000075700000000736600000000000000000000006360010800570197256002773000000
0020020667651513003010010298510000000000365004580201000030000000168500000000168500000001000000010000008607602600000757000000007366026000007570000000073660063600108005701972560027730000
0020020667651527003010010298510000000000365004580201000030000000168500000000168500000001000000010000008607602600000757000000007366026000007570000000073660063600108005701972560027730000
00200306676515310030400496657300000000002523882810080000300801001685000000000000000000010000000100000086076026000007570000000073660260000075700000000736600000000000000000000006360010800570197256002773000000
00200306676515440030400530460400000000001545836802080000300031001685000000000000000000010000000100000086076026000007570000000073660260000075700000000736600000000000000000000006360010800570197256002773000000
00200306676515570030100116670900000000000872038681070100300029001685000000000000000000010000000100000086076026000007570000000073660260000075700000000736600000000000000000000006360010800570197256002773000000
005001066765156800301000738113000000000040786011480400001000150000
005001066765157100301000738113000000000040786011480400001000150000
00200306676515720030100073811300000000004078601148070000306250001685000000000000000000010000000100000086076026000007570000000073660260000075700000000736600000000000000000000006360010800570197256002773000000
005001066765158100301001123422000000000025235299620400001000150000
005001066765158300301001123422000000000025235299620400001000150000
00200306676515840030100112342200000000002523529962070000301105001685000000000000000000010000000100000086076026000007570000000073660260000075700000000736600000000000000000000006360010800570197256002773000000
002011066765159800109126605328000000000003354885840100001011470016850008650008550008550000000000000100000001000000860760260000075700000000736602600000757000000007366000000000000000000000300000010000000000000000000306360010800570197256002773000000
002011066765161600109015972055000000000030397753040100001000170016850008650008550008550000000000000100000001000000860760260000075700000000736602600000757000000007366000000000000000000000300000000000000000000000000006360010800570197256002773000000
00200306676519610020401372966300000000000222833273080000201813001685000000000000000000010000000100000086076026000007570000000073660260000075700000000736600000000000000000000006360010800570197256002773000000
002011066765292300109068175631000000000015649109200100001004340016850008650008550008550000000000000100000001000000860760260000075700000000736602600000757000000007366000000000000000000000300000000000000000000000000006360010800570197256002773000000
002011066765304900104079617875000000000013893726490400001022420016850016850016850000000000000000000100000001000000860760260000075700000000736602600000757000000007366000000000000000000000019300000000000000000000000006360010800570197256002773000000
002011066765305500117060216265000000000001140197120400001009990016850008650000000000000008550000000100000001000000860760260000075700000000736602600000757000000007366100000000000000000000300000000000000000000000000006360010800570197256002773000000
002011066765306100104151433267000000000023841605840400001005150016850016850016850000000000000000000100000001000000860760260000075700000000736602600000757000000007366000000000000000000000000000000000000000000000000006360010800570197256002773000000
00300101000030000300050550000086076026000007570000000073660260000075700000000736606676548760000
00300108000040000100000000000086076026000007570000000073660260000075700000000736606676548760000
00300101000010000400034200000086076026000007570000000073660260000075700000000736606676548760000
00300108000030000300000000000086076026000007570000000073660260000075700000000736606676548760000
00300107010030000100000000000086076026000007570000000073660260000075700000000736606676548760000
00300107000030000200000000000086076026000007570000000073660260000075700000000736606676548760000
00300108000020000100000000000086076026000007570000000073660260000075700000000736606676548760000
00300104000010000300042350000086076026000007570000000073660260000075700000000736606676548760000
001001026000008607600406676548760260000075700000000736602600000757000000007366020230456800100120000
001001026000008607600506676548820260000075700000000736602600000757000000007366020230456800100120000
002011066765515100109164542982000000000005773955280100001002200016850008650003000003000008550000000100000001000000860760260000075700000000736602600000757000000007366100000000000000000000300000000000000000000000000006360010800570197256002773000000
00200306676551590030100110879200000000000454280809070100301533001685000000000000000000010000000100000086076026000007570000000073660260000075700000000736600000000000000000000006360010800570197256002773000000
00200306676551750030400493568600000000000454887817080000301592001685000000000000000000010000000100000086076026000007570000000073660260000075700000000736600000000000000000000006360010800570197256002773000000
00200306676551870030400512477100000000003534149606080000300644001685000000000000000000010000000100000086076026000007570000000073660260000075700000000736600000000000000000000006360010800570197256002773000000
002011066765519700104151667871000000000025814646480400001022650016850008650004250004250008550000000100000001000000860760260000075700000000736602600000757000000007366100000000000000000000300000000000000000000000000006360010800570197256002773000000
002011066765520500109064139345000000000011399493840100001022010016850008650004250004250008550000000100000001000000860760260000075700000000736602600000757000000007366100000000000000000000300000000000000000000000000006360010800570197256002773000000
002011066765521300109056472741000000000016421730000100001003470016850008650000000000000008550000000100000001000000860760260000075700000000736602600000757000000007366100000000000000000000300000000000000000000000000006360010800570197256002773000000
002011066765522000104156466597000000000027463312080400001060540016850008650004500004500008550000000100000001000000860760260000075700000000736602600000757000000007366100000000000000000000300000000000000000000000000006360010800570197256002773000000
002011066765522400104152702181000000000027611712720400001032890016850008650004500004500008550000000100000001000000860760260000075700000000736602600000757000000007366100000000000000000000300000000000000000000000000006360010800570197256002773000000
0020020667655229003010010298510000000000365004580201000030000000168500000000168500000001000000010000008607602600000757000000007366026000007570000000073660063600108005701972560027730000
002011066765523700109109209071000000000015978911440100001005050016850008650004500004500008550000000100000001000000860760260000075700000000736602600000757000000007366100000000000000000000300000000000000000000000000006360010800570197256002773000000
002011066765524400109077536402000000000031730844880100001001730016850008650004250004250008550000000100000001000000860760260000075700000000736602600000757000000007366100000000000000000000300000000000000000000000000006360010800570197256002773000000
002011066765525100109128493195000000000003586082000100001006530016850008650008550008550000000000000100000001000000860760260000075700000000736602600000757000000007366000000000000000000000300000000000000000000000000006360010800570197256002773000000
002011066765525600109125115467000000000007362018000100001001340016850016850016850000000000000000000100000001000000860760260000075700000000736602600000757000000007366000000000000000000000000000000000000000000000000006360010800570197256002773000000
002011066765526300109125115467000000000007362018000100001001350016850016850016850000000000000000000100000001000000860760260000075700000000736602600000757000000007366000000000000000000000000000000000000000000000000006360010800570197256002773000000
002011066765527500104164627251000000000024080556240400001021100016850008650004500004500008550000000100000001000000860760260000075700000000736602600000757000000007366100000000000000000000300000000000000000000000000006360010800570197256002773000000
005001066765531000301001161553000000000026717010340400001000150000
005001066765531300301001161553000000000026717010340400001000150000
00200306676553150030100116155300000000002671701034070000300393001685000000000000000000010000000100000086076026000007570000000073660260000075700000000736600000000000000000000006360010800570197256002773000000
0020020667655454003010010298510000000000365004580201000030000000168500000000168500000001000000010000008607602600000757000000007366026000007570000000073660063600108005701972560027730000
002011066765569300104152746871000000000027830198480400001025070016850008650000000000000008550000000100000001000000860760260000075700000000736602600000757000000007366100000000000000000000300000000000000000000000000006360010800570197256002773000000
002011066765571600104151584214000000000024550075600400001000490016850016850016850000000000000000000100000001000000860760260000075700000000736602600000757000000007366000000000000000000000000000000000000000000000000006360010800570197256002773000000
002011066765572400117018986201000000000037162633460400001059370016850008650004500004500008550000000100000001000000860760260000075700000000736602600000757000000007366100000000000000000000300000000000000000000000000006360010800570197256002773000000
00200306676559320030400235569100000000001531535460080000303057001685000000000000000000010000000100000086076026000007570000000073660260000075700000000736600000000000000000000006360010800570197256002773000000
00200306676565950030400295791700000000002126752732080000308635001685000000000000000000010000000100000086076026000007570000000073660260000075700000000736600000000000000000000006360010800570197256002773000000
00200306676571660030100115411500000000000871946745070100300235001685000000000000000000010000000100000086076026000007570000000073660260000075700000000736600000000000000000000006360010800570197256002773000000
005001066765888600000000000000000000000003387202040000000000150000
00300101000010000800085500000086076026000007570000000073660260000075700000000736606676588910000
00300107010030000200000000000086076026000007570000000073660260000075700000000736606676588910000
00300108000030000400000000000086076026000007570000000073660260000075700000000736606676588910000
00300104000010000700068750000086076026000007570000000073660260000075700000000736606676588910000
00300101000030000200033700000086076026000007570000000073660260000075700000000736606676588910000
00300107000030000100000000000086076026000007570000000073660260000075700000000736606676588910000
001001026000008607600406676588910260000075700000000736602600000757000000007366020230456800100020000
001001026000008607600306676588950260000075700000000736602600000757000000007366020230456800100020000
02000100106676589050030100102985100000000003650045802026000007570000000073660100901000008607602600000757000000007366026000007570000000073660000
0210010300090000086076026000007570000000073660260000075700000000736606676589050000
0210010400030000086076026000007570000000073660260000075700000000736606676589050000
0210010800060000086076026000007570000000073660260000075700000000736606676589050000
0210011800020000086076026000007570000000073660260000075700000000736606676589050000
0210012500170000086076026000007570000000073660260000075700000000736606676589050000
010001001026000007570000000073660000086076066765890500500000
001001026000008607600206676589080260000075700000000736600000000000000000000000020230456800100020000
010001001026000007570000000073660000086076066765893000200000
001001026000008607600306676589330260000075700000000736602600000757000000007366020280457300100020000
001001026000008607600406676589380260000075700000000736602600000757000000007366020280457300100020000
001001026000008607600506676589440260000075700000000736602600000757000000007366020280457300100020000
00200306676589660020401187322800000000002828002833080000206716002500000000000000000000010000000100000086076026000007570000000073660260000075700000000736600000000000000000000006360010800570197256002773000000
002011066765897600104165298561000000000024291039440400001018760025000012250008550008550000000000000100000001000000860760260000075700000000736602600000757000000007366000000000000000000000300000000000000000000000000006360010800570197256002773000000
005001066765898400305000104184000000000006531651810710003001360000
002011066765898500305000104184000000000006531651810400001058820025000012250008550008550000000000000100000001000000860760260000075700000000736602600000757000000007366000000000000000000000300000000000000000000000000006360010800570197256002773000000
00200306676589910020401635815100000000004138676125080000200839002500000000000000000000010000000100000086076026000007570000000073660260000075700000000736600000000000000000000006360010800570197256002773000000
002011066765900400109078254923000000000032156073680100001001580025000025000025000000000000000000000100000001000000860760260000075700000000736602600000757000000007366000000000000000000000000000000000000000000000000006360010800570197256002773000000
0020020667659011003010010298510000000000365004580201000030000000250000000000250000000001000000010000008607602600000757000000007366026000007570000000073660063600108005701972560027730000
002011066765901700109078254923000000000032156073680100001001590025000025000025000000000000000000000100000001000000860760260000075700000000736602600000757000000007366000000000000000000000000000000000000000000000000006360010800570197256002773000000
002011066765902200109078254923000000000032156073680100001001600025000025000025000000000000000000000100000001000000860760260000075700000000736602600000757000000007366000000000000000000000000000000000000000000000000006360010800570197256002773000000
0020020667659030003010010298510000000000365004580201000030000000250000000000250000000001000000010000008607602600000757000000007366026000007570000000073660063600108005701972560027730000
0020020667659036003010010298510000000000365004580201000030000000250000000000250000000001000000010000008607602600000757000000007366026000007570000000073660063600108005701972560027730000
002011066765904100104151089061000000000023798124240400001000550025000012250008550008550000000000000100000001000000860760260000075700000000736602600000757000000007366000000000000000000000300000000000000000000000000006360010800570197256002773000000
00200306676590480020401730915400000000001398185161080000200196002500000000000000000000010000000100000086076026000007570000000073660260000075700000000736600000000000000000000006360010800570197256002773000000
002011066765906200104161145205000000000028471027920400001011010025000012250008550008550000000000000100000001000000860760260000075700000000736602600000757000000007366000000000000000000000300000000000000000000000000006360010800570197256002773000000
002011066765921600104164570233000000000022977160400400001018980025000012250008550008550000000000000100000001000000860760260000075700000000736602600000757000000007366000000000000000000000300000000000000000000000000006360010800570197256002773000000
002011066765922200104164190031000000000023021130960400001015610025000012250008550008550000000000000100000001000000860760260000075700000000736602600000757000000007366000000000000000000000300000000000000000000000000006360010800570197256002773000000
00200306676592500030400472012400000000001545865826080000300809002500000000000000000000010000000100000086076026000007570000000073660260000075700000000736600000000000000000000006360010800570197256002773000000
002011066765929800109164638548000000000005766777040100001006000025000012250008550008550000000000000100000001000000860760260000075700000000736602600000757000000007366000000000000000000000300000000000000000000000000006360010800570197256002773000000
002011066765930400109006517332000000000010036846800100001007090025000012250008550008550000000000000100000001000000860760260000075700000000736602600000757000000007366000000000000000000000300000000000000000000000000006360010800570197256002773000000
0020020667659405003010010298510000000000365004580201000030000000250000000000250000000001000000010000008607602600000757000000007366026000007570000000073660063600108005701972560027730000
002011066765942000109009092227000000000001017511120100001005600025000012250008550008550000000000000100000001000000860760260000075700000000736602600000757000000007366000000000000000000000300000010000000000000000000106360010800570197256002773000000
0020020667659439003010010298510000000000365004580201000030000000250000000000250000000001000000010000008607602600000757000000007366026000007570000000073660063600108005701972560027730000
0020020667659453003010010298510000000000365004580201000030000000250000000000250000000001000000010000008607602600000757000000007366026000007570000000073660063600108005701972560027730000
0020020667659464003010010298510000000000365004580201000030000000250000000000250000000001000000010000008607602600000757000000007366026000007570000000073660063600108005701972560027730000
00200306676594800020401465444600000000001320945819080000200369002500000000000000000000010000000100000086076026000007570000000073660260000075700000000736600000000000000000000006360010800570197256002773000000
0020020667659489003010010298510000000000365004580201000030000000250000000000250000000001000000010000008607602600000757000000007366026000007570000000073660063600108005701972560027730000
0020020667659494003010010298510000000000365004580201000030000000250000000000250000000001000000010000008607602600000757000000007366026000007570000000073660063600108005701972560027730000
002011066765950100104156749696000000000026534736080400001000060025000025000025000000000000000000000100000001000000860760260000075700000000736602600000757000000007366000000000000000000000000000000000000000000000000006360010800570197256002773000000
002011066765950700104089059387000000000028079050960400001002410025000012250008550008550000000000000100000001000000860760260000075700000000736602600000757000000007366000000000000000000000300000000000000000000000000006360010800570197256002773000000
002011066766012800104160098246000000000026638282960400001083330025000025000022130000000000000000000100000001000000860760260000075700000000736602600000757000000007366000000000000000000000000000000000000000000000000006360010800570197256002773000000
002011066766012800104160098246000000000026638282960400001083330025000025000002870000000000000000000100000001000000860760260000075700000000736602600000757000000007366000000000000000000000000000000000000000000000000006360010800570197256002773000000
002011066766013600109079312048000000000029897536720100001000440025000025000025000000000000000000000100000001000000860760260000075700000000736602600000757000000007366000000000000000000000000000000000000000000000000006360010800570197256002773000000
002011066766014200109166157172000000000007692764880100001005430025000012250008550008550000000000000100000001000000860760260000075700000000736602600000757000000007366000000000000000000000300000010000000000000000000306360010800570197256002773000000
002011066766023700104162782934000000000018721477840400001005370025000012250008550008550000000000000100000001000000860760260000075700000000736602600000757000000007366000000000000000000000300000000000000000000000000006360010800570197256002773000000
002011066766024100104162264178000000000025026765520400001022200025000012250008550008550000000000000100000001000000860760260000075700000000736602600000757000000007366000000000000000000000300000000000000000000000000006360010800570197256002773000000
002011066766024700104164394435000000000022922330320400001010580025000012250008550008550000000000000100000001000000860760260000075700000000736602600000757000000007366000000000000000000000300000000000000000000000000006360010800570197256002773000000
002011066766030400104152757856000000000024909730000400001020030025000012250008550008550000000000000100000001000000860760260000075700000000736602600000757000000007366000000000000000000000300000000000000000000000000006360010800570197256002773000000
002011066766038000104164186697000000000022984300240400001071220025000012250008550008550000000000000100000001000000860760260000075700000000736602600000757000000007366000000000000000000000300000000000000000000000000006360010800570197256002773000000
002011066766042200104164571361000000000023236895440400001024310025000012250008550008550000000000000100000001000000860760260000075700000000736602600000757000000007366000000000000000000000300000000000000000000000000006360010800570197256002773000000
002011066766042800117036064086000000000006116974760400001041070025000012250008550008550000000000000100000001000000860760260000075700000000736602600000757000000007366000000000000000000000300000000000000000000000000006360010800570197256002773000000
002011066766053800104157201112000000000026349952720400001000050025000025000025000000000000000000000100000001000000860760260000075700000000736602600000757000000007366000000000000000000000000000000000000000000000000006360010800570197256002773000000
002011066766061100104164573623000000000022966841040400001012200025000012250008550008550000000000000100000001000000860760260000075700000000736602600000757000000007366000000000000000000000300000000000000000000000000006360010800570197256002773000000
002011066766063000104089072881000000000023452017360400001005620025000025000025000000000000000000000100000001000000860760260000075700000000736602600000757000000007366000000000000000000000019100000000000000000000000006360010800570197256002773000000
00200306676606800030400254918500000000003408673156080000304286002500000000000000000000010000000100000086076026000007570000000073660260000075700000000736600000000000000000000006360010800570197256002773000000
002011066766069100117056288176000000000018659080700400001009630025000012250008550008550000000000000100000001000000860760260000075700000000736602600000757000000007366000000000000000000000300000000000000000000000000006360010800570197256002773000000
002011066766075100104153145137000000000026149353680400001007250025000012250008550008550000000000000100000001000000860760260000075700000000736602600000757000000007366000000000000000000000300000000000000000000000000006360010800570197256002773000000
002011066766076000104160323665000000000028308140240400001030990025000012250008550008550000000000000100000001000000860760260000075700000000736602600000757000000007366000000000000000000000300000000000000000000000000006360010800570197256002773000000
002011066766078100109053229038000000000018925002960100001024270025000025000025000000000000000000000100000001000000860760260000075700000000736602600000757000000007366000000000000000000000019100010000000000000000000506360010800570197256002773000000
002011066766095800104152976485000000000024821317840400001012250025000012250008550008550000000000000100000001000000860760260000075700000000736602600000757000000007366000000000000000000000300000000000000000000000000006360010800570197256002773000000
002011066766096900109054411336000000000017286666960100001000410025000025000025000000000000000000000100000001000000860760260000075700000000736602600000757000000007366000000000000000000000000000000000000000000000000006360010800570197256002773000000
0020020667662336003010010298510000000000365004580201000030000000250000000000250000000001000000010000008607602600000757000000007366026000007570000000073660063600108005701972560027730000
00300108000020000400000000000086076026000007570000000073660260000075700000000736606676643100000
00300104000010002300262450000086076026000007570000000073660260000075700000000736606676643100000
00300101000010001000184200000086076026000007570000000073660260000075700000000736606676643100000
00300101000030001000250000000086076026000007570000000073660260000075700000000736606676643100000
00300108000030000200000000000086076026000007570000000073660260000075700000000736606676643100000
001001026000008607600406676643100260000075700000000736602600000757000000007366020280457300100120000
001001026000008607600506676643150260000075700000000736602600000757000000007366020280457300100120000
002011066766522500109059041121000000000007712397520100001013260025000012250008550008550000000000000100000001000000860760260000075700000000736602600000757000000007366000000000000000000000300000010000000000000000000206360010800570197256002773000000
002011066766523500109006940022000000000009125870800100001019380025000012250003550003550008550000000100000001000000860760260000075700000000736602600000757000000007366100000000000000000000300000010000000000000000000406360010800570197256002773000000
002011066766538100109016121008000000000010934966480100001001260025000012250003550003550008550000000100000001000000860760260000075700000000736602600000757000000007366100000000000000000000300000000000000000000000000006360010800570197256002773000000
002011066766606200104161538878000000000027809657040400001014210025000012250004500004500008550000000100000001000000860760260000075700000000736602600000757000000007366100000000000000000000300000000000000000000000000006360010800570197256002773000000
00200306676660710030500023738900000000003065025223071000301339002500000000000000000000010000000100000086076026000007570000000073660260000075700000000736600000000000000000000006360010800570197256002773000000
002011066766608100109128306395000000000004138304720100001007840025000012250004500004500008550000000100000001000000860760260000075700000000736602600000757000000007366100000000000000000000300000010000000000000000000106360010800570197256002773000000
0020020667666108003010010298510000000000365004580201000030000000250000000000250000000001000000010000008607602600000757000000007366026000007570000000073660063600108005701972560027730000
002011066766611500104151861536000000000024549294800400001000080025000025000025000000000000000000000100000001000000860760260000075700000000736602600000757000000007366000000000000000000000000000000000000000000000000006360010800570197256002773000000
002011066766612500104150964821000000000026131838160400001000450025000025000025000000000000000000000100000001000000860760260000075700000000736602600000757000000007366000000000000000000000000000000000000000000000000006360010800570197256002773000000
002011066766613000109071905023000000000028196275920100001003290025000012250008550008550000000000000100000001000000860760260000075700000000736602600000757000000007366000000000000000000000300000000000000000000000000006360010800570197256002773000000
00200306676661570030400487393100000000001545862162080000300774002500000000000000000000010000000100000086076026000007570000000073660260000075700000000736600000000000000000000006360010800570197256002773000000
002011066766617600104150465777000000000025907170000400001003660025000012250000000000000008550000000100000001000000860760260000075700000000736602600000757000000007366100000000000000000000300000000000000000000000000006360010800570197256002773000000
005001066766618000109076100261000000000029774490320100001000340000
005001066766618300109075567572000000000030854224080100001000340000
005001066766618500109075567599000000000030857127120100001000340000
005001066766618800109071765248000000000029730381520100001000340000
002011066766620000109076125182000000000028716224720100001001520025000012250008550008550000000000000100000001000000860760260000075700000000736602600000757000000007366000000000000000000000300000000000000000000000000006360010800570197256002773000000
002011066766621100104151861528000000000024557622480400001000080025000025000025000000000000000000000100000001000000860760260000075700000000736602600000757000000007366000000000000000000000000000000000000000000000000006360010800570197256002773000000
005001066766622300104151861552000000000024547927760400001000150000
002011066766622400104151861552000000000024547927760400001000100025000025000025000000000000000000000100000001000000860760260000075700000000736602600000757000000007366000000000000000000000000000000000000000000000000006360010800570197256002773000000
002011066766623000104151861544000000000024552543440400001000060025000025000025000000000000000000000100000001000000860760260000075700000000736602600000757000000007366000000000000000000000000000000000000000000000000006360010800570197256002773000000
002011066766623900104164237429000000000023370614480400001019050025000012250008550008550000000000000100000001000000860760260000075700000000736602600000757000000007366000000000000000000000300000000000000000000000000006360010800570197256002773000000
002011066766625100109128528673000000000001567545040100001001210025000012250008550008550000000000000100000001000000860760260000075700000000736602600000757000000007366000000000000000000000300000000000000000000000000006360010800570197256002773000000
002011066766625800104078096863000000000041999016750400001046120025000025000025000000000000000000000100000001000000860760260000075700000000736602600000757000000007366000000000000000000000019300000000000000000000000006360010800570197256002773000000
002011066766678500104166747068000000000024269768400400001019750025000012250000000000000008550000000100000001000000860760260000075700000000736602600000757000000007366100000000000000000000300000000000000000000000000006360010800570197256002773000000
002011066766679400103095310896000000000033440069840450001000090025000025000025000000000000000000000100000001000000860760260000075700000000736602600000757000000007366000000000000000000000000000000000000000000000000006360010800570197256002773000000
005001066766680200109166397823000000000006677154001023001002300000
002011066766680400109166397823000000000006677154000100001051270025000012250000000000000008550000000100000001000000860760260000075700000000736602600000757000000007366100000000000000000000300000010000000000000000000206360010800570197256002773000000
002011066766681100109166258301000000000007174119120100001052470025000012250000000000000008550000000100000001000000860760260000075700000000736602600000757000000007366100000000000000000000300000010000000000000000000106360010800570197256002773000000
00200306676677950030100103324500000000003148568702070100304557002500000000000000000000010000000100000086076026000007570000000073660260000075700000000736600000000000000000000006360010800570197256002773000000
005001066766830500117032769476000000000002651748550400001000150000
002011066766830500117032769476000000000002651748550400001039580025000012250003000003000008550000000100000001000000860760260000075700000000736602600000757000000007366100000000000000000000300000000000000000000000000006360010800570197256002773000000
002011066766831300104165158646000000000018758490320400001017350025000012250004600004600008550000000100000001000000860760260000075700000000736602600000757000000007366100000000000000000000300000000000000000000000000006360010800570197256002773000000
00300101000010000900095450000086076026000007570000000073660260000075700000000736606676701060000
00300104000010001200219800000086076026000007570000000073660260000075700000000736606676701060000
00300107100030000100000000000086076026000007570000000073660260000075700000000736606676701060000
00300101000030000100025000000086076026000007570000000073660260000075700000000736606676701060000
00300108000030000100000000000086076026000007570000000073660260000075700000000736606676701060000
00300104500010000100025000000086076026000007570000000073660260000075700000000736606676701060000
00300107010030000100000000000086076026000007570000000073660260000075700000000736606676701060000
001001026000008607600406676701060260000075700000000736602600000757000000007366020280457300100020000
001001026000008607600306676701100260000075700000000736602600000757000000007366020280457300100020000
02000100106676701210030100102985100000000003650045802026000007570000000073660100902000008607602600000757000000007366026000007570000000073660000
0210010300070000086076026000007570000000073660260000075700000000736606676701210000
0210010400100000086076026000007570000000073660260000075700000000736606676701210000
0210010500010000086076026000007570000000073660260000075700000000736606676701210000
0210010800010000086076026000007570000000073660260000075700000000736606676701210000
0210011200010000086076026000007570000000073660260000075700000000736606676701210000
0210011800060000086076026000007570000000073660260000075700000000736606676701210000
0210012500380000086076026000007570000000073660260000075700000000736606676701210000
010001001026000007570000000073660000086076066767012100500000
001001026000008607600206676701240260000075700000000736600000000000000000000000020280457300100020000
010001001026000007570000000073660000086076066767057000200000
001001026000008607600306676705720260000075700000000736602600000757000000007366020230456800100020000
001001026000008607600406676705780260000075700000000736602600000757000000007366020230456800100020000
001001026000008607600506676705840260000075700000000736602600000757000000007366020230456800100020000
002011066767307400104162354339000000000027728023760400001024730016850008650008550008550000000000000100000001000000860760260000075700000000736602600000757000000007366000000000000000000000300000000000000000000000000006360010800570197256002773000000
002011066767308100104150588798000000000025691820240400001001000016850008650008550008550000000000000100000001000000860760260000075700000000736602600000757000000007366000000000000000000000300000000000000000000000000006360010800570197256002773000000
002011066767310200104088927806000000000029381983440400001002740016850008650008550008550000000000000100000001000000860760260000075700000000736602600000757000000007366000000000000000000000300000000000000000000000000006360010800570197256002773000000
002011066767310900104152082999000000000025353398480400001001220016850008650008550008550000000000000100000001000000860760260000075700000000736602600000757000000007366000000000000000000000300000000000000000000000000006360010800570197256002773000000
002011066767311400109124333746000000000006164132560100001006650016850008650008550008550000000000000100000001000000860760260000075700000000736602600000757000000007366000000000000000000000300000000000000000000000000006360010800570197256002773000000
002011066767311800104086189255000000000014405909200400001002520016850016850016850000000000000000000100000001000000860760260000075700000000736602600000757000000007366000000000000000000000000000000000000000000000000006360010800570197256002773000000
005001066767313301503001573783000000000001422534730614015000840000
00200306676731330150300157378300000000000142253473061301500275001685000000000000000000010000000100000086076026000007570000000073660260000075700000000736600000000000000000000006360010800570197256002773000000
0020020667673142015030015737830000000000014225347306140150024900168500000000000000000001000000010000008607602600000757000000007366026000007570000000073660063600108005701972560027730000
0020020667673155003010010298510000000000365004580201000030000000168500000000168500000001000000010000008607602600000757000000007366026000007570000000073660063600108005701972560027730000
005001066767350300301001140785000000000002527136570400001000150000
005001066767350600301001140785000000000002527136570400001000150000
00200306676735070030100114078500000000000252713657070000300667001685000000000000000000010000000100000086076026000007570000000073660260000075700000000736600000000000000000000006360010800570197256002773000000
00200306676735600030400504860800000000000252995209080000300203001685000000000000000000010000000100000086076026000007570000000073660260000075700000000736600000000000000000000006360010800570197256002773000000
002011066767384800104160336252000000000026984080080400001033620016850008650008550008550000000000000100000001000000860760260000075700000000736602600000757000000007366000000000000000000000300000000000000000000000000006360010800570197256002773000000
002011066767395900104164572732000000000023043702480400001115640016850008650008550008550000000000000100000001000000860760260000075700000000736602600000757000000007366000000000000000000000300000000000000000000000000006360010800570197256002773000000
002011066767419300104081644681000000000002478490320400001022970016850008650008550008550000000000000100000001000000860760260000075700000000736602600000757000000007366000000000000000000000300000000000000000000000000006360010800570197256002773000000
002011066767443300104164412531000000000023259333840400001018540016850008650008550008550000000000000100000001000000860760260000075700000000736602600000757000000007366000000000000000000000300000000000000000000000000006360010800570197256002773000000
002011066767443800104152705181000000000026884859600400001042590016850016850016850000000000000000000100000001000000860760260000075700000000736602600000757000000007366000000000000000000000000000000000000000000000000006360010800570197256002773000000
002011066767444300104159925304000000000026696197840400001066140016850008650008550008550000000000000100000001000000860760260000075700000000736602600000757000000007366000000000000000000000300000000000000000000000000006360010800570197256002773000000
005001066767445300304004633231000000000025239050500800003000360000
00200306676744640030400463323100000000002523905050080000300743001685000000000000000000010000000100000086076026000007570000000073660260000075700000000736600000000000000000000006360010800570197256002773000000
002011066767496800104159049377000000000026041557200400001029990016850008650004600004600008550000000100000001000000860760260000075700000000736602600000757000000007366100000000000000000000300000000000000000000000000006360010800570197256002773000000
005001066767498500301001146333000000000002526778810400001000150000
005001066767498800301001146333000000000002526778810400001000150000
00200306676749890030100114633300000000000252677881070000300943001685000000000000000000010000000100000086076026000007570000000073660260000075700000000736600000000000000000000006360010800570197256002773000000
002011066767521900104164693149000000000023268805840400001068920016850008650004600004600008550000000100000001000000860760260000075700000000736602600000757000000007366100000000000000000000300000000000000000000000000006360010800570197256002773000000
002011066767522700104165720093000000000022773619920400001025620016850008650008550008550000000000000100000001000000860760260000075700000000736602600000757000000007366000000000000000000000300000000000000000000000000006360010800570197256002773000000
005001066767523200301001159559000000000035696578301023003000150000
005001066767523200301001159559000000000035696578300400001000150000
005001066767523600301001159559000000000035696578300400001000150000
00200306676752380030100115955900000000003569657830070000300080001685000000000000000000010000000100000086076026000007570000000073660260000075700000000736600000000000000000000006360010800570197256002773000000
00300104000010001400136500000086076026000007570000000073660260000075700000000736606676763650000
00300101000010000100008550000086076026000007570000000073660260000075700000000736606676763650000
00300106130150000100000000000086076026000007570000000073660260000075700000000736606676763650000
00300106140150000100000000000086076026000007570000000073660260000075700000000736606676763650000
00300101000030000100016850000086076026000007570000000073660260000075700000000736606676763650000
00300107000030000300000000000086076026000007570000000073660260000075700000000736606676763650000
00300108000030000200000000000086076026000007570000000073660260000075700000000736606676763650000
001001026000008607600406676763650260000075700000000736602600000757000000007366020230456800100120000
001001026000008607600506676763700260000075700000000736602600000757000000007366020230456800100120000
00200306676771430030400524142400000000003934072773080000300214001685000000000000000000010000000100000086076026000007570000000073660260000075700000000736600000000000000000000006360010800570197256002773000000
002011066767715200104164426833000000000022978931920400001021650016850008650004500004500008550000000100000001000000860760260000075700000000736602600000757000000007366100000000000000000000300000000000000000000000000006360010800570197256002773000000
002011066767716000109058559141000000000005170020560100001001910016850008650008550008550000000000000100000001000000860760260000075700000000736602600000757000000007366000000000000000000000300000000000000000000000000006360010800570197256002773000000
002011066767717100104152549927000000000026191977680400001051590016850008650004500004500008550000000100000001000000860760260000075700000000736602600000757000000007366100000000000000000000300000000000000000000000000006360010800570197256002773000000
002011066767717600117053964677000000000014437261230400001018020016850008650008550008550000000000000100000001000000860760260000075700000000736602600000757000000007366000000000000000000000300000000000000000000000000006360010800570197256002773000000
002011066767718200104086276921000000000023750387920400001005610016850016850016850000000000000000000100000001000000860760260000075700000000736602600000757000000007366000000000000000000000000000000000000000000000000006360010800570197256002773000000
002011066767723100104164571061000000000022958746320400001027770016850008650008550008550000000000000100000001000000860760260000075700000000736602600000757000000007366000000000000000000000300000000000000000000000000006360010800570197256002773000000
002011066767763300117055864556000000000029635421820400001013990016850008650001450001450008550000000100000001000000860760260000075700000000736602600000757000000007366100000000000000000000300000000000000000000000000006360010800570197256002773000000
00200306676787070030400479091200000000001547975714080000302020001685000000000000000000010000000100000086076026000007570000000073660260000075700000000736600000000000000000000006360010800570197256002773000000
002011066767871500109008047902000000000012550454480100001008870016850008650008550008550000000000000100000001000000860760260000075700000000736602600000757000000007366000000000000000000000300000010000000000000000003406360010800570197256002773000000
002011066767873300104085104591000000000019296072400400001004630016850016850016850000000000000000000100000001000000860760260000075700000000736602600000757000000007366000000000000000000000000000000000000000000000000006360010800570197256002773000000
005001066767920300301001163513000000000025252980420400001000150000
005001066767920600301001163513000000000025252980420400001000150000
00200306676792080030100116351300000000002525298042070000300227001685000000000000000000010000000100000086076026000007570000000073660260000075700000000736600000000000000000000006360010800570197256002773000000
00300108000030000200000000000086076026000007570000000073660260000075700000000736606676803980000
00300104000010000700076750000086076026000007570000000073660260000075700000000736606676803980000
00300101000010000200017100000086076026000007570000000073660260000075700000000736606676803980000
00300107000030000100000000000086076026000007570000000073660260000075700000000736606676803980000
001001026000008607600406676803980260000075700000000736602600000757000000007366020230456800100020000
001001026000008607600306676804010260000075700000000736602600000757000000007366020230456800100020000
001001026000008607600206676804050260000075700000000736602600000757000000007366020230456800100020000
010001001026000007570000000073660000086076066768041100400000
02000100106676804190030100102985100000000003650045802026000007570000000073660100903000008607602600000757000000007366026000007570000000073660000
0210010300040000086076026000007570000000073660260000075700000000736606676804190000
0210010400040000086076026000007570000000073660260000075700000000736606676804190000
0210010800040000086076026000007570000000073660260000075700000000736606676804190000
0210011000010000086076026000007570000000073660260000075700000000736606676804190000
0210011100010000086076026000007570000000073660260000075700000000736606676804190000
0210012500200000086076026000007570000000073660260000075700000000736606676804190000
010001001026000007570000000073660000086076066768041900500000
001001026000008607600106676804220000000075700000000000000000000000000000000000020230456800100020000
03400667650397000008607600005C06676503970667654876000008607604568I0000075700000007570001000000400168500000000100000001010000009000855000000001000000010400000040016850000000010000000104000000100000010000000100000001070000005000000000000001000000010701000010000000000000010000000108000001300000000000000100000001
03400667654882000008607600005C06676548820667658891000008607604568V00000757000000075700010000002000450100000001000000010100000070008550000000010000000101000000400168500000000100000001010000003000000100000001000000010100000020004251000000010000000101000000100030010000000100000001040000007000450100000001000000010400000030000001000000010000000104000000300168500000000100000001040000001000425100000001000000010700000020000000000000010000000107010000300000000000000100000001080000007000000000000001000000010800000070000000000000010000000108000000700000000000000100000001080000007000000000000001000000010800000070000000000000010000000108000000700000000000000100000001080000007000000000000001000000010800000070000000000000010000000108000000700000000000000100000001080000007000000000000001000000010800000070000000000000010000000108000000700000000000000100000001
