1000020260000086021005063600108005701961280017750000
001001026000008602100206676656140000000020159000000000000000000000000000000000000000000000000000000
010001001026000002015900000052210000086021066766562200100000
010001001026000002015900000052210000086021066766563300200000
001001026000008602100306676656390260000020159000000522102600000201590000005221000000000000000020000
001001026000008602100206676663730260000020159000000522102600000201590000005221000000000000000020000
001001026000008602100306676663800260000020159000000522102600000201590000005221000000000000000020000
001001026000008602100406676663860260000020159000000522102600000201590000005221020280457300100020000
001001026000008602100506676663910260000020159000000522102600000201590000005221020280457300100020000
002011066766651300104086916181000000000016776924880400001009150025000012250008550008550000000000000100000001000000860210260000020159000000522102600000201590000005221000000000000000000000300000000000000000000000000006360010800570196128001775000000
005001066766651900117060660271000000000027358666010100001002410000
002011066766651900117060660271000000000027358666010400001010370025000012250008550008550000000000000100000001000000860210260000020159000000522102600000201590000005221000000000000000000000300000000000000000000000000006360010800570196128001775000000
002011066766652500104164069038000000000022774185680400001061320025000012250008550008550000000000000100000001000000860210260000020159000000522102600000201590000005221000000000000000000000300000000000000000000000000006360010800570196128001775000000
002011066766653100104160560675000000000026391184080400001017530025000012250008550008550000000000000100000001000000860210260000020159000000522102600000201590000005221000000000000000000000300000000000000000000000000006360010800570196128001775000000
002011066766653700104086441922000000000016939428560400001006670025000025000025000000000000000000000100000001000000860210260000020159000000522102600000201590000005221000000000000000000000000000000000000000000000000006360010800570196128001775000000
0020020667666552003010002004070000000000223977650201000030000000250000000000250000000001000000010000008602102600000201590000005221026000002015900000052210063600108005701961280017750000
002011066766656000104082461716000000000000966905040400001027710025000012250008550008550000000000000100000001000000860210260000020159000000522102600000201590000005221000000000000000000000300000000000000000000000000006360010800570196128001775000000
002011066766657000109006102231000000000009997092560100001023530025000012250008550008550000000000000100000001000000860210260000020159000000522102600000201590000005221000000000000000000000300000010000000000000000000706360010800570196128001775000000
00200306676665770030400522492900000000002523782250080000300259002500000000000000000000010000000100000086021026000002015900000052210260000020159000000522100000000000000000000006360010800570196128001775000000
0020020667666590003010002004070000000000223977650201000030000000250000000000250000000001000000010000008602102600000201590000005221026000002015900000052210063600108005701961280017750000
002011066766660200104083399348000000000006646846160400001005900025000025000025000000000000000000000100000001000000860210260000020159000000522102600000201590000005221000000000000000000000000000000000000000000000000006360010800570196128001775000000
002011066766661000104165617616000000000022972224720400001055090025000012250008550008550000000000000100000001000000860210260000020159000000522102600000201590000005221000000000000000000000300000000000000000000000000006360010800570196128001775000000
002011066766662400109006181172000000000011151240400100001009820025000012250008550008550000000000000100000001000000860210260000020159000000522102600000201590000005221000000000000000000000300000000000000000000000000006360010800570196128001775000000
0020020667666674003010002004070000000000223977650201000030000000250000000000250000000001000000010000008602102600000201590000005221026000002015900000052210063600108005701961280017750000
005001066766671300304004762439000000000015482934100800003000360000
005001066766671600304004762439000000000015482934101023003000150000
005001066766671700304004762439000000000015482934100800003000360000
00200306676667200030400476243900000000001548293410080000301606002500000000000000000000010000000100000086021026000002015900000052210260000020159000000522100000000000000000000006360010800570196128001775000000
00200306676668530020401471216100000000002754516417080000202097002500000000000000000000010000000100000086021026000002015900000052210260000020159000000522100000000000000000000006360010800570196128001775000000
0020020667667122003010002004070000000000223977650201000030000000250000000000250000000001000000010000008602102600000201590000005221026000002015900000052210063600108005701961280017750000
005001066766724000301000978033000000000009889044590400001000150000
005001066766724400301000978033000000000009889044590400001000150000
00200306676672450030100097803300000000000988904459070000302865002500000000000000000000010000000100000086021026000002015900000052210260000020159000000522100000000000000000000006360010800570196128001775000000
002011066766734400109058066897000000000008151509200100001000730025000012250008550008550000000000000100000001000000860210260000020159000000522102600000201590000005221000000000000000000000300000000000000000000000000006360010800570196128001775000000
005001066766735300104085436763000000000019176694480400001000150000
005001066766735300104085436763000000000019176694480400001000150000
002011066766735500104085436763000000000019176694480400001009660025000012250008550008550000000000000100000001000000860210260000020159000000522102600000201590000005221000000000000000000000300000000000000000000000000006360010800570196128001775000000
0020020667667418003010002004070000000000223977650201000030000000250000000000250000000001000000010000008602102600000201590000005221026000002015900000052210063600108005701961280017750000
002011066766816200104152218416000000000025851218640400001001900025000012250008550008550000000000000100000001000000860210260000020159000000522102600000201590000005221000000000000000000000300000000000000000000000000006360010800570196128001775000000
002011066766817300109007716991000000000012549627600100001026290025000012250008550008550000000000000100000001000000860210260000020159000000522102600000201590000005221000000000000000000000300000010000000000000000000806360010800570196128001775000000
002011066766876100117060479207000000000001080080000400001016230025000012250008550008550000000000000100000001000000860210260000020159000000522102600000201590000005221000000000000000000000300000000000000000000000000006360010800570196128001775000000
002011066767016100104085226653000000000015702787280400001007440025000025000025000000000000000000000100000001000000860210260000020159000000522102600000201590000005221000000000000000000000000000000000000000000000000006360010800570196128001775000000
005001066767016600104087750571000000000016789550800400001000150000
002011066767016600104087750571000000000016789550800400001004930025000012250008550008550000000000000100000001000000860210260000020159000000522102600000201590000005221000000000000000000000300000000000000000000000000006360010800570196128001775000000
002011066767099400104165273798000000000024081203920400001010060025000012250000000000000008550000000100000001000000860210260000020159000000522102600000201590000005221100000000000000000000300000000000000000000000000006360010800570196128001775000000
00300104000010001400172750000086021026000002015900000052210260000020159000000522106676716110000
00300101000030000500125000000086021026000002015900000052210260000020159000000522106676716110000
00300101000010000400034200000086021026000002015900000052210260000020159000000522106676716110000
00300108000030000200000000000086021026000002015900000052210260000020159000000522106676716110000
00300108000020000100000000000086021026000002015900000052210260000020159000000522106676716110000
00300107000030000100000000000086021026000002015900000052210260000020159000000522106676716110000
001001026000008602100406676716110260000020159000000522102600000201590000005221020280457300100120000
001001026000008602100506676723730260000020159000000522102600000201590000005221020280457300100120000
002011066767238400109124332588000000000006178870480100001019920025000012250004500004500008550000000100000001000000860210260000020159000000522102600000201590000005221100000000000000000000300000000000000000000000000006360010800570196128001775000000
002011066767239500104083790365000000000009271342800400001012610025000012250003550003550008550000000100000001000000860210260000020159000000522102600000201590000005221100000000000000000000300000000000000000000000000006360010800570196128001775000000
002011066767240200109057413666000000000011034430160100001012360025000012250003550003550008550000000100000001000000860210260000020159000000522102600000201590000005221100000000000000000000300000000000000000000000000006360010800570196128001775000000
0020020667672417003010002004070000000000223977650201000030000000250000000000250000000001000000010000008602102600000201590000005221026000002015900000052210063600108005701961280017750000
002011066767290400104164194029000000000024061366480400001063770025000012250008550008550000000000000100000001000000860210260000020159000000522102600000201590000005221000000000000000000000300000000000000000000000000006360010800570196128001775000000
002011066767326300109126943754000000000004605612240100001019000025000012250000000000000008550000000100000001000000860210260000020159000000522102600000201590000005221100000000000000000000300000010000000000000000000206360010800570196128001775000000
002011066767326800117058472934000000000010664426250400001013020025000012250000000000000008550000000100000001000000860210260000020159000000522102600000201590000005221100000000000000000000300000000000000000000000000006360010800570196128001775000000
002011066767327500109055743693000000000007194097360100001003180025000012250008550008550000000000000100000001000000860210260000020159000000522102600000201590000005221000000000000000000000300000000000000000000000000006360010800570196128001775000000
00200306676732810030400461221600000000002523807802080000301564002500000000000000000000010000000100000086021026000002015900000052210260000020159000000522100000000000000000000006360010800570196128001775000000
00200306676732910050400102395600000000000965980913080000502740002500000000000000000000010000000100000086021026000002015900000052210260000020159000000522100000000000000000000006360010800570196128001775000000
00200306676732990020100461988100000000002474709669070000202092002500000000000000000000010000000100000086021026000002015900000052210260000020159000000522100000000000000000000006360010800570196128001775000000
002011066767331300104150886497000000000025323298000400001007330025000025000025000000000000000000000100000001000000860210260000020159000000522102600000201590000005221000000000000000000000000000000000000000000000000006360010800570196128001775000000
005001066767479500304005150641000000000035698853021021003000150000
00200306676747950030400515064100000000003569885302080000300240002500000000000000000000010000000100000086021026000002015900000052210260000020159000000522100000000000000000000006360010800570196128001775000000
002011066767646600104164392882000000000023248528080400001012260025000012250008550008550000000000000100000001000000860210260000020159000000522102600000201590000005221000000000000000000000300000000000000000000000000006360010800570196128001775000000
00300101000010000400045300000086021026000002015900000052210260000020159000000522106676772610000
00300104000010000500066600000086021026000002015900000052210260000020159000000522106676772610000
00300101000030000100025000000086021026000002015900000052210260000020159000000522106676772610000
00300108000030000200000000000086021026000002015900000052210260000020159000000522106676772610000
00300108000050000100000000000086021026000002015900000052210260000020159000000522106676772610000
00300107000020000100000000000086021026000002015900000052210260000020159000000522106676772610000
001001026000008602100406676772610260000020159000000522102600000201590000005221020280457300100020000
001001026000008602100506676776330260000020159000000522102600000201590000005221020280457300100020000
0020020667677672003010002004070000000000223977650201000030000000250000000000250000000001000000010000008602102600000201590000005221026000002015900000052210063600108005701961280017750000
005001066767779600109074051441000000000033587643600100001000340000
0020020667677821003010002004070000000000223977650201000030000000250000000000250000000001000000010000008602102600000201590000005221026000002015900000052210063600108005701961280017750000
0020020667678097003010002004070000000000223977650201000030000000250000000000250000000001000000010000008602102600000201590000005221026000002015900000052210063600108005701961280017750000
0020020667678162003010002004070000000000223977650201000030000000250000000000250000000001000000010000008602102600000201590000005221026000002015900000052210063600108005701961280017750000
0020020667678198003010002004070000000000223977650201000030000000250000000000250000000001000000010000008602102600000201590000005221026000002015900000052210063600108005701961280017750000
0020020667678205003010002004070000000000223977650201000030000000250000000000250000000001000000010000008602102600000201590000005221026000002015900000052210063600108005701961280017750000
005001066767851001503003040201000000000005723490430614015000840000
00200306676785110150300304020100000000000572349043061301500181002500000000000000000000010000000100000086021026000002015900000052210260000020159000000522100000000000000000000006360010800570196128001775000000
00200306676787510030400514259100000000003572163142080000300312002500000000000000000000010000000100000086021026000002015900000052210260000020159000000522100000000000000000000006360010800570196128001775000000
005001066767912800301001156479000000000035717074140400001000150000
005001066767913100301001156479000000000035717074140400001000150000
00200306676791330030100115647900000000003571707414070000300449002500000000000000000000010000000100000086021026000002015900000052210260000020159000000522100000000000000000000006360010800570196128001775000000
002011066767947300104151232318000000000023809495760400001003190025000025000025000000000000000000000100000001000000860210260000020159000000522102600000201590000005221000000000000000000000019100000000000000000000000006360010800570196128001775000000
005001066767948200109127754181000000000005990958800100001000340000
005001066767948400109127754181000000000005990958800100001000340000
002011066767949500104071640436000000000041789140670400001037830025000012250008550008550000000000000100000001000000860210260000020159000000522102600000201590000005221000000000000000000000300000000000000000000000000006360010800570196128001775000000
0020020667679502003010002004070000000000223977650201000030000000250000000000250000000001000000010000008602102600000201590000005221026000002015900000052210063600108005701961280017750000
005001066767950800301001164749000000000039340151250400001000150000
005001066767951000301001164749000000000039340151250400001000150000
00200306676795120030100116474900000000003934015125070000300057002500000000000000000000010000000100000086021026000002015900000052210260000020159000000522100000000000000000000006360010800570196128001775000000
005001066767987700301001003524000000000033643219300400001000150000
005001066767987900301001003524000000000033643219300400001000150000
00200306676798810030100100352400000000003364321930070000302665002500000000000000000000010000000100000086021026000002015900000052210260000020159000000522100000000000000000000006360010800570196128001775000000
00300101000030000700175000000086021026000002015900000052210260000020159000000522106676825230000
00300106130150000100000000000086021026000002015900000052210260000020159000000522106676825230000
00300108000030000100000000000086021026000002015900000052210260000020159000000522106676825230000
00300107000030000300000000000086021026000002015900000052210260000020159000000522106676825230000
00300104000010000200033550000086021026000002015900000052210260000020159000000522106676825230000
001001026000008602100406676825230260000020159000000522102600000201590000005221020280457300100120000
001001026000008602100506676825660260000020159000000522102600000201590000005221020280457300100120000
002011066768259400104157770321000000000025643241680400001006730025000012250004500004500008550000000100000001000000860210260000020159000000522102600000201590000005221100000000000000000000300000000000000000000000000006360010800570196128001775000000
002011066768259900109054899983000000000017694961360100001004350025000012250003550003550008550000000100000001000000860210260000020159000000522102600000201590000005221100000000000000000000300000000000000000000000000006360010800570196128001775000000
002011066768260300109057376582000000000005163136720100001001040025000012250003550003550008550000000100000001000000860210260000020159000000522102600000201590000005221100000000000000000000300000010000000000000000000106360010800570196128001775000000
002011066768260800104082578737000000000000022723280400001016620025000012250003550003550008550000000100000001000000860210260000020159000000522102600000201590000005221100000000000000000000300000000000000000000000000006360010800570196128001775000000
002011066768261300104087640058000000000015902715600400001004190025000012250008550008550000000000000100000001000000860210260000020159000000522102600000201590000005221000000000000000000000300000000000000000000000000006360010800570196128001775000000
002011066768264400104086489011000000000015513244880400001002690025000012250003550003550008550000000100000001000000860210260000020159000000522102600000201590000005221100000000000000000000300000000000000000000000000006360010800570196128001775000000
002011066768270700109150452153000000000003471089360100001000390025000012250008550008550000000000000100000001000000860210260000020159000000522102600000201590000005221000000000000000000000300000000000000000000000000006360010800570196128001775000000
002011066768271300104151952817000000000026129027280400001000110025000025000025000000000000000000000100000001000000860210260000020159000000522102600000201590000005221000000000000000000000000000000000000000000000000006360010800570196128001775000000
002011066768347100104162680414000000000027708782800400001013320025000012250008550008550000000000000100000001000000860210260000020159000000522102600000201590000005221000000000000000000000300000000000000000000000000006360010800570196128001775000000
002011066768386300104163147141000000000018641022160400001023430025000025000025000000000000000000000100000001000000860210260000020159000000522102600000201590000005221000000000000000000000019000000000000000000000000006360010800570196128001775000000
00200306676838680030400518734900000000002523849338080000300503002500000000000000000000010000000100000086021026000002015900000052210260000020159000000522100000000000000000000006360010800570196128001775000000
002011066768388400104151228892000000000023812578000400001002110025000012250002250002250008550000000100000001000000860210260000020159000000522102600000201590000005221100000000000000000000300000000000000000000000000006360010800570196128001775000000
002011066768582100104157200914000000000026785918160400001000190025000025000025000000000000000000000100000001000000860210260000020159000000522102600000201590000005221000000000000000000000000000000000000000000000000006360010800570196128001775000000
00300104000010000900141100000086021026000002015900000052210260000020159000000522106677010990000
00300101000010000300033050000086021026000002015900000052210260000020159000000522106677010990000
00300108000030000100000000000086021026000002015900000052210260000020159000000522106677010990000
001001026000008602100406677010990260000020159000000522102600000201590000005221020280457300100020000
001001026000008602100306677011030260000020159000000522102600000201590000005221020280457300100020000
02000100106677011140030100020040700000000002239776502026000002015900000052210046101000008602102600000201590000005221026000002015900000052210000
0210010300080000086021026000002015900000052210260000020159000000522106677011140000
0210010400080000086021026000002015900000052210260000020159000000522106677011140000
0210010800050000086021026000002015900000052210260000020159000000522106677011140000
0210011000010000086021026000002015900000052210260000020159000000522106677011140000
0210012500330000086021026000002015900000052210260000020159000000522106677011140000
010001001026000002015900000052210000086021066770111500500000
001001026000008602100206677011180260000020159000000522100000000000000000000000020280457300100020000
010001001026000002015900000052210000086021066770112400400000
001001026000008602100106677011290000000020159000000000000000000000000000000000020280457300100020000
03400667666391000008602100005C06676663910667671611000008602104573I0000020159000002015901000000400085500000000100000001010000012002500000000001000000010400000010000001000000010000000104000000400250000000000100000001040000011000855000000001000000010700000040000000000000010000000108000000400000000000000100000001
03400667672373000008602100005C06676723730667677261000008602104573V000002015900000201590100000010004501000000010000000101000000200085500000000100000001010000001000000100000001000000010100000010025000000000010000000101000000300035510000000100000001040000004002500000000001000000010400000010000001000000010000000104000000400085500000000100000001040000003000355100000001000000010700000010000000000000010000000108000000400000000000000100000001080000004000000000000001000000010800000040000000000000010000000108000000400000000000000100000001
