1000020260000086110005063600108048651581800020990000
0450010000000002000000000106676234040000
001001026000008611000206676236960000000080196000000000000000000000000000000000020590460400100100000
010001001026000008019600000076530000086110066762370200100000
010001001026000008019600000076530000086110066762371500200000
001001026000008611000306676237180260000080196000000765302600000801960000007653020590460400100110000
001001026000008611000406676237250260000080196000000765302600000801960000007653020590460400100110000
005001066762372600301001033661000000000026782383230400001000150000
001001026000008611000506676237310260000080196000000765302600000801960000007653020590460400100110000
005001066762374400104164566198000000000023099748561023001002300000
005001066762375100104164566198000000000023099748561023001002300000
002011066762376100104164566198000000000023099748560400001089070016850016850016850000000000000000000100000001000000861100260000080196000000765302600000801960000007653000000000000000000000000000000000000000000000000006360010804865158180002099000000
005001066762377000104165284277000000000023038738641022001000150000
002011066762377400104165284277000000000023038738640400001059100016850008650004500004500008550000000100000001000000861100260000080196000000765302600000801960000007653100000000000000000000300000000000000000000000000006360010804865158180002099000000
00200306676237790030400447412300000000002517046778080000301092001685000000000000000000010000000100000086110026000008019600000076530260000080196000000765300000000000000000000006360010804865158180002099000000
005001066762379000104162677081000000000025064799441023001002300000
002011066762379300104162677081000000000025064799440400001056710016850008650001050001050008550000000100000001000000861100260000080196000000765302600000801960000007653100000000000000000000300000000000000000000000000006360010804865158180002099000000
005001066762380100104151865507000000000024573742800400001000340000
005001066762380400104151865507000000000024573742800400001000340000
002011066762380800109108832466000000000018359929040100001015440016850008650004250004250008550000000100000001000000861100260000080196000000765302600000801960000007653100000000000000000000300000000000000000000000000006360010804865158180002099000000
002011066762381400104156844036000000000027407294160400001001800016850008650004250004250008550000000100000001000000861100260000080196000000765302600000801960000007653100000000000000000000300000000000000000000000000006360010804865158180002099000000
0020020667623820003010010336610000000000267823832301000030000000168500000000168500000001000000010000008611002600000801960000007653026000008019600000076530063600108048651581800020990000
00200306676240920030400533031100000000001983658002080000300013001685000000000000000000010000000100000086110026000008019600000076530260000080196000000765300000000000000000000006360010804865158180002099000000
002011066762418300104164088342000000000023038556880400001029250016850008650008550008550000000000000100000001000000861100260000080196000000765302600000801960000007653000000000000000000000300000000000000000000000000006360010804865158180002099000000
005001066762419200000000000000000000000017706023120000000000150000
005001066762419400104165181176000000000023243011920000000000150000
002011066762419500104165181176000000000017706023120400001047710016850008650008550008550000000000000100000001000000861100260000080196000000765302600000801960000007653000000000000000000000300000000000000000000000000006360010804865158180002099000000
002011066762442100104151753474000000000024567788240400001001840016850008650008550008550000000000000100000001000000861100260000080196000000765302600000801960000007653000000000000000000000300000000000000000000000000006360010804865158180002099000000
0020020667624713003010010336610000000000267823832301000030000000168500000000168500000001000000010000008611002600000801960000007653026000008019600000076530063600108048651581800020990000
002011066762497700117049138921000000000019892817820400001021440016850008650004250004250008550000000100000001000000861100260000080196000000765302600000801960000007653100000000000000000000300000000000000000000000000006360010804865158180002099000000
002011066762509000104163876924000000000022986683600400001031840016850008650008550008550000000000000100000001000000861100260000080196000000765302600000801960000007653000000000000000000000300000000000000000000000000006360010804865158180002099000000
002011066762515300109078022879000000000031381302480100001004010016850008650004100004100008550000000100000001000000861100260000080196000000765302600000801960000007653100000000000000000000300000000000000000000000000006360010804865158180002099000000
002011066762516100117024121551000000000017631301020400001048780016850008650004250004250008550000000100000001000000861100260000080196000000765302600000801960000007653100000000000000000000300000000000000000000000000006360010804865158180002099000000
002011066762516900109055051929000000000017655227600100001013790016850008650004600004600008550000000100000001000000861100260000080196000000765302600000801960000007653100000000000000000000300000000000000000000000000006360010804865158180002099000000
005001066762755600301001033661000000000026782383230400001000150000
00300104000010001000094300000086110026000008019600000076530260000080196000000765306676275590000
00300108000030000200000000000086110026000008019600000076530260000080196000000765306676275590000
00300101000010000300025950000086110026000008019600000076530260000080196000000765306676275590000
00300101000030000200033700000086110026000008019600000076530260000080196000000765306676275590000
001001026000008611000406676275590260000080196000000765302600000801960000007653020590460400100010000
005001066762784500301001033661000000000026782383230400001000150000
001001026000008611000306676278480260000080196000000765302600000801960000007653020590460400100010000
001001026000008611000406676300820260000080196000000765302600000801960000007653020590460400100010000
005001066763008300301001033661000000000026782383230400001000150000
001001026000008611000506676300880260000080196000000765302600000801960000007653020590460400100010000
0020020667630441003010010336610000000000267823832301000030000000168500000000168500000001000000010000008611002600000801960000007653026000008019600000076530063600108048651581800020990000
002011066763097900109081479256000000000010406477520100001002470016850008650008550008550000000000000100000001000000861100260000080196000000765302600000801960000007653000000000000000000000300000000000000000000000000006360010804865158180002099000000
002011066763100000104086143654000000000017442053840400001005930016850016850016850000000000000000000100000001000000861100260000080196000000765302600000801960000007653000000000000000000000000000000000000000000000000006360010804865158180002099000000
005001066763125500104166080969000000000023734562001023001002300000
002011066763125900104166080969000000000023734562000400001026480016850008650008550008550000000000000100000001000000861100260000080196000000765302600000801960000007653000000000000000000000300000000000000000000000000006360010804865158180002099000000
00200306676312840030400499244200000000003534114662080000300616001685000000000000000000010000000100000086110026000008019600000076530260000080196000000765300000000000000000000006360010804865158180002099000000
0020020667631396003010010336610000000000267823832301000030000000168500000000168500000001000000010000008611002600000801960000007653026000008019600000076530063600108048651581800020990000
002011066763209200109109229542000000000016900767440100001001580016850008650008550008550000000000000100000001000000861100260000080196000000765302600000801960000007653000000000000000000000300000000000000000000000000006360010804865158180002099000000
002011066763212200104084799986000000000016017421520400001007720016850016850016850000000000000000000100000001000000861100260000080196000000765302600000801960000007653000000000000000000000000000000000000000000000000006360010804865158180002099000000
00200306676321470020401582448500000000000639231377080000201389001685000000000000000000010000000100000086110026000008019600000076530260000080196000000765300000000000000000000006360010804865158180002099000000
00200306676325670030100095256500000000000885882515070100305517001685000000000000000000010000000100000086110026000008019600000076530260000080196000000765300000000000000000000006360010804865158180002099000000
005001066763413400301001033661000000000026782383230400001000150000
00300101000030000200033700000086110026000008019600000076530260000080196000000765306676341370000
00300101000010000200017100000086110026000008019600000076530260000080196000000765306676341370000
00300104000010000300042250000086110026000008019600000076530260000080196000000765306676341370000
00300108000030000100000000000086110026000008019600000076530260000080196000000765306676341370000
00300108000020000100000000000086110026000008019600000076530260000080196000000765306676341370000
00300107010030000100000000000086110026000008019600000076530260000080196000000765306676341370000
001001026000008611000406676341370260000080196000000765302600000801960000007653020590460400100110000
005001066763540700301001033661000000000026782383230400001000150000
001001026000008611000506676354120260000080196000000765302600000801960000007653020590460400100110000
002011066763541900117060241731000000000001092233120400001007550016850008650008550008550000000000000100000001000000861100260000080196000000765302600000801960000007653000000000000000000000300000000000000000000000000006360010804865158180002099000000
00200306676354260030400452549600000000001109347786080000301593001685000000000000000000010000000100000086110026000008019600000076530260000080196000000765300000000000000000000006360010804865158180002099000000
0020020667635485003010010336610000000000267823832301000030000000168500000000168500000001000000010000008611002600000801960000007653026000008019600000076530063600108048651581800020990000
002011066763549000117049083751000000000017608202290400001015750016850016850016850000000000000000000100000001000000861100260000080196000000765302600000801960000007653000000000000000000000000000000000000000000000000006360010804865158180002099000000
0020020667635506003010010336610000000000267823832301000030000000168500000000168500000001000000010000008611002600000801960000007653026000008019600000076530063600108048651581800020990000
00200306676355460030400427781600000000002679621107080000302243001685000000000000000000010000000100000086110026000008019600000076530260000080196000000765300000000000000000000006360010804865158180002099000000
00200306676355560030400533704900000000001983168194080000300004001685000000000000000000010000000100000086110026000008019600000076530260000080196000000765300000000000000000000006360010804865158180002099000000
0020020667635573003010010336610000000000267823832301000030000000168500000000168500000001000000010000008611002600000801960000007653026000008019600000076530063600108048651581800020990000
00200306676355790150300292742200000000001978298023061201500153001685000000000000000000010000000100000086110026000008019600000076530260000080196000000765300000000000000000000006360010804865158180002099000000
002011066763559200109007733561000000000012783409360100001006100016850008650004250004250008550000000100000001000000861100260000080196000000765302600000801960000007653100000000000000000000300000000000000000000000000006360010804865158180002099000000
002011066763560000104163989214000000000024137360080400001064100016850008650004500004500008550000000100000001000000861100260000080196000000765302600000801960000007653100000000000000000000300000000000000000000000000006360010804865158180002099000000
002011066763560700104153142391000000000027749363920400001009780016850008650008550008550000000000000100000001000000861100260000080196000000765302600000801960000007653000000000000000000000300000000000000000000000000006360010804865158180002099000000
002011066763561600104151692394000000000025308406480400001000850016850008650004250004250008550000000100000001000000861100260000080196000000765302600000801960000007653100000000000000000000300000000000000000000000000006360010804865158180002099000000
002011066763562300109054883785000000000014993621200100001002920016850008650008550008550000000000000100000001000000861100260000080196000000765302600000801960000007653000000000000000000000300000000000000000000000000006360010804865158180002099000000
00200306676356320020100474809500000000000252544521070000200813001685000000000000000000010000000100000086110026000008019600000076530260000080196000000765300000000000000000000006360010804865158180002099000000
00200306676357850030400379443400000000000883675939080000300865001685000000000000000000010000000100000086110026000008019600000076530260000080196000000765300000000000000000000006360010804865158180002099000000
00200306676357950030400392927500000000003442903643080000301679001685000000000000000000010000000100000086110026000008019600000076530260000080196000000765300000000000000000000006360010804865158180002099000000
002011066763580400104164568018000000000024126403280400001027190016850008650008550008550000000000000100000001000000861100260000080196000000765302600000801960000007653000000000000000000000300000000000000000000000000006360010804865158180002099000000
0020020667635819003010010336610000000000267823832301000030000000168500000000168500000001000000010000008611002600000801960000007653026000008019600000076530063600108048651581800020990000
005001066763592900301001158901000000000035692906780400001000150000
005001066763593100301001158901000000000035692906780400001000150000
005001066763593300301001158901000000000035692906780700003000800000
005001066763593300301001158901000000000035692906780400001000150000
005001066763593400301001158901000000000035692906780400001000150000
005001066763593400301001158901000000000035692906781007003000150000
005001066763593500301001158901000000000035692906781023003000150000
005001066763594600301001158901000000000035692906780400001000150000
005001066763594800301001158901000000000035692906780400001000150000
005001066763595000301001158901000000000035692906780700003000800000
005001066763595000301001158901000000000035692906780400001000150000
005001066763595100301001158901000000000035692906780400001000150000
005001066763595100301001158901000000000035692906781007003000150000
005001066763663000301001158901000000000035692906780400001000150000
005001066763663300301001158901000000000035692906780400001000150000
00200306676366350030100115890100000000003569290678070000300173001685000000000000000000010000000100000086110026000008019600000076530260000080196000000765300000000000000000000006360010804865158180002099000000
00200306676377250030400411047400000000000572228627080000302173001685000000000000000000010000000100000086110026000008019600000076530260000080196000000765300000000000000000000006360010804865158180002099000000
00200306676378580030400511238100000000001545914706080000300531001685000000000000000000010000000100000086110026000008019600000076530260000080196000000765300000000000000000000006360010804865158180002099000000
00200306676387150030400426711100000000002679626579080000301065001685000000000000000000010000000100000086110026000008019600000076530260000080196000000765300000000000000000000006360010804865158180002099000000
005001066763960700301001033661000000000026782383230400001000150000
00300104000010000600059800000086110026000008019600000076530260000080196000000765306676396100000
00300108000030000800000000000086110026000008019600000076530260000080196000000765306676396100000
00300101000030000400067400000086110026000008019600000076530260000080196000000765306676396100000
00300106120150000100000000000086110026000008019600000076530260000080196000000765306676396100000
00300101000010000200017200000086110026000008019600000076530260000080196000000765306676396100000
00300107000020000100000000000086110026000008019600000076530260000080196000000765306676396100000
00300107000030000100000000000086110026000008019600000076530260000080196000000765306676396100000
001001026000008611000406676396100260000080196000000765302600000801960000007653020590460400100010000
005001066764066000301001033661000000000026782383230400001000150000
001001026000008611000506676406640260000080196000000765302600000801960000007653020590460400100010000
002011066764105500104152319344000000000025319683280400001001010016850016850016850000000000000000000100000001000000861100260000080196000000765302600000801960000007653000000000000000000000000000000000000000000000000006360010804865158180002099000000
00200306676412420030400497442800000000002523771210080000300994001685000000000000000000010000000100000086110026000008019600000076530260000080196000000765300000000000000000000006360010804865158180002099000000
00200306676412560030400535701500000000001983197010080000300002001685000000000000000000010000000100000086110026000008019600000076530260000080196000000765300000000000000000000006360010804865158180002099000000
00200306676413110030400234463100000000001546677524080000301211001685000000000000000000010000000100000086110026000008019600000076530260000080196000000765300000000000000000000006360010804865158180002099000000
0020020667641651003010010336610000000000267823832301000030000000168500000000168500000001000000010000008611002600000801960000007653026000008019600000076530063600108048651581800020990000
0020020667641684003010010336610000000000267823832301000030000000168500000000168500000001000000010000008611002600000801960000007653026000008019600000076530063600108048651581800020990000
005001066764188700304005004627000000000035334818940000000000150000
00200306676418880030400500462700000000003533481894080000300755001685000000000000000000010000000100000086110026000008019600000076530260000080196000000765300000000000000000000006360010804865158180002099000000
002011066764192700104157704696000000000024861333200400001000160016850016850016850000000000000000000100000001000000861100260000080196000000765302600000801960000007653000000000000000000000000000000000000000000000000006360010804865158180002099000000
005001066764235500301001129528000000000008714664090400001000150000
005001066764235800301001129528000000000008714664090400001000150000
00200306676423600030100112952800000000000871466409070000301627001685000000000000000000010000000100000086110026000008019600000076530260000080196000000765300000000000000000000006360010804865158180002099000000
002011066764267300104164626611000000000022768287440400001016500016850016850016850000000000000000000100000001000000861100260000080196000000765302600000801960000007653000000000000000000000000000000000000000000000000006360010804865158180002099000000
002011066764268400117054249939000000000042046427470400001015700016850008650008550008550000000000000100000001000000861100260000080196000000765302600000801960000007653000000000000000000000300000000000000000000000000006360010804865158180002099000000
005001066764286000104156577674000000000024865270481023001002300000
005001066764286200104156577674000000000024865270481023001002300000
002011066764286500104156577674000000000024865270480400001000780016850016850016850000000000000000000100000001000000861100260000080196000000765302600000801960000007653000000000000000000000000000000000000000000000000006360010804865158180002099000000
005001066764351100301001163513000000000025252980420400001000150000
005001066764351300301001163513000000000025252980420400001000150000
00200306676435150030100116351300000000002525298042070000300225001685000000000000000000010000000100000086110026000008019600000076530260000080196000000765300000000000000000000006360010804865158180002099000000
005001066764502700301001033661000000000026782383230400001000150000
00300104000010000500075950000086110026000008019600000076530260000080196000000765306676450300000
00300108000030000400000000000086110026000008019600000076530260000080196000000765306676450300000
00300101000030000200033700000086110026000008019600000076530260000080196000000765306676450300000
00300107000030000200000000000086110026000008019600000076530260000080196000000765306676450300000
001001026000008611000406676450300260000080196000000765302600000801960000007653020590460400100110000
005001066764545800301001033661000000000026782383230400001000150000
001001026000008611000506676454630260000080196000000765302600000801960000007653020590460400100110000
005001066764548501503002070009000000000034431583630614015000840000
00200306676454850150300207000900000000003443158363061301502983001685000000000000000000010000000100000086110026000008019600000076530260000080196000000765300000000000000000000006360010804865158180002099000000
0020020667645494015030020700090000000000344315836306140150225600168500000000000000000001000000010000008611002600000801960000007653026000008019600000076530063600108048651581800020990000
00200306676455170030400486365100000000000322250393080000301411001685000000000000000000010000000100000086110026000008019600000076530260000080196000000765300000000000000000000006360010804865158180002099000000
002011066764552900117050204825000000000019495810140400001005690016850008650008550008550000000000000100000001000000861100260000080196000000765302600000801960000007653000000000000000000000300000000000000000000000000006360010804865158180002099000000
00200306676455410040400364557500000000001416594953080000400003001685000000000000000000010000000100000086110026000008019600000076530260000080196000000765300000000000000000000006360010804865158180002099000000
002011066764555600104075634503000000000027554683520400001017940016850016850016850000000000000000000100000001000000861100260000080196000000765302600000801960000007653000000000000000000000019300000000000000000000000006360010804865158180002099000000
002011066764556400117041251999000000000009144812210400001043320016850016850016850000000000000000000100000001000000861100260000080196000000765302600000801960000007653000000000000000000000000000000000000000000000000006360010804865158180002099000000
0020020667645591003010010336610000000000267823832301000030000000168500000000168500000001000000010000008611002600000801960000007653026000008019600000076530063600108048651581800020990000
005001066764560300104157418651000000000026790638801023001000150000
005001066764560300104157418651000000000026790638801023001002300000
002011066764560900104157418651000000000026790638800400001023450016850016850016850000000000000000000100000001000000861100260000080196000000765302600000801960000007653000000000000000000000000000000000000000000000000006360010804865158180002099000000
005001066764564300104152676961000000000024926838481023001002300000
002011066764564900104152676961000000000024926838480400001015090016850008650004250004250008550000000100000001000000861100260000080196000000765302600000801960000007653100000000000000000000300000000000000000000000000006360010804865158180002099000000
005001066764576400104085163503000000000015720220881023001002300000
002011066764576700104085163503000000000015720220880400001005330016850008650008550008550000000000000100000001000000861100260000080196000000765302600000801960000007653000000000000000000000300000000000000000000000000006360010804865158180002099000000
002011066764633300117056354624000000000042469496390400001013700016850008650008550008550000000000000100000001000000861100260000080196000000765302600000801960000007653000000000000000000000300000000000000000000000000006360010804865158180002099000000
005001066764633700117060545773000000000027336915610100001002410000
002011066764633700117060545773000000000027336915610400001006250016850016850016850000000000000000000100000001000000861100260000080196000000765302600000801960000007653000000000000000000000000000000000000000000000000006360010804865158180002099000000
002011066764665100109053534884000000000018223624400100001003150016850008650008550008550000000000000100000001000000861100260000080196000000765302600000801960000007653000000000000000000000300000010000000000000000000106360010804865158180002099000000
002011066764666900117033036571000000000002655803910400001025080016850008650008550008550000000000000100000001000000861100260000080196000000765302600000801960000007653000000000000000000000300000000000000000000000000006360010804865158180002099000000
002011066764691800104084581719000000000018593472720400001011120016850008650008550008550000000000000100000001000000861100260000080196000000765302600000801960000007653000000000000000000000300000000000000000000000000006360010804865158180002099000000
005001066764692400104152675949000000000024962949841023001002300000
002011066764692700104152675949000000000024962949840400001023160016850008650004600004600008550000000100000001000000861100260000080196000000765302600000801960000007653100000000000000000000300000000000000000000000000006360010804865158180002099000000
005001066764698900301001003524000000000033643219300400001000150000
005001066764699200301001003524000000000033643219300400001000150000
00200306676469930030100100352400000000003364321930070000302664001685000000000000000000010000000100000086110026000008019600000076530260000080196000000765300000000000000000000006360010804865158180002099000000
00200306676470640020401489053100000000002752796193080000200931001685000000000000000000010000000100000086110026000008019600000076530260000080196000000765300000000000000000000006360010804865158180002099000000
00200306676470810030400492914700000000000455867641080000300565001685000000000000000000010000000100000086110026000008019600000076530260000080196000000765300000000000000000000006360010804865158180002099000000
005001066764742800301001039987000000000034748288540400001000150000
005001066764743000301001039987000000000034748288540400001000150000
00200306676474320030100103998700000000003474828854070000301416001685000000000000000000010000000100000086110026000008019600000076530260000080196000000765300000000000000000000006360010804865158180002099000000
00200306676476120030100114334200000000001573025234070100300593001685000000000000000000010000000100000086110026000008019600000076530260000080196000000765300000000000000000000006360010804865158180002099000000
005001066764762300301001125433000000000008720023130400001000150000
005001066764762600301001125433000000000008720023130400001000150000
00200306676476270030100112543300000000000872002313070000300709001685000000000000000000010000000100000086110026000008019600000076530260000080196000000765300000000000000000000006360010804865158180002099000000
005001066764993500301001033661000000000026782383230400001000150000
00300106130150000100000000000086110026000008019600000076530260000080196000000765306676499380000
00300106140150000100000000000086110026000008019600000076530260000080196000000765306676499380000
00300108000030000200000000000086110026000008019600000076530260000080196000000765306676499380000
00300104000010001100127450000086110026000008019600000076530260000080196000000765306676499380000
00300108000040000100000000000086110026000008019600000076530260000080196000000765306676499380000
00300101000030000100016850000086110026000008019600000076530260000080196000000765306676499380000
00300101000010000100008550000086110026000008019600000076530260000080196000000765306676499380000
00300107000030000300000000000086110026000008019600000076530260000080196000000765306676499380000
00300108000020000100000000000086110026000008019600000076530260000080196000000765306676499380000
00300107010030000100000000000086110026000008019600000076530260000080196000000765306676499380000
001001026000008611000406676499380260000080196000000765302600000801960000007653020590460400100010000
005001066764993900301001033661000000000026782383230400001000150000
001001026000008611000306676499430260000080196000000765302600000801960000007653020590460400100010000
02000100106676499520030100103366100000000002678238323026000008019600000076530109302000008611002600000801960000007653026000008019600000076530000
0210010300200000086110026000008019600000076530260000080196000000765306676499520000
0210010400120000086110026000008019600000076530260000080196000000765306676499520000
0210010800090000086110026000008019600000076530260000080196000000765306676499520000
0210010900010000086110026000008019600000076530260000080196000000765306676499520000
0210011000010000086110026000008019600000076530260000080196000000765306676499520000
0210011100010000086110026000008019600000076530260000080196000000765306676499520000
0210012500310000086110026000008019600000076530260000080196000000765306676499520000
010001001026000008019600000076530000086110066764995200500000
001001026000008611000206676499590260000080196000000765300000000000000000000000020590460400100010000
010001001026000008019600000076530000086110066764996500400000
001001026000008611000106676499700000000080196000000000000000000000000000000000020590460400100010000
03400667630088000008611000005C06676300880667634137000008611004604I00000801960000080196010000002000855000000001000000010100000040016850000000010000000104000000200085500000000100000001040000006001685000000001000000010701000010000000000000010000000108000000600000000000000100000001
03400667623731000008611000005C06676237310667627559000008611004604V000008019600000801960100000010004601000000010000000101000000700168500000000100000001010000001000410100000001000000010100000020004251000000010000000104000000200045010000000100000001040000001000105100000001000000010400000060016850000000010000000104000000500042510000000100000001040000012000855000000001000000010800000140000000000000010000000108000001400000000000000100000001080000014000000000000001000000010800000140000000000000010000000108000001400000000000000100000001080000014000000000000001000000010800000140000000000000010000000108000001400000000000000100000001
