1000020260000086294005063600113589159310950000000000
0450010000000002000000000106676782460000
0450010000000002000000000106676795180000
0450010000000002000000000106676808050000
0450010000000002000000000106676820920000
0450010000000002000000000106676833800000
0450010000000002000000000106676846670000
0450010000000002000000000106676859560000
0450010000000002000000000106677008270000
0450010000000002000000000106677021140000
0450010000000002000000000106677034020000
0450010000000002000000000106677046900000
001001026000008629400206677053230000000063500000000000000000000000000000000000000000000000000000000
001001026000008629400106677053330000000063500000000000000000000000000000000000000000000000000000000
