1000020260000086070005063600108048651650740022510000
0450010000000002000000000106676682220000
001001026000008607000206676683200000000104389000000000000000000000000000000000020430458800100000000
010001001026000010438900000091270000086070066766832700100000
010001001026000010438900000091270000086070066766833900200000
001001026000008607000306676683420260000104389000000912702600001043890000009127020430458800100020000
001001026000008607000406676683480260000104389000000912702600001043890000009127020430458800100020000
001001026000008607000506676683610260000104389000000912702600001043890000009127020430458800100020000
00200306676685890150300326668300000000003569533958061201500260002500000000000000000000010000000100000086070026000010438900000091270260000104389000000912700000000000000000000006360010804865165074002251000000
002011066766880900109006837523000000000010886137040100001002270025000012250008550008550000000000000100000001000000860700260000104389000000912702600001043890000009127000000000000000000000300000000000000000000000000006360010804865165074002251000000
005001066766910600104165201525000000000018690824400400001000150000
005001066766910700104165201525000000000018690824401023001002300000
002011066766911000104165201525000000000018690824400400001130010025000012250008550008550000000000000100000001000000860700260000104389000000912702600001043890000009127000000000000000000000300000000000000000000000000006360010804865165074002251000000
005001066766913600109077186002000000000029664871120100001000150000
002011066766913700109077186002000000000029664871120100001000100025000012250008550008550000000000000100000001000000860700260000104389000000912702600001043890000009127000000000000000000000300000000000000000000000000006360010804865165074002251000000
002011066766914800117015213261000000000000936138210400001030800025000012250008550008550000000000000100000001000000860700260000104389000000912702600001043890000009127000000000000000000000300000000000000000000000000006360010804865165074002251000000
002011066766915300104152032649000000000025276101840400001002440025000025000000800000000000000000000100000001000000860700260000104389000000912702600001043890000009127000000000000000000000000000000000000000000000000006360010804865165074002251000000
002011066766915400104152032649000000000025276101840400001002440025000025000024200000000000000000000100000001000000860700260000104389000000912702600001043890000009127000000000000000000000000000000000000000000000000006360010804865165074002251000000
002011066766916000104156706725000000000024853719760400001000960025000012250008550008550000000000000100000001000000860700260000104389000000912702600001043890000009127000000000000000000000300000000000000000000000000006360010804865165074002251000000
0020020667669176003010011207410000000000045448845701000030000000250000000000250000000001000000010000008607002600001043890000009127026000010438900000091270063600108048651650740022510000
005001066766937700109104726866000000000010304177361023001002300000
002011066766938100109104726866000000000010304177360100001012920025000012250008550008550000000000000100000001000000860700260000104389000000912702600001043890000009127000000000000000000000300000010000000000000000000606360010804865165074002251000000
002011066766938800104151644811000000000025369738960400001000090025000012250001850008550000000000000100000001000000860700260000104389000000912702600001043890000009127000000000000000000000300000000000000000000000000006360010804865165074002251000000
002011066766938800104151644811000000000025369738960400001000090025000012250006700008550000000000000100000001000000860700260000104389000000912702600001043890000009127000000000000000000000300000000000000000000000000006360010804865165074002251000000
002011066766953300104088987019000000000029297250000400001001750025000012250008550008550000000000000100000001000000860700260000104389000000912702600001043890000009127000000000000000000000300000000000000000000000000006360010804865165074002251000000
002011066766954200109104339722000000000012941527760100001000780025000012250008550008550000000000000100000001000000860700260000104389000000912702600001043890000009127000000000000000000000300000000000000000000000000006360010804865165074002251000000
005001066766954900117012396941000000000038277512430400001000340000
005001066766955000117012396941000000000038277512430100001002410000
005001066766955300117012396941000000000038277512430400001000340000
005001066766955400117012396941000000000038277512430100001002410000
005001066766955700117012396941000000000038277512430400001000340000
005001066766955700117012396941000000000038277512430100001002410000
005001066766956000117012396941000000000038277512430400001000340000
005001066766956000117012396941000000000038277512430100001002410000
002011066766957100104156287765000000000024865068240400001000280025000025000025000000000000000000000100000001000000860700260000104389000000912702600001043890000009127000000000000000000000000000000000000000000000000006360010804865165074002251000000
0020020667669637003010011207410000000000045448845701000030000000250000000000250000000001000000010000008607002600001043890000009127026000010438900000091270063600108048651650740022510000
002011066766978600104166243272000000000024471993040400001026960025000012250008550008550000000000000100000001000000860700260000104389000000912702600001043890000009127000000000000000000000300000000000000000000000000006360010804865165074002251000000
002011066766980300104166508764000000000023160046800400001073900025000012250008550008550000000000000100000001000000860700260000104389000000912702600001043890000009127000000000000000000000300000000000000000000000000006360010804865165074002251000000
002011066767007300117024121551000000000017631301020400001048790025000012250008550008550000000000000100000001000000860700260000104389000000912702600001043890000009127000000000000000000000300000000000000000000000000006360010804865165074002251000000
005001066767045201503001508191000000000033610823630614015000840000
00200306676704530150300150819100000000003361082363061301504471002500000000000000000000010000000100000086070026000010438900000091270260000104389000000912700000000000000000000006360010804865165074002251000000
0020020667670461015030015081910000000000336108236306140150241300250000000000000000000001000000010000008607002600001043890000009127026000010438900000091270063600108048651650740022510000
005001066767121900104152777393000000000024807145681023001002300000
005001066767122100104152777393000000000024807145681023001002300000
005001066767122400104152777393000000000024807145681023001002300000
005001066767122700104152777393000000000024807145681023001002300000
005001066767123200104152777393000000000024807145681023001002300000
002011066767123500104152777393000000000024807145680400001089630025000012250008550008550000000000000100000001000000860700260000104389000000912702600001043890000009127000000000000000000000300000000000000000000000000006360010804865165074002251000000
00300106120150000100000000000086070026000010438900000091270260000104389000000912706676737970000
00300101000010000400034200000086070026000010438900000091270260000104389000000912706676737970000
00300104000010001100126950000086070026000010438900000091270260000104389000000912706676737970000
00300101000030000200050000000086070026000010438900000091270260000104389000000912706676737970000
00300106130150000100000000000086070026000010438900000091270260000104389000000912706676737970000
00300106140150000100000000000086070026000010438900000091270260000104389000000912706676737970000
001001026000008607000406676737970260000104389000000912702600001043890000009127020430458800100120000
001001026000008607000506676751120260000104389000000912702600001043890000009127020430458800100120000
002011066767595400104088813096000000000029371996880400001003430025000025000025000000000000000000000100000001000000860700260000104389000000912702600001043890000009127000000000000000000000000000000000000000000000000006360010804865165074002251000000
005001066767596100301001157939000000000035694398780400001000150000
005001066767596400301001157939000000000035694398780400001000150000
00200306676759650030100115793900000000003569439878070000300118002500000000000000000000010000000100000086070026000010438900000091270260000104389000000912700000000000000000000006360010804865165074002251000000
002011066767597900104162507062000000000028383934160400001026250025000012250004350008550000000000000100000001000000860700260000104389000000912702600001043890000009127000000000000000000000300000000000000000000000000006360010804865165074002251000000
002011066767597900104162507062000000000028383934160400001026250025000012250004200008550000000000000100000001000000860700260000104389000000912702600001043890000009127000000000000000000000300000000000000000000000000006360010804865165074002251000000
005001066767598600104085639257000000000018939705040400001000360000
002011066767598900104085639257000000000018939705040400001015660025000012250003550003550008550000000100000001000000860700260000104389000000912702600001043890000009127100000000000000000000300000000000000000000000000006360010804865165074002251000000
002011066767599600104166440639000000000023364736720400001018970025000012250008550008550000000000000100000001000000860700260000104389000000912702600001043890000009127000000000000000000000300000000000000000000000000006360010804865165074002251000000
002011066767600300104160917646000000000026754012880400001015560025000012250004500004500008550000000100000001000000860700260000104389000000912702600001043890000009127100000000000000000000300000000000000000000000000006360010804865165074002251000000
002011066767601000109056290064000000000015170130640100001000690025000012250008550008550000000000000100000001000000860700260000104389000000912702600001043890000009127000000000000000000000300000000000000000000000000006360010804865165074002251000000
002011066767608200109074852702000000000030740089040100001002700025000012250003550003550008550000000100000001000000860700260000104389000000912702600001043890000009127100000000000000000000300000000000000000000000000006360010804865165074002251000000
002011066767668300109076125182000000000028716224720100001001530025000012250000000000000008550000000100000001000000860700260000104389000000912702600001043890000009127100000000000000000000300000000000000000000000000006360010804865165074002251000000
002011066767669200104152235604000000000026080676560400001001330025000012250000000000000008550000000100000001000000860700260000104389000000912702600001043890000009127100000000000000000000300000000000000000000000000006360010804865165074002251000000
005001066767722400301001101917000000000004564103290400001000150000
005001066767722700301001101917000000000004564103290400001000150000
00200306676772280030100110191700000000000456410329070000302639002500000000000000000000010000000100000086070026000010438900000091270260000104389000000912700000000000000000000006360010804865165074002251000000
00300104000010000600078850000086070026000010438900000091270260000104389000000912706676802480000
00300107000030000200000000000086070026000010438900000091270260000104389000000912706676802480000
00300101000010000300033050000086070026000010438900000091270260000104389000000912706676802480000
001001026000008607000406676802480260000104389000000912702600001043890000009127020430458800100020000
001001026000008607000306676802520260000104389000000912702600001043890000009127020430458800100020000
02000100106676823040030100112074100000000000454488457026000010438900000091270032902000008607002600001043890000009127026000010438900000091270000
0210010400030000086070026000010438900000091270260000104389000000912706676823040000
0210010800020000086070026000010438900000091270260000104389000000912706676823040000
0210010900010000086070026000010438900000091270260000104389000000912706676823040000
0210011000010000086070026000010438900000091270260000104389000000912706676823040000
0210011100010000086070026000010438900000091270260000104389000000912706676823040000
0210012500210000086070026000010438900000091270260000104389000000912706676823040000
010001001026000010438900000091270000086070066768230400500000
001001026000008607000206676823080260000104389000000912700000000000000000000000020430458800100020000
010001001026000010438900000091270000086070066768231600400000
001001026000008607000106676823210000000104389000000000000000000000000000000000020430458800100020000
03400667668361000008607000005C06676683610667673797000008607004588I000010438900001043890100000020025000000000010000000101000000400085500000000100000001040000001002500000000001000000010400000010006700000000010000000104000000100018500000000100000001040000001002420000000001000000010400000010000800000000010000000104000000800085500000000100000001061200001000000000000001000000010613000010000000000000010000000106140000100000000000000100000001
03400667675112000008607000005C06676751120667680248000008607004588V00001043890000104389010000001000000100000001000000010100000010008550000000010000000101000000100035510000000100000001040000001000355100000001000000010400000010008550000000010000000104000000100042000000000100000001040000001000435000000001000000010400000010004501000000010000000104000000100250000000000100000001040000001000000100000001000000010700000020000000000000010000000107000000200000000000000100000001
