1000020260000086070005063600108048651650740022500000
0450010000000002000000000106676543550000
001001026000008607000206676545940000000104389000000000000000000000000000000000000000000000000000000
010001001026000010438900000091270000086070066765460100100000
010001001026000010438900000091270000086070066765461300200000
001001026000008607000306676546180260000104389000000912702600001043890000009127000000000000000020000
001001026000008607000406676546240260000104389000000912702600001043890000009127020590460400100020000
001001026000008607000506676580990260000104389000000912702600001043890000009127020590460400100020000
0020020667658521003010011207410000000000045448845701000030000000168500000000168500000001000000010000008607002600001043890000009127026000010438900000091270063600108048651650740022500000
002011066765866900104087896982000000000015304320720400001005990016850008650008550008550000000000000100000001000000860700260000104389000000912702600001043890000009127000000000000000000000300000000000000000000000000006360010804865165074002250000000
002011066765876900104089170652000000000031520315600400001001360016850016850016850000000000000000000100000001000000860700260000104389000000912702600001043890000009127000000000000000000000000000000000000000000000000006360010804865165074002250000000
005001066765877801503002823333000000000011352425300614015000840000
00200306676587780150300282333300000000001135242530061301500957001685000000000000000000010000000100000086070026000010438900000091270260000104389000000912700000000000000000000006360010804865165074002250000000
002011066765879100104080608019000000000006438876330400001007150016850016850016850000000000000000000100000001000000860700260000104389000000912702600001043890000009127000000000000000000000019300000000000000000000000006360010804865165074002250000000
00200306676587970030400407635700000000000572194483080000303079001685000000000000000000010000000100000086070026000010438900000091270260000104389000000912700000000000000000000006360010804865165074002250000000
00200306676588110030400363042300000000001958113132080000307999001685000000000000000000010000000100000086070026000010438900000091270260000104389000000912700000000000000000000006360010804865165074002250000000
00200306676588910030400460952500000000004147605659080000301890001685000000000000000000010000000100000086070026000010438900000091270260000104389000000912700000000000000000000006360010804865165074002250000000
002011066765911400117045390756000000000041330836840400001022890016850008650008550008550000000000000100000001000000860700260000104389000000912702600001043890000009127000000000000000000000300000000000000000000000000006360010804865165074002250000000
005001066765911900117000673899000000000025689243550400001000340000
005001066765911900117000673899000000000025689243550100001002410000
002011066765912100104082766576000000000003909358800400001001420016850016850016850000000000000000000100000001000000860700260000104389000000912702600001043890000009127000000000000000000000000000000000000000000000000006360010804865165074002250000000
002011066765912700109126530697000000000001603707600100001006820016850008650008550008550000000000000100000001000000860700260000104389000000912702600001043890000009127000000000000000000000300000010000000000000000000106360010804865165074002250000000
002011066765913200109081952369000000000009458811600100001017170016850016850016850000000000000000000100000001000000860700260000104389000000912702600001043890000009127000000000000000000000000000000000000000000000000006360010804865165074002250000000
005001066765913600104152675949000000000024962949840400001000150000
002011066765913700104152675949000000000024962949840400001023170016850008650008550008550000000000000100000001000000860700260000104389000000912702600001043890000009127000000000000000000000300000000000000000000000000006360010804865165074002250000000
002011066765914200104081874839000000000000844531920400001011540016850008650008550008550000000000000100000001000000860700260000104389000000912702600001043890000009127000000000000000000000300000000000000000000000000006360010804865165074002250000000
0020020667659263003010011207410000000000045448845701000030000000168500000000168500000001000000010000008607002600001043890000009127026000010438900000091270063600108048651650740022500000
0020020667659268003010011207410000000000045448845701000030000000168500000000168500000001000000010000008607002600001043890000009127026000010438900000091270063600108048651650740022500000
005001066765927200104084517514000000000015121892561023001002300000
005001066765927400104084517514000000000015121892561023001002300000
002011066765927900104084517514000000000015121892560400001009590016850008650008550008550000000000000100000001000000860700260000104389000000912702600001043890000009127000000000000000000000300000000000000000000000000006360010804865165074002250000000
00200306676592890030400473506700000000001548275186080000300858001685000000000000000000010000000100000086070026000010438900000091270260000104389000000912700000000000000000000006360010804865165074002250000000
00200306676594400030400531264100000000000455418985080000300208001685000000000000000000010000000100000086070026000010438900000091270260000104389000000912700000000000000000000006360010804865165074002250000000
002011066765945100104152354921000000000024455867600400001000890016850008650008550008550000000000000100000001000000860700260000104389000000912702600001043890000009127000000000000000000000300000000000000000000000000006360010804865165074002250000000
002011066765982200109124057773000000000001518436560100001001310016850008650008550008550000000000000100000001000000860700260000104389000000912702600001043890000009127000000000000000000000300000000000000000000000000006360010804865165074002250000000
002011066766030600104162660596000000000027746686160400001017610016850016850016850000000000000000000100000001000000860700260000104389000000912702600001043890000009127000000000000000000000000000000000000000000000000006360010804865165074002250000000
002011066766031200117043683901000000000021605514350400001036240016850008650008550008550000000000000100000001000000860700260000104389000000912702600001043890000009127000000000000000000000300000000000000000000000000006360010804865165074002250000000
005001066766112300301001145159000000000002525146650400001000150000
005001066766112600301001145159000000000002525146650400001000150000
00200306676611280030100114515900000000000252514665070000300304001685000000000000000000010000000100000086070026000010438900000091270260000104389000000912700000000000000000000006360010804865165074002250000000
00300101000030000300050550000086070026000010438900000091270260000104389000000912706676623850000
00300104000010001100127250000086070026000010438900000091270260000104389000000912706676623850000
00300106130150000100000000000086070026000010438900000091270260000104389000000912706676623850000
00300108000030000500000000000086070026000010438900000091270260000104389000000912706676623850000
00300101000010000300033950000086070026000010438900000091270260000104389000000912706676623850000
00300107000030000100000000000086070026000010438900000091270260000104389000000912706676623850000
001001026000008607000406676623850260000104389000000912702600001043890000009127020590460400100120000
001001026000008607000506676629390260000104389000000912702600001043890000009127020590460400100120000
005001066766296001503002070009000000000034431583630614015000840000
00200306676629600150300207000900000000003443158363061301502987001685000000000000000000010000000100000086070026000010438900000091270260000104389000000912700000000000000000000006360010804865165074002250000000
005001066766296801503002070009000000000034431583630614015000360000
0020020667662971015030020700090000000000344315836306140150225900168500000000000000000001000000010000008607002600001043890000009127026000010438900000091270063600108048651650740022500000
00200306676629770030400444801700000000002678491555080000302900001685000000000000000000010000000100000086070026000010438900000091270260000104389000000912700000000000000000000006360010804865165074002250000000
005001066766298600104165982101000000000024275157201023001002300000
005001066766298900104165982101000000000024275157201023001002300000
002011066766299500104165982101000000000024275157200400001053710016850008650000000000000008550000000100000001000000860700260000104389000000912702600001043890000009127100000000000000000000300000000000000000000000000006360010804865165074002250000000
002011066766300000104089787722000000000028097895120400001001340016850016850016850000000000000000000100000001000000860700260000104389000000912702600001043890000009127000000000000000000000000000000000000000000000000006360010804865165074002250000000
002011066766300900109125304588000000000006505971920100001012380016850008650000000000000008550000000100000001000000860700260000104389000000912702600001043890000009127100000000000000000000300000000000000000000000000006360010804865165074002250000000
002011066766301600104167431587000000000023721785040400001014600016850016850016850000000000000000000100000001000000860700260000104389000000912702600001043890000009127000000000000000000000000000000000000000000000000006360010804865165074002250000000
00200306676630220030500042871100000000000203030162071000300288001685000000000000000000010000000100000086070026000010438900000091270260000104389000000912700000000000000000000006360010804865165074002250000000
002011066766303300104089155394000000000033324846800400001000210016850016850016850000000000000000000100000001000000860700260000104389000000912702600001043890000009127000000000000000000000000000000000000000000000000006360010804865165074002250000000
002011066766310200104087837846000000000016532982480400001002650016850016850016850000000000000000000100000001000000860700260000104389000000912702600001043890000009127000000000000000000000000000000000000000000000000006360010804865165074002250000000
005001066766327500109123547505000000000012294377681023001002300000
002011066766327800109123547505000000000012294377680100001003440016850008650008550008550000000000000100000001000000860700260000104389000000912702600001043890000009127000000000000000000000300000000000000000000000000006360010804865165074002250000000
002011066766328400104164926275000000000024309466320400001047140016850008650008550008550000000000000100000001000000860700260000104389000000912702600001043890000009127000000000000000000000300000000000000000000000000006360010804865165074002250000000
002011066766370500104165362529000000000023005865680400001065390016850008650008550008550000000000000100000001000000860700260000104389000000912702600001043890000009127000000000000000000000300000000000000000000000000006360010804865165074002250000000
005001066766414600109081261862000000000006770629841023001002300000
002011066766415000109081261862000000000006770629840100001070300016850008650008550008550000000000000100000001000000860700260000104389000000912702600001043890000009127000000000000000000000300000010000000000000000000106360010804865165074002250000000
00300106130150000100000000000086070026000010438900000091270260000104389000000912706676668850000
00300106140150000100000000000086070026000010438900000091270260000104389000000912706676668850000
00300108000030000100000000000086070026000010438900000091270260000104389000000912706676668850000
00300104000010000700093150000086070026000010438900000091270260000104389000000912706676668850000
00300101000010000300025750000086070026000010438900000091270260000104389000000912706676668850000
00300107100030000100000000000086070026000010438900000091270260000104389000000912706676668850000
001001026000008607000406676668850260000104389000000912702600001043890000009127020590460400100020000
001001026000008607000306676668920260000104389000000912702600001043890000009127020590460400100020000
001001026000008607000206676669040260000104389000000912702600001043890000009127020590460400100020000
010001001026000010438900000091270000086070066766691000400000
02000100106676669180030100112074100000000000454488457026000010438900000091270032901000008607002600001043890000009127026000010438900000091270000
0210010300060000086070026000010438900000091270260000104389000000912706676669180000
0210010400080000086070026000010438900000091270260000104389000000912706676669180000
0210010500010000086070026000010438900000091270260000104389000000912706676669180000
0210010800010000086070026000010438900000091270260000104389000000912706676669180000
0210011000020000086070026000010438900000091270260000104389000000912706676669180000
0210011100010000086070026000010438900000091270260000104389000000912706676669180000
0210011800010000086070026000010438900000091270260000104389000000912706676669180000
0210012500150000086070026000010438900000091270260000104389000000912706676669180000
010001001026000010438900000091270000086070066766691800500000
001001026000008607000106676669300000000104389000000000000000000000000000000000020590460400100020000
03400667658099000008607000005C06676580990667662385000008607004604I0000104389000010438901000000400168500000000100000001010000002000855000000001000000010400000040016850000000010000000104000000700085500000000100000001061300001000000000000001000000010700000010000000000000010000000108000000500000000000000100000001
03400667662939000008607000005C06676629390667666885000008607004604V000010438900001043890100000020008550000000010000000101000000100000010000000100000001040000004001685000000001000000010400000010000001000000010000000104000000200085500000000100000001061300001000000000000001000000010614000010000000000000010000000107100000100000000000000100000001080000001000000000000001000000010800000010000000000000010000000108000000100000000000000100000001080000001000000000000001000000010800000010000000000000010000000108000000100000000000000100000001
