1000020260000086013005063600113503259898850029060000
0450010000000000000000000106674707930000
0450010000000002000000000106674720670000
0450010000000002000000000106674733080000
001001026000008601300206676154160000000099851000000000000000000000000000000000000000000000000000000
010001001026000009985100000087560000086013066761542300100000
010001001026000009985100000087560000086013066761543200200000
001001026000008601300306676154360260000099851000000875602600000998510000008756000000000000000010000
001001026000008601300406676154420260000099851000000875602600000998510000008756020280457300100010000
005001066761544300301001150871000000000002530536090400001000150000
001001026000008601300506676154480260000099851000000875602600000998510000008756020280457300100010000
00200306676156100030500026529300000000004028476411071000300338002500000000000000000000010000000100000086013026000009985100000087560260000099851000000875600000000000000000000006360011350325989885002906000000
00200306676156360030500044115600000000000203278962071000300636002500000000000000000000010000000100000086013026000009985100000087560260000099851000000875600000000000000000000006360011350325989885002906000000
005001066761613600109068164425000000000017550943441022001000150000
002011066761614000109068164425000000000017550943440100001010650025000012250008550008550000000000000100000001000000860130260000099851000000875602600000998510000008756000000000000000000000300000000000000000000000000006360011350325989885002906000000
002011066761622300109081180641000000000009357471440100001011190025000012250008550008550000000000000100000001000000860130260000099851000000875602600000998510000008756000000000000000000000300000010000000000000000000206360011350325989885002906000000
002011066761625100104164393234000000000022932836560400001013180025000025000025000000000000000000000100000001000000860130260000099851000000875602600000998510000008756000000000000000000000000000000000000000000000000006360011350325989885002906000000
00200306676165340030400532983600000000001983535458080000300081002500000000000000000000010000000100000086013026000009985100000087560260000099851000000875600000000000000000000006360011350325989885002906000000
002011066761662400109067324194000000000015332278480100001029730025000012250008550008550000000000000100000001000000860130260000099851000000875602600000998510000008756000000000000000000000300000000000000000000000000006360011350325989885002906000000
005001066761703200301001161553000000000026717010340400001000150000
005001066761703500301001161553000000000026717010340400001000150000
00200306676170360030100116155300000000002671701034070000300389002500000000000000000000010000000100000086013026000009985100000087560260000099851000000875600000000000000000000006360011350325989885002906000000
005001066761707300104160303869000000000026984914641023001002300000
002011066761707600104160303869000000000026984914640400001025180025000012250008550008550000000000000100000001000000860130260000099851000000875602600000998510000008756000000000000000000000300000000000000000000000000006360011350325989885002906000000
002011066761711600104152779477000000000027889175760400001112450025000012250008550008550000000000000100000001000000860130260000099851000000875602600000998510000008756000000000000000000000300000000000000000000000000006360011350325989885002906000000
002011066761715800104085711748000000000017592435920400001002680025000025000025000000000000000000000100000001000000860130260000099851000000875602600000998510000008756000000000000000000000000000000000000000000000000006360011350325989885002906000000
00200306676171620020100414188300000000003952132858070000202632002500000000000000000000010000000100000086013026000009985100000087560260000099851000000875600000000000000000000006360011350325989885002906000000
002011066761717400104156620588000000000027412293840400001009700025000012250008550008550000000000000100000001000000860130260000099851000000875602600000998510000008756000000000000000000000300000000000000000000000000006360011350325989885002906000000
00200306676172190020400293863100000000001980344081080000206142002500000000000000000000010000000100000086013026000009985100000087560260000099851000000875600000000000000000000006360011350325989885002906000000
002011066761732100104085083275000000000016969009360400001008280025000012250008550008550000000000000100000001000000860130260000099851000000875602600000998510000008756000000000000000000000300000000000000000000000000006360011350325989885002906000000
002011066761751500104156520796000000000027541868240400001092930025000012250008550008550000000000000100000001000000860130260000099851000000875602600000998510000008756000000000000000000000300000000000000000000000000006360011350325989885002906000000
002011066761759500104163871221000000000023052009680400001025870025000012250008550008550000000000000100000001000000860130260000099851000000875602600000998510000008756000000000000000000000300000000000000000000000000006360011350325989885002906000000
002011066761762100109054441421000000000016395743440100001002710025000012250008550008550000000000000100000001000000860130260000099851000000875602600000998510000008756000000000000000000000300000000000000000000000000006360011350325989885002906000000
005001066761768500301001138713000000000008715314810400001000150000
005001066761769000301001138713000000000008715314810400001000150000
00200306676176910030100113871300000000000871531481070000300461002500000000000000000000010000000100000086013026000009985100000087560260000099851000000875600000000000000000000006360011350325989885002906000000
005001066761792400301001145329000000000002528399290400001000150000
005001066761792700301001145329000000000002528399290400001000150000
00200306676179290030100114532900000000000252839929070000300306002500000000000000000000010000000100000086013026000009985100000087560260000099851000000875600000000000000000000006360011350325989885002906000000
002011066761820700104152144447000000000025342265040400001005800025000012250008550008550000000000000100000001000000860130260000099851000000875602600000998510000008756000000000000000000000300000000000000000000000000006360011350325989885002906000000
002011066761847800104083960236000000000009142774480400001012910025000012250008550008550000000000000100000001000000860130260000099851000000875602600000998510000008756000000000000000000000300000000000000000000000000006360011350325989885002906000000
002011066761848300104163997969000000000023395149520400001018550025000012250008550008550000000000000100000001000000860130260000099851000000875602600000998510000008756000000000000000000000300000000000000000000000000006360011350325989885002906000000
002011066761849100104085403581000000000018928087760400001007340025000012250008550008550000000000000100000001000000860130260000099851000000875602600000998510000008756000000000000000000000300000000000000000000000000006360011350325989885002906000000
002011066761854900104156523744000000000026922483920400001043620025000012250008550008550000000000000100000001000000860130260000099851000000875602600000998510000008756000000000000000000000300000000000000000000000000006360011350325989885002906000000
002011066761855800104165183391000000000014910521040400001037340025000012250008550008550000000000000100000001000000860130260000099851000000875602600000998510000008756000000000000000000000300000000000000000000000000006360011350325989885002906000000
002011066761916900117055678035000000000000566987110400001017500025000012250008550008550000000000000100000001000000860130260000099851000000875602600000998510000008756000000000000000000000300000000000000000000000000006360011350325989885002906000000
002011066761925800117042445371000000000027285902880400001055510025000012250008550008550000000000000100000001000000860130260000099851000000875602600000998510000008756000000000000000000000300000000000000000000000000006360011350325989885002906000000
005001066761926700304005017401000000000035330270620800003000360000
00200306676192720030400501740100000000003533027062080000301603002500000000000000000000010000000100000086013026000009985100000087560260000099851000000875600000000000000000000006360011350325989885002906000000
005001066762073600301001138713000000000008715314810400001000150000
00300107100030000200000000000086013026000009985100000087560260000099851000000875606676207380000
00300101000010000400034200000086013026000009985100000087560260000099851000000875606676207380000
00300104000010001600169700000086013026000009985100000087560260000099851000000875606676207380000
00300108000030000200000000000086013026000009985100000087560260000099851000000875606676207380000
00300107000030000300000000000086013026000009985100000087560260000099851000000875606676207380000
00300107000020000100000000000086013026000009985100000087560260000099851000000875606676207380000
00300108000020000100000000000086013026000009985100000087560260000099851000000875606676207380000
001001026000008601300406676207380260000099851000000875602600000998510000008756020280457300100110000
005001066762191800301001150871000000000002530536090400001000150000
001001026000008601300506676219220260000099851000000875602600000998510000008756020280457300100110000
00200306676219290020401724806600000000001759519495080000200276002500000000000000000000010000000100000086013026000009985100000087560260000099851000000875600000000000000000000006360011350325989885002906000000
002011066762194200109166957314000000000006799724240100001021950025000012250004500004500008550000000100000001000000860130260000099851000000875602600000998510000008756100000000000000000000300000010000000000000000000106360011350325989885002906000000
002011066762195300104082778809000000000006112443600400001003980025000012250008550008550000000000000100000001000000860130260000099851000000875602600000998510000008756000000000000000000000300000000000000000000000000006360011350325989885002906000000
002011066762195900104160023378000000000027092552400400001030300025000012250008550008550000000000000100000001000000860130260000099851000000875602600000998510000008756000000000000000000000300000000000000000000000000006360011350325989885002906000000
002011066762198500104151353638000000000025771257040400001042940025000012250008550008550000000000000100000001000000860130260000099851000000875602600000998510000008756000000000000000000000300000000000000000000000000006360011350325989885002906000000
002011066762305400104087750571000000000016789550800400001004920025000012250000000000000008550000000100000001000000860130260000099851000000875602600000998510000008756100000000000000000000300000000000000000000000000006360011350325989885002906000000
0020020667623062003010011508710000000000025305360901000030000000250000000000250000000001000000010000008601302600000998510000008756026000009985100000087560063600113503259898850029060000
0020020667623067003010011508710000000000025305360901000030000000250000000000250000000001000000010000008601302600000998510000008756026000009985100000087560063600113503259898850029060000
002011066762307500104150235569000000000025397924560400001002170025000025000025000000000000000000000100000001000000860130260000099851000000875602600000998510000008756000000000000000000000000000000000000000000000000006360011350325989885002906000000
00200306676230820050400072444600000000003674745428080000505476002500000000000000000000010000000100000086013026000009985100000087560260000099851000000875600000000000000000000006360011350325989885002906000000
002011066762309400104160873631000000000026967565520400001054470025000012250004500004500008550000000100000001000000860130260000099851000000875602600000998510000008756100000000000000000000300000000000000000000000000006360011350325989885002906000000
002011066762310200104085736406000000000016954210000400001014440025000012250004500004500008550000000100000001000000860130260000099851000000875602600000998510000008756100000000000000000000300000000000000000000000000006360011350325989885002906000000
002011066762310600104084890177000000000015389038800400001011390025000012250000500004500008550000000100000001000000860130260000099851000000875602600000998510000008756100000000000000000000300000000000000000000000000006360011350325989885002906000000
002011066762310600104084890177000000000015389038800400001011390025000012250004000004500008550000000100000001000000860130260000099851000000875602600000998510000008756100000000000000000000300000000000000000000000000006360011350325989885002906000000
002011066762311000117053612461000000000035599184270400001022480025000012250000000000000008550000000100000001000000860130260000099851000000875602600000998510000008756100000000000000000000300000000000000000000000000006360011350325989885002906000000
002011066762311400104165427612000000000024115825360400001033070025000012250008550008550000000000000100000001000000860130260000099851000000875602600000998510000008756000000000000000000000300000000000000000000000000006360011350325989885002906000000
002011066762312400109106459199000000000013267945680100001023420025000012250000000000000008550000000100000001000000860130260000099851000000875602600000998510000008756100000000000000000000300000000000000000000000000006360011350325989885002906000000
002011066762441500104083940812000000000010181020880400001008960025000012250008550008550000000000000100000001000000860130260000099851000000875602600000998510000008756000000000000000000000300000000000000000000000000006360011350325989885002906000000
002011066762462200104166603201000000000019671834320400001019970025000012250003000003000008550000000100000001000000860130260000099851000000875602600000998510000008756100000000000000000000300000000000000000000000000006360011350325989885002906000000
002011066762472000104151955891000000000025587062480400001019300025000012250008550008550000000000000100000001000000860130260000099851000000875602600000998510000008756000000000000000000000300000000000000000000000000006360011350325989885002906000000
002011066762516300104162222521000000000028399199440400001027100025000012250004600004600008550000000100000001000000860130260000099851000000875602600000998510000008756100000000000000000000300000000000000000000000000006360011350325989885002906000000
00200306676253100030500043653500000000002741374921071000300397002500000000000000000000010000000100000086013026000009985100000087560260000099851000000875600000000000000000000006360011350325989885002906000000
005001066762532200301001104941000000000015737238100400001000150000
005001066762532600301001104941000000000015737238100400001000150000
00200306676253270030100110494100000000001573723810070000300636002500000000000000000000010000000100000086013026000009985100000087560260000099851000000875600000000000000000000006360011350325989885002906000000
00200306676256260030500043729900000000000200617234071000300734002500000000000000000000010000000100000086013026000009985100000087560260000099851000000875600000000000000000000006360011350325989885002906000000
005001066762690900301001150871000000000002530536090400001000150000
00300108000020000100000000000086013026000009985100000087560260000099851000000875606676269120000
00300101000010000200024500000086013026000009985100000087560260000099851000000875606676269120000
00300104000010001400162050000086013026000009985100000087560260000099851000000875606676269120000
00300101000030000200050000000086013026000009985100000087560260000099851000000875606676269120000
00300108000050000100000000000086013026000009985100000087560260000099851000000875606676269120000
00300107100030000200000000000086013026000009985100000087560260000099851000000875606676269120000
00300107000030000100000000000086013026000009985100000087560260000099851000000875606676269120000
001001026000008601300406676269120260000099851000000875602600000998510000008756020280457300100010000
005001066762719100301001150871000000000002530536090400001000150000
001001026000008601300506676271960260000099851000000875602600000998510000008756020280457300100010000
002011066762721100104162767561000000000027719312080400001035060025000012250007920008550000000000000100000001000000860130260000099851000000875602600000998510000008756000000000000000000000300000000000000000000000000006360011350325989885002906000000
002011066762721100104162767561000000000027719312080400001035060025000012250000630008550000000000000100000001000000860130260000099851000000875602600000998510000008756000000000000000000000300000000000000000000000000006360011350325989885002906000000
002011066762722700104162769717000000000025193214160400001016010025000012250008550008550000000000000100000001000000860130260000099851000000875602600000998510000008756000000000000000000000300000000000000000000000000006360011350325989885002906000000
00200306676272410020401647530100000000000245097650080000200174002500000000000000000000010000000100000086013026000009985100000087560260000099851000000875600000000000000000000006360011350325989885002906000000
00200306676272520020401546806900000000001290589881080000201202002500000000000000000000010000000100000086013026000009985100000087560260000099851000000875600000000000000000000006360011350325989885002906000000
00200306676272640030400378293200000000003931913141080000300199002500000000000000000000010000000100000086013026000009985100000087560260000099851000000875600000000000000000000006360011350325989885002906000000
00200306676272860030400456672900000000003413483588080000300083002500000000000000000000010000000100000086013026000009985100000087560260000099851000000875600000000000000000000006360011350325989885002906000000
0020020667627302003010011508710000000000025305360901000030000000250000000000250000000001000000010000008601302600000998510000008756026000009985100000087560063600113503259898850029060000
002011066762730800104165146151000000000017689201360400001011480025000012250008550008550000000000000100000001000000860130260000099851000000875602600000998510000008756000000000000000000000300000000000000000000000000006360011350325989885002906000000
002011066762731500104082508526000000000002500887760400001001970025000012250008550008550000000000000100000001000000860130260000099851000000875602600000998510000008756000000000000000000000300000000000000000000000000006360011350325989885002906000000
002011066762732200109104032708000000000010711706320100001002280025000012250008550008550000000000000100000001000000860130260000099851000000875602600000998510000008756000000000000000000000300000000000000000000000000006360011350325989885002906000000
005001066762732600301001064851000000000034131823240400001000150000
005001066762732900301001064851000000000034131823240400001000150000
00200306676273310030100106485100000000003413182324070000301531002500000000000000000000010000000100000086013026000009985100000087560260000099851000000875600000000000000000000006360011350325989885002906000000
005001066762759200301001109624000000000024737511730400001000150000
005001066762759500301001109624000000000024737511730400001000150000
00200306676275960030100110962400000000002473751173070000301369002500000000000000000000010000000100000086013026000009985100000087560260000099851000000875600000000000000000000006360011350325989885002906000000
00200306676277530020100302105100000000001321132843070000203431002500000000000000000000010000000100000086013026000009985100000087560260000099851000000875600000000000000000000006360011350325989885002906000000
002011066762776900104089500351000000000033294108880400001002640025000012250008550008550000000000000100000001000000860130260000099851000000875602600000998510000008756000000000000000000000300000000000000000000000000006360011350325989885002906000000
00200306676279530030400521106100000000002523557098080000300408002500000000000000000000010000000100000086013026000009985100000087560260000099851000000875600000000000000000000006360011350325989885002906000000
00200306676280200030400356012300000000003931888133080000302123002500000000000000000000010000000100000086013026000009985100000087560260000099851000000875600000000000000000000006360011350325989885002906000000
002011066762803300109081079525000000000008348859600100001041620025000012250008550008550000000000000100000001000000860130260000099851000000875602600000998510000008756000000000000000000000300000010000000000000000001606360011350325989885002906000000
005001066762807000109075153913000000000031383097040100001000340000
005001066762807200109075153913000000000031383097040100001000340000
005001066762807600109075153913000000000031383097040100001000340000
0020020667628132003010011508710000000000025305360901000030000000250000000000250000000001000000010000008601302600000998510000008756026000009985100000087560063600113503259898850029060000
002011066762828200109054460132000000000018537449680100001000190025000012250008550008550000000000000100000001000000860130260000099851000000875602600000998510000008756000000000000000000000300000000000000000000000000006360011350325989885002906000000
00200306676283100030400235979300000000003411532852080000301705002500000000000000000000010000000100000086013026000009985100000087560260000099851000000875600000000000000000000006360011350325989885002906000000
002011066762842600109125747102000000000006496138960100001020570025000012250008550008550000000000000100000001000000860130260000099851000000875602600000998510000008756000000000000000000000300000000000000000000000000006360011350325989885002906000000
002011066762848300109109225997000000000016817124560100001003160025000012250008550008550000000000000100000001000000860130260000099851000000875602600000998510000008756000000000000000000000300000000000000000000000000006360011350325989885002906000000
00200306676285790020401384586800000000001334179014080000202924002500000000000000000000010000000100000086013026000009985100000087560260000099851000000875600000000000000000000006360011350325989885002906000000
00200306676289040020401035303400000000004155136270080000210462002500000000000000000000010000000100000086013026000009985100000087560260000099851000000875600000000000000000000006360011350325989885002906000000
00200306676289160030400519055200000000002523882138080000300313002500000000000000000000010000000100000086013026000009985100000087560260000099851000000875600000000000000000000006360011350325989885002906000000
0020020667628927003010011508710000000000025305360901000030000000250000000000250000000001000000010000008601302600000998510000008756026000009985100000087560063600113503259898850029060000
00200306676290040020400757094100000000004139266085080000210262002500000000000000000000010000000100000086013026000009985100000087560260000099851000000875600000000000000000000006360011350325989885002906000000
00200306676290820030400441184900000000002679672771080000301568002500000000000000000000010000000100000086013026000009985100000087560260000099851000000875600000000000000000000006360011350325989885002906000000
00200306676290920020100476626300000000003571843750070000200863002500000000000000000000010000000100000086013026000009985100000087560260000099851000000875600000000000000000000006360011350325989885002906000000
00200306676291040030400489394100000000003360918251080000302485002500000000000000000000010000000100000086013026000009985100000087560260000099851000000875600000000000000000000006360011350325989885002906000000
00200306676292220030400326726400000000003175215628080000307058002500000000000000000000010000000100000086013026000009985100000087560260000099851000000875600000000000000000000006360011350325989885002906000000
005001066762947700301000747805000000000015568694190400001000150000
005001066762947900301000747805000000000015568694190400001000150000
00200306676294810030100074780500000000001556869419070000304821002500000000000000000000010000000100000086013026000009985100000087560260000099851000000875600000000000000000000006360011350325989885002906000000
002011066762996300109166397823000000000006677154000100001051240025000012250008550008550000000000000100000001000000860130260000099851000000875602600000998510000008756000000000000000000000300000010000000000000000000206360011350325989885002906000000
002011066763002100104082906203000000000006431580880400001019260025000012250008550008550000000000000100000001000000860130260000099851000000875602600000998510000008756000000000000000000000300000000000000000000000000006360011350325989885002906000000
002011066763002800109126149128000000000003345764560100001027420025000012250004250004250008550000000100000001000000860130260000099851000000875602600000998510000008756100000000000000000000300000000000000000000000000006360011350325989885002906000000
002011066763003700104086612621000000000023635733200400001002000025000012250008550008550000000000000100000001000000860130260000099851000000875602600000998510000008756000000000000000000000300000000000000000000000000006360011350325989885002906000000
00200306676301460150300327255100000000001983281506061201500137002500000000000000000000010000000100000086013026000009985100000087560260000099851000000875600000000000000000000006360011350325989885002906000000
005001066763233200301001150871000000000002530536090400001000150000
00300104000010000700059850000086013026000009985100000087560260000099851000000875606676323350000
00300108000020000500000000000086013026000009985100000087560260000099851000000875606676323350000
00300108000030000900000000000086013026000009985100000087560260000099851000000875606676323350000
00300101000030000300075000000086013026000009985100000087560260000099851000000875606676323350000
00300101000010000700063550000086013026000009985100000087560260000099851000000875606676323350000
00300107000030000300000000000086013026000009985100000087560260000099851000000875606676323350000
00300107000020000200000000000086013026000009985100000087560260000099851000000875606676323350000
00300106120150000100000000000086013026000009985100000087560260000099851000000875606676323350000
001001026000008601300406676323350260000099851000000875602600000998510000008756020280457300100110000
005001066763349400301001150871000000000002530536090400001000150000
001001026000008601300506676334990260000099851000000875602600000998510000008756020280457300100110000
002011066763351200109008749036000000000012657529040100001017030025000012250003550003550008550000000100000001000000860130260000099851000000875602600000998510000008756100000000000000000000300000000000000000000000000006360011350325989885002906000000
002011066763352000109081180641000000000009357471440100001011200025000012250008550008550000000000000100000001000000860130260000099851000000875602600000998510000008756000000000000000000000300000010000000000000000000206360011350325989885002906000000
002011066763352800117059565286000000000006479460650400001008520025000012250008550008550000000000000100000001000000860130260000099851000000875602600000998510000008756000000000000000000000300000000000000000000000000006360011350325989885002906000000
002011066763353500109126529907000000000003194821840100001004380025000012250008550008550000000000000100000001000000860130260000099851000000875602600000998510000008756000000000000000000000300000000000000000000000000006360011350325989885002906000000
002011066763354500104164391789000000000022905534160400001017980025000012250004500004500008550000000100000001000000860130260000099851000000875602600000998510000008756100000000000000000000300000000000000000000000000006360011350325989885002906000000
002011066763355100109080813179000000000006033493200100001003960025000012250003550003550008550000000100000001000000860130260000099851000000875602600000998510000008756100000000000000000000300000000000000000000000000006360011350325989885002906000000
00200306676335640020401699192100000000002794553305080000200736002500000000000000000000010000000100000086013026000009985100000087560260000099851000000875600000000000000000000006360011350325989885002906000000
005001066763357500109124786252000000000002916462801023001002300000
002011066763357800109124786252000000000002916462800100001006980025000012250008550008550000000000000100000001000000860130260000099851000000875602600000998510000008756000000000000000000000300000010000000000000000000506360011350325989885002906000000
002011066763359100109006747044000000000011139106000100001043700025000012250004750004750008550000000100000001000000860130260000099851000000875602600000998510000008756100000000000000000000300000010000000000000000001006360011350325989885002906000000
00200306676336030030400446152800000000002516941578080000301542002500000000000000000000010000000100000086013026000009985100000087560260000099851000000875600000000000000000000006360011350325989885002906000000
002011066763362300104153315857000000000027269361360400001020150025000025000025000000000000000000000100000001000000860130260000099851000000875602600000998510000008756000000000000000000000000000000000000000000000000006360011350325989885002906000000
002011066763363200109160581932000000000002031504080100001011400025000012250004500004500008550000000100000001000000860130260000099851000000875602600000998510000008756100000000000000000000300000000000000000000000000006360011350325989885002906000000
002011066763364200109127204491000000000003380232400100001006940025000012250003550003550008550000000100000001000000860130260000099851000000875602600000998510000008756100000000000000000000300000000000000000000000000006360011350325989885002906000000
002011066763364900109057081175000000000008128430800100001006230025000012250003550003550008550000000100000001000000860130260000099851000000875602600000998510000008756100000000000000000000300000000000000000000000000006360011350325989885002906000000
002011066763365800104163154627000000000016334733520400001009190025000012250003550003550008550000000100000001000000860130260000099851000000875602600000998510000008756100000000000000000000300000000000000000000000000006360011350325989885002906000000
002011066763366500104089771958000000000030766938320400001001030025000012250003550003550008550000000100000001000000860130260000099851000000875602600000998510000008756100000000000000000000300000000000000000000000000006360011350325989885002906000000
002011066763367300109126230881000000000003331149520100001007800025000012250008550008550000000000000100000001000000860130260000099851000000875602600000998510000008756000000000000000000000300000010000000000000000000306360011350325989885002906000000
002011066763440200104085988987000000000015774372560400001011950025000012250008550008550000000000000100000001000000860130260000099851000000875602600000998510000008756000000000000000000000300000000000000000000000000006360011350325989885002906000000
00200306676344070020100450549400000000002638023437070000204338002500000000000000000000010000000100000086013026000009985100000087560260000099851000000875600000000000000000000006360011350325989885002906000000
002011066763441600109078472671000000000032270226640100001000770025000012250000000000000008550000000100000001000000860130260000099851000000875602600000998510000008756100000000000000000000300000000000000000000000000006360011350325989885002906000000
002011066763442700104164777211000000000023249651920400001010200025000012250002250002250008550000000100000001000000860130260000099851000000875602600000998510000008756100000000000000000000300000000000000000000000000006360011350325989885002906000000
002011066763443600104086441922000000000016939428560400001006660025000025000025000000000000000000000100000001000000860130260000099851000000875602600000998510000008756000000000000000000000000000000000000000000000000006360011350325989885002906000000
0020020667634446003010011508710000000000025305360901000030000000250000000000250000000001000000010000008601302600000998510000008756026000009985100000087560063600113503259898850029060000
002011066763445600109164902041000000000008162896080100001008420025000012250000000000000008550000000100000001000000860130260000099851000000875602600000998510000008756100000000000000000000300000000000000000000000000006360011350325989885002906000000
002011066763446500109074830521000000000031546125520100001000220025000025000025000000000000000000000100000001000000860130260000099851000000875602600000998510000008756000000000000000000000000000000000000000000000000006360011350325989885002906000000
002011066763448000104152976485000000000024821317840400001012240025000012250008550008550000000000000100000001000000860130260000099851000000875602600000998510000008756000000000000000000000300000000000000000000000000006360011350325989885002906000000
002011066763449100104159887054000000000026656830160400001043880025000012250000000000000008550000000100000001000000860130260000099851000000875602600000998510000008756100000000000000000000300000000000000000000000000006360011350325989885002906000000
002011066763571500104153121475000000000024700493520400001095050025000012250004500004500008550000000100000001000000860130260000099851000000875602600000998510000008756100000000000000000000300000000000000000000000000006360011350325989885002906000000
00200306676359760030100106417500000000002513596810070100302722002500000000000000000000010000000100000086013026000009985100000087560260000099851000000875600000000000000000000006360011350325989885002906000000
002011066763619800104165131233000000000019395513040400001003250025000012250008550008550000000000000100000001000000860130260000099851000000875602600000998510000008756000000000000000000000300000000000000000000000000006360011350325989885002906000000
002011066763651700104152737944000000000024916316880400001008460025000012250008550008550000000000000100000001000000860130260000099851000000875602600000998510000008756000000000000000000000300000000000000000000000000006360011350325989885002906000000
005001066763661700109054457671000000000014823163600100001000150000
002011066763661700109054457671000000000014823163600100001005410025000012250004600004600008550000000100000001000000860130260000099851000000875602600000998510000008756100000000000000000000300000000000000000000000000006360011350325989885002906000000
002011066763662800104151615187000000000025843605200400001000390025000025000025000000000000000000000100000001000000860130260000099851000000875602600000998510000008756000000000000000000000000000000000000000000000000006360011350325989885002906000000
002011066763663600117052585851000000000028997934450400001006120025000012250004500004500008550000000100000001000000860130260000099851000000875602600000998510000008756100000000000000000000300000000000000000000000000006360011350325989885002906000000
005001066763898800301001150871000000000002530536090400001000150000
00300101000010001400169450000086013026000009985100000087560260000099851000000875606676389910000
00300104000010001500203500000086013026000009985100000087560260000099851000000875606676389910000
00300108000020000100000000000086013026000009985100000087560260000099851000000875606676389910000
00300108000030000100000000000086013026000009985100000087560260000099851000000875606676389910000
00300107000020000100000000000086013026000009985100000087560260000099851000000875606676389910000
00300101000030000100025000000086013026000009985100000087560260000099851000000875606676389910000
00300107010030000100000000000086013026000009985100000087560260000099851000000875606676389910000
001001026000008601300406676389910260000099851000000875602600000998510000008756020280457300100010000
005001066763899300301001150871000000000002530536090400001000150000
001001026000008601300306676389960260000099851000000875602600000998510000008756020280457300100010000
001001026000008601300406676390020260000099851000000875602600000998510000008756020280457300100010000
005001066763900300301001150871000000000002530536090400001000150000
005001066763901100301001150871000000000002530536090400001000150000
001001026000008601300506676390160260000099851000000875602600000998510000008756020280457300100010000
005001066763901700301001150871000000000002530536090400001000150000
001001026000008601300406676390210260000099851000000875602600000998510000008756020280457300100110000
005001066763902400301001150871000000000002530536090400001000150000
001001026000008601300306676390270260000099851000000875602600000998510000008756020280457300100110000
001001026000008601300206676390310260000099851000000875602600000998510000008756020280457300100110000
010001001026000009985100000087560000086013066763903700400000
02000100106676390450030100115087100000000000253053609026000009985100000087560011801000008601302600000998510000008756026000009985100000087560000
0210010300210000086013026000009985100000087560260000099851000000875606676390450000
0210010400060000086013026000009985100000087560260000099851000000875606676390450000
0210010500040000086013026000009985100000087560260000099851000000875606676390450000
0210010800120000086013026000009985100000087560260000099851000000875606676390450000
0210010900010000086013026000009985100000087560260000099851000000875606676390450000
0210011800010000086013026000009985100000087560260000099851000000875606676390450000
0210012500720000086013026000009985100000087560260000099851000000875606676390450000
010001001026000009985100000087560000086013066763904500500000
001001026000008601300106676390480000000099851000000000000000000000000000000000020280457300100110000
03400667615448000008601300005C06676154480667620738000008601304573I00000998510000099851010000010000855000000001000000010400000200008550000000010000000104000000200250000000000100000001070000009000000000000001000000010710000020000000000000010000000108000001700000000000000100000001
03400667621922000008601300005C06676219220667626912000008601304573V00000998510000099851010000004002500000000001000000010100000030000001000000010000000101000000200045010000000100000001040000001000400100000001000000010400000110008550000000010000000104000000300000010000000100000001040000004002500000000001000000010400000050004501000000010000000104000000100005010000000100000001040000001000300100000001000000010400000010004601000000010000000107000000200000000000000100000001071000002000000000000001000000010800000040000000000000010000000108000000400000000000000100000001080000004000000000000001000000010800000040000000000000010000000108000000400000000000000100000001080000004000000000000001000000010800000040000000000000010000000108000000400000000000000100000001080000004000000000000001000000010800000040000000000000010000000108000000400000000000000100000001
