1000020260000086066005063600113503259899130022740000
0450010000000002000000000106676709740000
001001026000008606600206676709910000000103098000000000000000000000000000000000020430458800100000000
010001001026000010309800000090550000086066066767100200100000
010001001026000010309800000090550000086066066767102600200000
001001026000008606600306676710330260000103098000000905502600001030980000009055020430458800100020000
001001026000008606600406676710460260000103098000000905502600001030980000009055020430458800100020000
005001066767105000301001108148000000000024634462610400001000150000
001001026000008606600506676710550260000103098000000905502600001030980000009055020430458800100020000
002011066767115600117056354624000000000042469496390400001013710025000012250008550008550000000000000100000001000000860660260000103098000000905502600001030980000009055000000000000000000000300000000000000000000000000006360011350325989913002274000000
005001066767116000117060545773000000000027336915610100001002410000
002011066767116100117060545773000000000027336915610400001006260025000025000025000000000000000000000100000001000000860660260000103098000000905502600001030980000009055000000000000000000000000000000000000000000000000006360011350325989913002274000000
002011066767179900117044829762000000000019833894150400001063030025000012250008550008550000000000000100000001000000860660260000103098000000905502600001030980000009055000000000000000000000300000000000000000000000000006360011350325989913002274000000
002011066767211400109075577179000000000030983534800100001000370025000012250008550008550000000000000100000001000000860660260000103098000000905502600001030980000009055000000000000000000000300000000000000000000000000006360011350325989913002274000000
002011066767212200109127415433000000000005867571920100001015340025000012250008550008550000000000000100000001000000860660260000103098000000905502600001030980000009055000000000000000000000300000000000000000000000000006360011350325989913002274000000
002011066767213000104153283319000000000029452224720400001010010025000012250008550008550000000000000100000001000000860660260000103098000000905502600001030980000009055000000000000000000000300000000000000000000000000006360011350325989913002274000000
0020020667672272003010011081480000000000246344626101000030000000250000000000250000000001000000010000008606602600001030980000009055026000010309800000090550063600113503259899130022740000
002011066767309000109077311737000000000032019031760100001000330025000025000025000000000000000000000100000001000000860660260000103098000000905502600001030980000009055000000000000000000000000000000000000000000000000006360011350325989913002274000000
002011066767309600104156465388000000000028516298960400001051850025000012250008550008550000000000000100000001000000860660260000103098000000905502600001030980000009055000000000000000000000300000000000000000000000000006360011350325989913002274000000
002011066767310200109124355928000000000007498878160100001027290025000012250008550008550000000000000100000001000000860660260000103098000000905502600001030980000009055000000000000000000000300000000000000000000000000006360011350325989913002274000000
002011066767310900104164038957000000000024198905040400001016460025000012250008550008550000000000000100000001000000860660260000103098000000905502600001030980000009055000000000000000000000300000000000000000000000000006360011350325989913002274000000
002011066767468900119007535072000000000012019285500400001058010025000012250008550008550000000000000100000001000000860660260000103098000000905502600001030980000009055000000000000000000000300000000000000000000000000006360011350325989913002274000000
002011066767486400109080346406000000000007800046800100001047860025000012250004600004600008550000000100000001000000860660260000103098000000905502600001030980000009055100000000000000000000300000010000000000000000000106360011350325989913002274000000
005001066767718200301001108148000000000024634462610400001000150000
00300104000010000700076300000086066026000010309800000090550260000103098000000905506676771850000
00300101000010000500062900000086066026000010309800000090550260000103098000000905506676771850000
00300101000030000100025000000086066026000010309800000090550260000103098000000905506676771850000
001001026000008606600406676771850260000103098000000905502600001030980000009055020430458800100120000
005001066767718600301001108148000000000024634462610400001000150000
001001026000008606600506676771900260000103098000000905502600001030980000009055020430458800100120000
002011066767808000104149985401000000000025381742800400001005470025000012250003550003550008550000000100000001000000860660260000103098000000905502600001030980000009055100000000000000000000300000000000000000000000000006360011350325989913002274000000
002011066767808800104162508085000000000028403377360400001008680025000012250008550008550000000000000100000001000000860660260000103098000000905502600001030980000009055000000000000000000000300000000000000000000000000006360011350325989913002274000000
002011066767809600109006960538000000000010871424720100001051520025000025000025000000000000000000000100000001000000860660260000103098000000905502600001030980000009055000000000000000000000000000010000000000000000000106360011350325989913002274000000
002011066767810400104152809171000000000026205916880400001023590025000012250008550008550000000000000100000001000000860660260000103098000000905502600001030980000009055000000000000000000000300000000000000000000000000006360011350325989913002274000000
002011066767810800104162339291000000000027731907280400001035020025000012250008550008550000000000000100000001000000860660260000103098000000905502600001030980000009055000000000000000000000300000000000000000000000000006360011350325989913002274000000
002011066767811400104088959309000000000027162947280400001004190025000012250003550003550008550000000100000001000000860660260000103098000000905502600001030980000009055100000000000000000000300000000000000000000000000006360011350325989913002274000000
005001066767832400301001161979000000000026720274820400001000150000
005001066767832800301001161979000000000026720274820400001000150000
00200306676783290030100116197900000000002672027482070000300259002500000000000000000000010000000100000086066026000010309800000090550260000103098000000905500000000000000000000006360011350325989913002274000000
002011066767895200104156324351000000000027958720720400001000200025000025000025000000000000000000000100000001000000860660260000103098000000905502600001030980000009055000000000000000000000000000000000000000000000000006360011350325989913002274000000
005001066767895900109009089188000000000012482112720100001000340000
00200306676789740030400276300400000000000330705404080000307800002500000000000000000000010000000100000086066026000010309800000090550260000103098000000905500000000000000000000006360011350325989913002274000000
002011066768037300104151306435000000000025386844880400001017230025000012250008550008550000000000000100000001000000860660260000103098000000905502600001030980000009055000000000000000000000300000000000000000000000000006360011350325989913002274000000
002011066768072200104151238499000000000023874783440400001001410025000012250008550008550000000000000100000001000000860660260000103098000000905502600001030980000009055000000000000000000000300000000000000000000000000006360011350325989913002274000000
002011066768080400104152252088000000000024567452880400001001830025000025000025000000000000000000000100000001000000860660260000103098000000905502600001030980000009055000000000000000000000000000000000000000000000000006360011350325989913002274000000
002011066768109800104164627715000000000024358398160400001009810025000012250008550008550000000000000100000001000000860660260000103098000000905502600001030980000009055000000000000000000000300000000000000000000000000006360011350325989913002274000000
005001066768295300301001108148000000000024634462610400001000150000
00300104000010001000125800000086066026000010309800000090550260000103098000000905506676829560000
00300101000010000100025000000086066026000010309800000090550260000103098000000905506676829560000
00300107000030000100000000000086066026000010309800000090550260000103098000000905506676829560000
00300108000030000100000000000086066026000010309800000090550260000103098000000905506676829560000
001001026000008606600406676829560260000103098000000905502600001030980000009055020430458800100020000
005001066768295700301001108148000000000024634462610400001000150000
001001026000008606600306676829610260000103098000000905502600001030980000009055020430458800100020000
02000100106676846500030100110814800000000002463446261026000010309800000090550046302000008606602600001030980000009055026000010309800000090550000
0210010300010000086066026000010309800000090550260000103098000000905506676846500000
0210010400030000086066026000010309800000090550260000103098000000905506676846500000
0210010800010000086066026000010309800000090550260000103098000000905506676846500000
0210011800020000086066026000010309800000090550260000103098000000905506676846500000
0210012500180000086066026000010309800000090550260000103098000000905506676846500000
010001001026000010309800000090550000086066066768465000500000
001001026000008606600206676846530260000103098000000905500000000000000000000000020430458800100020000
010001001026000010309800000090550000086066066768466000400000
001001026000008606600106676846670000000103098000000000000000000000000000000000020430458800100020000
03400667671055000008606600005C06676710550667677185000008606604588I000010309800001030980100000030008550000000010000000101000000200250000000000100000001010000001000460100000001000000010400000060008550000000010000000104000000100250000000000100000001
03400667677190000008606600005C06676771900667682956000008606604588V0000103098000010309801000000100250000000000100000001040000006000855000000001000000010400000020025000000000010000000104000000200035510000000100000001070000001000000000000001000000010800000010000000000000010000000108000000100000000000000100000001080000001000000000000001000000010800000010000000000000010000000108000000100000000000000100000001080000001000000000000001000000010800000010000000000000010000000108000000100000000000000100000001
