1000020260000086227005063600113589159216220000000000
0450010000000002000000000106676783640000
0450010000000002000000000106676796370000
0450010000000002000000000106676809090000
0450010000000002000000000106676821950000
0450010000000002000000000106676834670000
0450010000000002000000000106676847540000
0450010000000002000000000106676860270000
0450010000000002000000000106677008990000
0450010000000002000000000106677021710000
0450010000000002000000000106677034430000
0450010000000002000000000106677047150000
001001026000008622700206677056150000000063500000000000000000000000000000000000000000000000000000000
001001026000008622700106677056250000000063500000000000000000000000000000000000000000000000000000000
