1000020260000086072005063600108048651590220022160000
0450010000000002000000000106676402480000
0450010000000002000000000106676415370000
0450010000000002000000000106676428090000
0450010000000002000000000106676440820000
0450010000000002000000000106676453540000
001001026000008607200206676460490000000100450000000000000000000000000000000000000000000000000000000
010001001026000010045000000087950000086072066764605600100000
010001001026000010045000000087950000086072066764606800200000
001001026000008607200306676460730260000100450000000879502600001004500000008795000000000000000020000
001001026000008607200406676462580260000100450000000879502600001004500000008795020430458800100020000
001001026000008607200506676462630260000100450000000879502600001004500000008795020430458800100020000
001001026000008607200406676462860260000100450000000879502600001004500000008795020430458800100120000
005001066764629200301001079521000000000011095598661023003000150000
001001026000008607200306676462970260000100450000000879502600001004500000008795020430458800100120000
001001026000008607200406676463030260000100450000000879502600001004500000008795020430458800100020000
001001026000008607200506676463120260000100450000000879502600001004500000008795020430458800100020000
002011066764690700117041419237000000000009292811090400001015430025000012250008550008550000000000000100000001000000860720260000100450000000879502600001004500000008795000000000000000000000300000000000000000000000000006360010804865159022002216000000
00200306676469160030400534823700000000001063557250080000300018002500000000000000000000010000000100000086072026000010045000000087950260000100450000000879500000000000000000000006360010804865159022002216000000
00200306676470620030400512842300000000001545901058080000300257002500000000000000000000010000000100000086072026000010045000000087950260000100450000000879500000000000000000000006360010804865159022002216000000
002011066764734300104084242728000000000009400830160400001025400025000025000025000000000000000000000100000001000000860720260000100450000000879502600001004500000008795000000000000000000000000000000000000000000000000006360010804865159022002216000000
002011066764751000104163035997000000000018668473040400001010140025000012250008550008550000000000000100000001000000860720260000100450000000879502600001004500000008795000000000000000000000300000000000000000000000000006360010804865159022002216000000
00200306676477120030400528318600000000001983266322080000300035002500000000000000000000010000000100000086072026000010045000000087950260000100450000000879500000000000000000000006360010804865159022002216000000
00200306676477370030100114501900000000000454716249070100300323002500000000000000000000010000000100000086072026000010045000000087950260000100450000000879500000000000000000000006360010804865159022002216000000
00200306676477600040400240406100000000001916180020080000402683002500000000000000000000010000000100000086072026000010045000000087950260000100450000000879500000000000000000000006360010804865159022002216000000
00200306676479560030400427273300000000002516772874080000301369002500000000000000000000010000000100000086072026000010045000000087950260000100450000000879500000000000000000000006360010804865159022002216000000
00200306676500560030400406563100000000000572186739080000304674002500000000000000000000010000000100000086072026000010045000000087950260000100450000000879500000000000000000000006360010804865159022002216000000
002011066765109200104161030947000000000027919178960400001015670025000012250004500004500008550000000100000001000000860720260000100450000000879502600001004500000008795100000000000000000000300000000000000000000000000006360010804865159022002216000000
002011066765109600104086449265000000000016875500240400001006970025000012250000000000000008550000000100000001000000860720260000100450000000879502600001004500000008795100000000000000000000300000000000000000000000000006360010804865159022002216000000
002011066765110200104166011371000000000024165773520400001018230025000012250000000000000008550000000100000001000000860720260000100450000000879502600001004500000008795100000000000000000000300000000000000000000000000006360010804865159022002216000000
002011066765110700104085409464000000000019201457360400001011590025000012250000000000000008550000000100000001000000860720260000100450000000879502600001004500000008795100000000000000000000300000000000000000000000000006360010804865159022002216000000
00300104000010000700091100000086072026000010045000000087950260000100450000000879506676531110000
00300108000030000500000000000086072026000010045000000087950260000100450000000879506676531110000
00300107010030000100000000000086072026000010045000000087950260000100450000000879506676531110000
00300108000040000100000000000086072026000010045000000087950260000100450000000879506676531110000
001001026000008607200406676531110260000100450000000879502600001004500000008795020430458800100120000
001001026000008607200506676531170260000100450000000879502600001004500000008795020430458800100120000
00200306676531450020400347234100000000001975710369080000205168002500000000000000000000010000000100000086072026000010045000000087950260000100450000000879500000000000000000000006360010804865159022002216000000
00200306676531610020400582675200000000001300049972080000204544002500000000000000000000010000000100000086072026000010045000000087950260000100450000000879500000000000000000000006360010804865159022002216000000
002011066765318400104151949514000000000025337713360400001001870025000012250008550008550000000000000100000001000000860720260000100450000000879502600001004500000008795000000000000000000000300000000000000000000000000006360010804865159022002216000000
002011066765319000104161737854000000000027697083600400001118630025000012250004500004500008550000000100000001000000860720260000100450000000879502600001004500000008795100000000000000000000300000000000000000000000000006360010804865159022002216000000
002011066765319500117060479207000000000001080080000400001016220025000012250003550003550008550000000100000001000000860720260000100450000000879502600001004500000008795100000000000000000000300000000000000000000000000006360010804865159022002216000000
002011066765386300104162670117000000000027771126480400001064050025000012250008550008550000000000000100000001000000860720260000100450000000879502600001004500000008795000000000000000000000300000000000000000000000000006360010804865159022002216000000
002011066765386800104160239281000000000026241001680400001058050025000012250008550008550000000000000100000001000000860720260000100450000000879502600001004500000008795000000000000000000000300000000000000000000000000006360010804865159022002216000000
002011066765387300104156520796000000000027541868240400001092940025000012250008550008550000000000000100000001000000860720260000100450000000879502600001004500000008795000000000000000000000300000000000000000000000000006360010804865159022002216000000
005001066765387901503003233611000000000005722772990614015000840000
00200306676538790150300323361100000000000572277299061301500294002500000000000000000000010000000100000086072026000010045000000087950260000100450000000879500000000000000000000006360010804865159022002216000000
0020020667653887015030032336110000000000057227729906140150026600250000000000000000000001000000010000008607202600001004500000008795026000010045000000087950063600108048651590220022160000
002011066765391300104086560603000000000023618258640400001012830025000012250004500004500008550000000100000001000000860720260000100450000000879502600001004500000008795100000000000000000000300000000000000000000000000006360010804865159022002216000000
002011066765392000104162507496000000000028405883600400001025120025000012250008550008550000000000000100000001000000860720260000100450000000879502600001004500000008795000000000000000000000300000000000000000000000000006360010804865159022002216000000
0020020667653949003010010795210000000000110955986601000030000000250000000000250000000001000000010000008607202600001004500000008795026000010045000000087950063600108048651590220022160000
00200306676545270030400480202300000000000456060953080000303940002500000000000000000000010000000100000086072026000010045000000087950260000100450000000879500000000000000000000006360010804865159022002216000000
002011066765532100109125550813000000000007448156880100001014950025000012250008550008550000000000000100000001000000860720260000100450000000879502600001004500000008795000000000000000000000300000000000000000000000000006360010804865159022002216000000
002011066765554500109069875961000000000019157847760100001007760025000012250000000000000008550000000100000001000000860720260000100450000000879502600001004500000008795100000000000000000000300000000000000000000000000006360010804865159022002216000000
002011066765555800109001551206000000000004438062800100001004510025000012250000000000000008550000000100000001000000860720260000100450000000879502600001004500000008795100000000000000000000300000010000000000000000000206360010804865159022002216000000
00200306676556190030400364261800000000002074229596080000303735002500000000000000000000010000000100000086072026000010045000000087950260000100450000000879500000000000000000000006360010804865159022002216000000
002011066765610200104083275381000000000011780089040400001013400025000012250004500004500008550000000100000001000000860720260000100450000000879502600001004500000008795100000000000000000000300000000000000000000000000006360010804865159022002216000000
00300108000020000200000000000086072026000010045000000087950260000100450000000879506676593060000
00300104000010000900091750000086072026000010045000000087950260000100450000000879506676593060000
00300106130150000100000000000086072026000010045000000087950260000100450000000879506676593060000
00300106140150000100000000000086072026000010045000000087950260000100450000000879506676593060000
00300101000030000100025000000086072026000010045000000087950260000100450000000879506676593060000
00300108000030000200000000000086072026000010045000000087950260000100450000000879506676593060000
00300101000010000300033050000086072026000010045000000087950260000100450000000879506676593060000
001001026000008607200406676593060260000100450000000879502600001004500000008795020430458800100020000
001001026000008607200506676593110260000100450000000879502600001004500000008795020430458800100020000
002011066765947200109129987868000000000010961436880100001007490025000012250008550008550000000000000100000001000000860720260000100450000000879502600001004500000008795000000000000000000000300000000000000000000000000006360010804865159022002216000000
002011066765953400104163798931000000000018754240720400001020860025000012250008550008550000000000000100000001000000860720260000100450000000879502600001004500000008795000000000000000000000300000000000000000000000000006360010804865159022002216000000
002011066765969600109059602768000000000008569298640100001012380025000012250008550008550000000000000100000001000000860720260000100450000000879502600001004500000008795000000000000000000000300000000000000000000000000006360010804865159022002216000000
002011066765977900104164425241000000000023267190480400001051490025000025000019180000000000000000000100000001000000860720260000100450000000879502600001004500000008795000000000000000000000000000000000000000000000000006360010804865159022002216000000
002011066765977900104164425241000000000023267190480400001051490025000025000005820000000000000000000100000001000000860720260000100450000000879502600001004500000008795000000000000000000000000000000000000000000000000006360010804865159022002216000000
002011066765994600104152129481000000000025786007760400001002930025000012250008550008550000000000000100000001000000860720260000100450000000879502600001004500000008795000000000000000000000300000000000000000000000000006360010804865159022002216000000
005001066766003700000000000000000000000012906409850000000000150000
00200306676600380020401541869100000000001290640985080000200600002500000000000000000000010000000100000086072026000010045000000087950260000100450000000879500000000000000000000006360010804865159022002216000000
002011066766005200104084142537000000000009370624720400001011940025000025000025000000000000000000000100000001000000860720260000100450000000879502600001004500000008795000000000000000000000000000000000000000000000000006360010804865159022002216000000
002011066766024900104152372067000000000023532677840400001011710025000012250008550008550000000000000100000001000000860720260000100450000000879502600001004500000008795000000000000000000000300000000000000000000000000006360010804865159022002216000000
00200306676602580030400523340500000000000871724745080000300280002500000000000000000000010000000100000086072026000010045000000087950260000100450000000879500000000000000000000006360010804865159022002216000000
00200306676602740030400458280500000000001114800682080000300194002500000000000000000000010000000100000086072026000010045000000087950260000100450000000879500000000000000000000006360010804865159022002216000000
002011066766029100109126846287000000000003312028880100001021750025000012250008550008550000000000000100000001000000860720260000100450000000879502600001004500000008795000000000000000000000300000000000000000000000000006360010804865159022002216000000
002011066766089000104162130414000000000025103445200400001029310025000012250008550008550000000000000100000001000000860720260000100450000000879502600001004500000008795000000000000000000000300000000000000000000000000006360010804865159022002216000000
005001066766127600117044940884000000000027607844321023001000150000
002011066766127700117044940884000000000027607844320400001029320025000012250008550008550000000000000100000001000000860720260000100450000000879502600001004500000008795000000000000000000000300000000000000000000000000006360010804865159022002216000000
002011066766133800109127128681000000000002798410960100001015300025000012250008550008550000000000000100000001000000860720260000100450000000879502600001004500000008795000000000000000000000300000010000000000000000000106360010804865159022002216000000
00200306676614380030400464735400000000002523858378080000304524002500000000000000000000010000000100000086072026000010045000000087950260000100450000000879500000000000000000000006360010804865159022002216000000
00200306676616950030400315145200000000003174510588080000302496002500000000000000000000010000000100000086072026000010045000000087950260000100450000000879500000000000000000000006360010804865159022002216000000
002011066766192300104162981457000000000017684936400400001034180025000012250008550008550000000000000100000001000000860720260000100450000000879502600001004500000008795000000000000000000000300000000000000000000000000006360010804865159022002216000000
00200306676623290030400528144200000000001544343698080000300248002500000000000000000000010000000100000086072026000010045000000087950260000100450000000879500000000000000000000006360010804865159022002216000000
002011066766254100117059279208000000000013923485690400001023330025000012250008550008550000000000000100000001000000860720260000100450000000879502600001004500000008795000000000000000000000300000000000000000000000000006360010804865159022002216000000
002011066766254600104162436211000000000028412731600400001025810025000012250004100004100008550000000100000001000000860720260000100450000000879502600001004500000008795100000000000000000000300000000000000000000000000006360010804865159022002216000000
002011066766290000104083036504000000000012658412240400001012930025000012250003730008550000000000000100000001000000860720260000100450000000879502600001004500000008795000000000000000000000300000000000000000000000000006360010804865159022002216000000
002011066766290000104083036504000000000012658412240400001012930025000012250004820008550000000000000100000001000000860720260000100450000000879502600001004500000008795000000000000000000000300000000000000000000000000006360010804865159022002216000000
002011066766334300104163958351000000000024230441680400001035090025000012250008550008550000000000000100000001000000860720260000100450000000879502600001004500000008795000000000000000000000300000000000000000000000000006360010804865159022002216000000
002011066766335300117010853326000000000017196979650400001093740025000012250000000000000008550000000100000001000000860720260000100450000000879502600001004500000008795100000000000000000000300000000000000000000000000006360010804865159022002216000000
00300101000010000400034200000086072026000010045000000087950260000100450000000879506676660070000
00300104000010001300151450000086072026000010045000000087950260000100450000000879506676660070000
00300108000020000100000000000086072026000010045000000087950260000100450000000879506676660070000
00300108000030000500000000000086072026000010045000000087950260000100450000000879506676660070000
001001026000008607200406676660070260000100450000000879502600001004500000008795020430458800100120000
001001026000008607200506676660220260000100450000000879502600001004500000008795020430458800100120000
002011066766604200104152661484000000000027865872080400001078870025000012250008550008550000000000000100000001000000860720260000100450000000879502600001004500000008795000000000000000000000300000000000000000000000000006360010804865159022002216000000
002011066766605200104150083921000000000024222326480400001001350025000025000025000000000000000000000100000001000000860720260000100450000000879502600001004500000008795000000000000000000000000000000000000000000000000006360010804865159022002216000000
002011066766605800104158491963000000000026849242320400001059040025000012250004500004500008550000000100000001000000860720260000100450000000879502600001004500000008795100000000000000000000300000000000000000000000000006360010804865159022002216000000
002011066766606600109152399901000000000003330094800100001001380025000012250008550008550000000000000100000001000000860720260000100450000000879502600001004500000008795000000000000000000000300000000000000000000000000006360010804865159022002216000000
002011066766607300109125162597000000000006293343440100001002450025000012250003550003550008550000000100000001000000860720260000100450000000879502600001004500000008795100000000000000000000300000010000000000000000000206360010804865159022002216000000
002011066766608100104163087792000000000018736464080400001053380025000012250003550003550008550000000100000001000000860720260000100450000000879502600001004500000008795100000000000000000000300000000000000000000000000006360010804865159022002216000000
002011066766608700104153048654000000000024874355920400001026410025000012250008550008550000000000000100000001000000860720260000100450000000879502600001004500000008795000000000000000000000300000000000000000000000000006360010804865159022002216000000
002011066766611100104161790569000000000028377936080400001014610025000012250008550008550000000000000100000001000000860720260000100450000000879502600001004500000008795000000000000000000000300000000000000000000000000006360010804865159022002216000000
002011066766615700117046705556000000000027720276160400001026050025000012250004500004500008550000000100000001000000860720260000100450000000879502600001004500000008795100000000000000000000300000000000000000000000000006360010804865159022002216000000
002011066766622500104151811393000000000025823373520400001002750025000012250004750004750008550000000100000001000000860720260000100450000000879502600001004500000008795100000000000000000000300000000000000000000000000006360010804865159022002216000000
002011066766687600104156656655000000000026821177040400001000480025000025000025000000000000000000000100000001000000860720260000100450000000879502600001004500000008795000000000000000000000000000000000000000000000000006360010804865159022002216000000
002011066766744300109128306468000000000003745449680100001011530025000012250001450001450008550000000100000001000000860720260000100450000000879502600001004500000008795100000000000000000000300000000000000000000000000006360010804865159022002216000000
005001066766790300301001138535000000000008737326810400001000150000
005001066766790600301001138535000000000008737326810400001000150000
00200306676679080030100113853500000000000873732681070000300280002500000000000000000000010000000100000086072026000010045000000087950260000100450000000879500000000000000000000006360010804865159022002216000000
005001066766820500104164291521000000000023747472080400001000150000
002011066766820600104164291521000000000023747472080400001027750025000012250008550008550000000000000100000001000000860720260000100450000000879502600001004500000008795000000000000000000000300000000000000000000000000006360010804865159022002216000000
002011066766854100104151218731000000000024153260240400001000860025000025000025000000000000000000000100000001000000860720260000100450000000879502600001004500000008795000000000000000000000000000000000000000000000000006360010804865159022002216000000
00200306676692830030400327294200000000003931709045080000306384002500000000000000000000010000000100000086072026000010045000000087950260000100450000000879500000000000000000000006360010804865159022002216000000
00300104000010001100158200000086072026000010045000000087950260000100450000000879506676711000000
00300101000010000300033050000086072026000010045000000087950260000100450000000879506676711000000
00300107000030000100000000000086072026000010045000000087950260000100450000000879506676711000000
00300108000030000100000000000086072026000010045000000087950260000100450000000879506676711000000
001001026000008607200406676711000260000100450000000879502600001004500000008795020430458800100020000
001001026000008607200306676711040260000100450000000879502600001004500000008795020430458800100020000
02000100106676742030030100107952100000000001109559866026000010045000000087950071801000008607202600001004500000008795026000010045000000087950000
0210010300170000086072026000010045000000087950260000100450000000879506676742030000
0210010400060000086072026000010045000000087950260000100450000000879506676742030000
0210010800020000086072026000010045000000087950260000100450000000879506676742030000
0210011000010000086072026000010045000000087950260000100450000000879506676742030000
0210011100010000086072026000010045000000087950260000100450000000879506676742030000
0210012500440000086072026000010045000000087950260000100450000000879506676742030000
010001001026000010045000000087950000086072066767420300500000
001001026000008607200206676742070260000100450000000879500000000000000000000000020430458800100020000
010001001026000010045000000087950000086072066767421300400000
001001026000008607200106676742180000000100450000000000000000000000000000000000020430458800100020000
03400667653117000008607200005C06676531170667659306000008607204588V0000100450000010045001000000200000010000000100000001010000002000855000000001000000010100000010025000000000010000000104000000200035510000000100000001040000009000855000000001000000010400000050004501000000010000000106130000100000000000000100000001061400001000000000000001000000010800000050000000000000010000000108000000500000000000000100000001080000005000000000000001000000010800000050000000000000010000000108000000500000000000000100000001080000005000000000000001000000010800000050000000000000010000000108000000500000000000000100000001080000005000000000000001000000010800000050000000000000010000000108000000500000000000000100000001
