1000020260000086025005063600113503259900550032480000
0450010000000002000000000106675732840000
001001026000008602500206676204960000000074980000000000000000000000000000000000000000000000000000000
010001001026000007498000000072410000086025066762050200100000
010001001026000007498000000072410000086025066762051300200000
001001026000008602500306676205170260000074980000000724102600000749800000007241000000000000000010000
001001026000008602500406676229180260000074980000000724102600000749800000007241020430458800100010000
001001026000008602500506676229240260000074980000000724102600000749800000007241020430458800100010000
005001066762361400104167192221000000000024465065681023001002300000
002011066762361700104167192221000000000024465065680400001009970025000012250008550008550000000000000100000001000000860250260000074980000000724102600000749800000007241000000000000000000000300000000000000016000000000006360011350325990055003248000000
002011066762380600104086962051000000000016588834000400001004640025000025000025000000000000000000000100000001000000860250260000074980000000724102600000749800000007241000000000000000000000000000000000000000000000000006360011350325990055003248000000
00200306676240860020401273827800000000003430238763080000205575002500000000000000000000010000000100000086025026000007498000000072410260000074980000000724100000000000000000000006360011350325990055003248000000
002011066762409900109059040417000000000008595456720100001001880025000012250008550008550000000000000100000001000000860250260000074980000000724102600000749800000007241000000000000000000000300000010000000000000000000106360011350325990055003248000000
005001066762416500104164137874000000000024207857361023001002300000
002011066762416800104164137874000000000024207857360400001033600025000012250008550008550000000000000100000001000000860250260000074980000000724102600000749800000007241000000000000000000000300000000000000000000000000006360011350325990055003248000000
002011066762424300104085927601000000000016867822800400001014530025000012250008550008550000000000000100000001000000860250260000074980000000724102600000749800000007241000000000000000000000300000000000000000000000000006360011350325990055003248000000
002011066762438800104165942126000000000023347016400400001024980025000012250008550008550000000000000100000001000000860250260000074980000000724102600000749800000007241000000000000000000000300000000000000000000000000006360011350325990055003248000000
00200306676246230030400504423800000000001545850626080000300445002500000000000000000000010000000100000086025026000007498000000072410260000074980000000724100000000000000000000006360011350325990055003248000000
00200306676248220030400396009100000000000988798187080000302694002500000000000000000000010000000100000086025026000007498000000072410260000074980000000724100000000000000000000006360011350325990055003248000000
00200306676249180030400490712700000000001546020882080000300300002500000000000000000000010000000100000086025026000007498000000072410260000074980000000724100000000000000000000006360011350325990055003248000000
002011066762494000104167164121000000000024289239760400001014760025000012250006220008550000000000000100000001000000860250260000074980000000724102600000749800000007241000000000000000000000300000000000000000000000000006360011350325990055003248000000
002011066762494000104167164121000000000024289239760400001014760025000012250002330008550000000000000100000001000000860250260000074980000000724102600000749800000007241000000000000000000000300000000000000000000000000006360011350325990055003248000000
005001066762516000109007615486000000000012849406161023001002300000
005001066762516200109007615486000000000012849406161023001002300000
002011066762516400109007615486000000000012849406160100001024170025000012250008550008550000000000000100000001000000860250260000074980000000724102600000749800000007241000000000000000000000300000000000000000000000000006360011350325990055003248000000
002011066762517100109126426008000000000003343714000100001004560025000012250008550008550000000000000100000001000000860250260000074980000000724102600000749800000007241000000000000000000000300000010000000000000000000206360011350325990055003248000000
005001066762517600109074581741000000000032481344720100001000340000
0020020667625195003010011242410000000000341145474001000030000000250000000000250000000001000000010000008602502600000749800000007241026000007498000000072410063600113503259900550032480000
002011066762520000104152123652000000000025884370640400001008190025000012250008550008550000000000000100000001000000860250260000074980000000724102600000749800000007241000000000000000000000300000000000000000000000000006360011350325990055003248000000
0020020667625214003010011242410000000000341145474001000030000000250000000000250000000001000000010000008602502600000749800000007241026000007498000000072410063600113503259900550032480000
0020020667625223003010011242410000000000341145474001000030000000250000000000250000000001000000010000008602502600000749800000007241026000007498000000072410063600113503259900550032480000
0020020667625240003010011242410000000000341145474001000030000000250000000000250000000001000000010000008602502600000749800000007241026000007498000000072410063600113503259900550032480000
002011066762531800109128287285000000000005857892560100001004970025000012250008550008550000000000000100000001000000860250260000074980000000724102600000749800000007241000000000000000000000300000000000000000000000000006360011350325990055003248000000
002011066762532300104157251161000000000026935703760400001038550025000012250008550008550000000000000100000001000000860250260000074980000000724102600000749800000007241000000000000000000000300000000000000000000000000006360011350325990055003248000000
0020020667625331003010011242410000000000341145474001000030000000250000000000250000000001000000010000008602502600000749800000007241026000007498000000072410063600113503259900550032480000
005001066762534200109055013504000000000019379950800100001000150000
002011066762534300109055013504000000000019379950800100001007830025000012250008550008550000000000000100000001000000860250260000074980000000724102600000749800000007241000000000000000000000300000000000000000000000000006360011350325990055003248000000
002011066762535000109057284841000000000004964194000100001011770025000012250008550008550000000000000100000001000000860250260000074980000000724102600000749800000007241000000000000000000000300000010000000000000000000106360011350325990055003248000000
002011066762548300109079397371000000000029907502800100001000250025000012250008550008550000000000000100000001000000860250260000074980000000724102600000749800000007241000000000000000000000300000000000000000000000000006360011350325990055003248000000
002011066762548800104163776059000000000017671158480400001022650025000012250008550008550000000000000100000001000000860250260000074980000000724102600000749800000007241000000000000000000000300000000000000000000000000006360011350325990055003248000000
002011066762549300104152631593000000000025060979920400001050380025000012250000300008550000000000000100000001000000860250260000074980000000724102600000749800000007241000000000000000000000300000000000000000000000000006360011350325990055003248000000
002011066762549400104152631593000000000025060979920400001050380025000012250008250008550000000000000100000001000000860250260000074980000000724102600000749800000007241000000000000000000000300000000000000000000000000006360011350325990055003248000000
005001066762549800109017947236000000000027227710161023001002300000
002011066762550100109017947236000000000027227710160100001000440025000012250008550008550000000000000100000001000000860250260000074980000000724102600000749800000007241000000000000000000000300000000000000000000000000006360011350325990055003248000000
002011066762567400104164349006000000000024356291280400001065550025000012250008550008550000000000000100000001000000860250260000074980000000724102600000749800000007241000000000000000000000300000000000000000000000000006360011350325990055003248000000
005001066762616000104151908079000000000025554934481023001002300000
002011066762616300104151908079000000000025554934480400001038810025000012250008550008550000000000000100000001000000860250260000074980000000724102600000749800000007241000000000000000000000300000000000000000000000000006360011350325990055003248000000
002011066762616800104164884815000000000024066266320400001028320025000012250008550008550000000000000100000001000000860250260000074980000000724102600000749800000007241000000000000000000000300000000000000000000000000006360011350325990055003248000000
002011066762617400104162096917000000000028367693520400001009690025000025000025000000000000000000000100000001000000860250260000074980000000724102600000749800000007241000000000000000000000000000000000000000000000000006360011350325990055003248000000
005001066762623700104162104774000000000030126879441023001002300000
002011066762624000104162104774000000000030126879440400001031970025000012250006600008550000000000000100000001000000860250260000074980000000724102600000749800000007241000000000000000000000300000000000000000000000000006360011350325990055003248000000
002011066762624000104162104774000000000030126879440400001031970025000012250001950008550000000000000100000001000000860250260000074980000000724102600000749800000007241000000000000000000000300000000000000000000000000006360011350325990055003248000000
002011066762624900104166769584000000000023719834320400001034160025000012250008550008550000000000000100000001000000860250260000074980000000724102600000749800000007241000000000000000000000300000000000000000000000000006360011350325990055003248000000
00200306676264250030400416274100000000002553093386080000306194002500000000000000000000010000000100000086025026000007498000000072410260000074980000000724100000000000000000000006360011350325990055003248000000
005001066762644300109064257097000000000010080978641023001002300000
002011066762644600109064257097000000000010080978640100001015920025000012250004250004250008550000000100000001000000860250260000074980000000724102600000749800000007241100000000000000000000300000010000000000000000000106360011350325990055003248000000
005001066762695100104085966991000000000017252588240400001000360000
002011066762695500104085966991000000000017252588240400001008530025000012250008550008550000000000000100000001000000860250260000074980000000724102600000749800000007241000000000000000000000300000000000000000000000000006360011350325990055003248000000
005001066762696400104164660712000000000024334963920400001000150000
005001066762696400104164660712000000000024334963920400001000360000
002011066762696900104164660712000000000024334963920400001018450025000012250008550008550000000000000100000001000000860250260000074980000000724102600000749800000007241000000000000000000000300000000000000000000000000006360011350325990055003248000000
005001066762898300301001138713000000000008715314810000000000150000
005001066762898500301001138713000000000008715314810400001000150000
00300104000010001800186800000086025026000007498000000072410260000074980000000724106676289870000
00300108000020000100000000000086025026000007498000000072410260000074980000000724106676289870000
00300101000010000900080650000086025026000007498000000072410260000074980000000724106676289870000
00300108000030000400000000000086025026000007498000000072410260000074980000000724106676289870000
00300101000030000500125000000086025026000007498000000072410260000074980000000724106676289870000
001001026000008602500406676289870260000074980000000724102600000749800000007241020430458800100110000
001001026000008602500506676301220260000074980000000724102600000749800000007241020430458800100110000
005001066763013200104163799253000000000019382257360400001000150000
002011066763013300104163799253000000000019382257360400001122870025000012250002100003550008550000000100000001000000860250260000074980000000724102600000749800000007241100000000000000000000300000000000000000000000000006360011350325990055003248000000
002011066763013300104163799253000000000019382257360400001122870025000012250001450003550008550000000100000001000000860250260000074980000000724102600000749800000007241100000000000000000000300000000000000000000000000006360011350325990055003248000000
002011066763014200104159889367000000000026653292240400001027980025000012250008550008550000000000000100000001000000860250260000074980000000724102600000749800000007241000000000000000000000300000000000000000000000000006360011350325990055003248000000
00200306676301520020401457999100000000004190784393080000201229002500000000000000000000010000000100000086025026000007498000000072410260000074980000000724100000000000000000000006360011350325990055003248000000
002011066763016400109125681349000000000004809915600100001005210025000012250004500004500008550000000100000001000000860250260000074980000000724102600000749800000007241100000000000000000000300000000000000000000000000006360011350325990055003248000000
002011066763017200104084242728000000000009400830160400001025390025000025000025000000000000000000000100000001000000860250260000074980000000724102600000749800000007241000000000000000000000000000000000000000000000000006360011350325990055003248000000
0020020667630192003010011242410000000000341145474001000030000000250000000000250000000001000000010000008602502600000749800000007241026000007498000000072410063600113503259900550032480000
002011066763094100109006914153000000000010906102480100001007580025000012250004500004500008550000000100000001000000860250260000074980000000724102600000749800000007241100000000000000000000300000010000000000000000000106360011350325990055003248000000
002011066763094600104163833915000000000024106985680400001042570025000012250008550008550000000000000100000001000000860250260000074980000000724102600000749800000007241000000000000000000000300000000000000000000000000006360011350325990055003248000000
005001066763095100104156297361000000000027561634001023001002300000
005001066763095200104156297361000000000027561634001023001002300000
002011066763095500104156297361000000000027561634000400001009520025000012250004500004500008550000000100000001000000860250260000074980000000724102600000749800000007241100000000000000000000300000000000000000000000000006360011350325990055003248000000
00200306676309600030400521525300000000003571799670080000300751002500000000000000000000010000000100000086025026000007498000000072410260000074980000000724100000000000000000000006360011350325990055003248000000
002011066763097000104089718534000000000028083490000400001001600025000012250000000000000008550000000100000001000000860250260000074980000000724102600000749800000007241100000000000000000000300000000000000000000000000006360011350325990055003248000000
00200306676309760030400534823700000000001063557250080000300017002500000000000000000000010000000100000086025026000007498000000072410260000074980000000724100000000000000000000006360011350325990055003248000000
002011066763232600104152611037000000000024939052240400001031740025000012250008550008550000000000000100000001000000860250260000074980000000724102600000749800000007241000000000000000000000300000000000000000000000000006360011350325990055003248000000
002011066763245900109126577871000000000003180252880100001010140025000012250008550008550000000000000100000001000000860250260000074980000000724102600000749800000007241000000000000000000000300000000000000000000000000006360011350325990055003248000000
00200306676325270150300326773600000000001063704498061201500211002500000000000000000000010000000100000086025026000007498000000072410260000074980000000724100000000000000000000006360011350325990055003248000000
00200306676325970030400350101100000000002127279660080000301950002500000000000000000000010000000100000086025026000007498000000072410260000074980000000724100000000000000000000006360011350325990055003248000000
00200306676329710030400505091200000000000251812793080000300497002500000000000000000000010000000100000086025026000007498000000072410260000074980000000724100000000000000000000006360011350325990055003248000000
00200306676330970030400495018900000000000323346265080000301365002500000000000000000000010000000100000086025026000007498000000072410260000074980000000724100000000000000000000006360011350325990055003248000000
00200306676342810020401587951400000000001898870833080000200697002500000000000000000000010000000100000086025026000007498000000072410260000074980000000724100000000000000000000006360011350325990055003248000000
00200306676342980020401146013600000000000503938449080000201278002500000000000000000000010000000100000086025026000007498000000072410260000074980000000724100000000000000000000006360011350325990055003248000000
00200306676348400150300277061200000000001032317696061201500762002500000000000000000000010000000100000086025026000007498000000072410260000074980000000724100000000000000000000006360011350325990055003248000000
00300104000010000700087400000086025026000007498000000072410260000074980000000724106676355210000
00300108000020000300000000000086025026000007498000000072410260000074980000000724106676355210000
00300101000010000300033050000086025026000007498000000072410260000074980000000724106676355210000
00300101000030000100025000000086025026000007498000000072410260000074980000000724106676355210000
00300108000030000500000000000086025026000007498000000072410260000074980000000724106676355210000
00300106120150000200000000000086025026000007498000000072410260000074980000000724106676355210000
001001026000008602500406676355210260000074980000000724102600000749800000007241020430458800100010000
001001026000008602500306676356730260000074980000000724102600000749800000007241020430458800100010000
001001026000008602500406676395280260000074980000000724102600000749800000007241020430458800100010000
001001026000008602500506676395330260000074980000000724102600000749800000007241020430458800100010000
00200306676395830030100108618700000000001110193994070100300594002500000000000000000000010000000100000086025026000007498000000072410260000074980000000724100000000000000000000006360011350325990055003248000000
002011066763967900117048204716000000000032619430720400001038970025000012250008550008550000000000000100000001000000860250260000074980000000724102600000749800000007241000000000000000000000300000000000000000000000000006360011350325990055003248000000
002011066763992400109056290064000000000015170130640100001000680025000012250008550008550000000000000100000001000000860250260000074980000000724102600000749800000007241000000000000000000000300000000000000000000000000006360011350325990055003248000000
005001066763997800301001128521000000000008714757050400001000150000
005001066763998000301001128521000000000008714757050400001000150000
00200306676399820030100112852100000000000871475705070000300410002500000000000000000000010000000100000086025026000007498000000072410260000074980000000724100000000000000000000006360011350325990055003248000000
00200306676400480030400520447200000000003569516934080000301050002500000000000000000000010000000100000086025026000007498000000072410260000074980000000724100000000000000000000006360011350325990055003248000000
002011066764043000104152642277000000000027826018000400001019120025000012250008550008550000000000000100000001000000860250260000074980000000724102600000749800000007241000000000000000000000300000000000000000000000000006360011350325990055003248000000
0020020667640535003010011242410000000000341145474001000030000000250000000000250000000001000000010000008602502600000749800000007241026000007498000000072410063600113503259900550032480000
002011066764054100104084479711000000000009151161040400001007650025000012250008550008550000000000000100000001000000860250260000074980000000724102600000749800000007241000000000000000000000300000000000000000000000000006360011350325990055003248000000
002011066764055200109074535391000000000031257508560100001000260025000012250008550008550000000000000100000001000000860250260000074980000000724102600000749800000007241000000000000000000000300000000000000000000000000006360011350325990055003248000000
002011066764055800109066503184000000000013903877840100001000820025000012250008550008550000000000000100000001000000860250260000074980000000724102600000749800000007241000000000000000000000300000000000000000000000000006360011350325990055003248000000
005001066764090500109126024244000000000003536576720100001000150000
005001066764090500109126024244000000000003536576720100001000150000
002011066764090600109126024244000000000003536576720100001007050025000012250008550008550000000000000100000001000000860250260000074980000000724102600000749800000007241000000000000000000000300000000000000000000000000006360011350325990055003248000000
00200306676410060030400528843900000000001983233538080000300444002500000000000000000000010000000100000086025026000007498000000072410260000074980000000724100000000000000000000006360011350325990055003248000000
00200306676412870030400501439800000000003534085030080000300174002500000000000000000000010000000100000086025026000007498000000072410260000074980000000724100000000000000000000006360011350325990055003248000000
00200306676413020030400318942500000000002140432764080000304026002500000000000000000000010000000100000086025026000007498000000072410260000074980000000724100000000000000000000006360011350325990055003248000000
00200306676415830030400496650600000000002523541050080000300693002500000000000000000000010000000100000086025026000007498000000072410260000074980000000724100000000000000000000006360011350325990055003248000000
00200306676423880020401696237700000000002758954793080000200342002500000000000000000000010000000100000086025026000007498000000072410260000074980000000724100000000000000000000006360011350325990055003248000000
002011066764254900104152809171000000000026205916880400001023570025000012250008550008550000000000000100000001000000860250260000074980000000724102600000749800000007241000000000000000000000300000000000000000000000000006360011350325990055003248000000
005001066764262100104085394025000000000016932726481023001002300000
005001066764262400104085394025000000000016932726480400001000360000
002011066764262800104085394025000000000016932726480400001012220025000012250004250004250008550000000100000001000000860250260000074980000000724102600000749800000007241100000000000000000000300000000000000000000000000006360011350325990055003248000000
002011066764263500109165201194000000000007949105360100001009500025000012250008550008550000000000000100000001000000860250260000074980000000724102600000749800000007241000000000000000000000300000000000000000000000000006360011350325990055003248000000
002011066764264500109006090525000000000011139269840100001008700025000012250008550008550000000000000100000001000000860250260000074980000000724102600000749800000007241000000000000000000000300000010000000000000000000106360011350325990055003248000000
005001066764406300104164489932000000000024010837200400001000360000
005001066764406600104164489932000000000024010837201023001002300000
002011066764406900104164489932000000000024010837200400001037900025000012250000000000000008550000000100000001000000860250260000074980000000724102600000749800000007241100000000000000000000300000000000000000000000000006360011350325990055003248000000
00300107010030000100000000000086025026000007498000000072410260000074980000000724106676446210000
00300104000010000600058700000086025026000007498000000072410260000074980000000724106676446210000
00300101000010000600051300000086025026000007498000000072410260000074980000000724106676446210000
00300107000030000100000000000086025026000007498000000072410260000074980000000724106676446210000
00300108000030000500000000000086025026000007498000000072410260000074980000000724106676446210000
00300101000030000100025000000086025026000007498000000072410260000074980000000724106676446210000
00300108000020000100000000000086025026000007498000000072410260000074980000000724106676446210000
001001026000008602500406676446210260000074980000000724102600000749800000007241020430458800100110000
001001026000008602500506676451490260000074980000000724102600000749800000007241020430458800100110000
002011066764517000109068916851000000000018979541200100001005030025000012250004500004500008550000000100000001000000860250260000074980000000724102600000749800000007241100000000000000000000300000000000000000000000000006360011350325990055003248000000
00200306676451800020401688444900000000000333168587080000200323002500000000000000000000010000000100000086025026000007498000000072410260000074980000000724100000000000000000000006360011350325990055003248000000
0020020667645202003010011242410000000000341145474001000030000000250000000000250000000001000000010000008602502600000749800000007241026000007498000000072410063600113503259900550032480000
002011066764520800104151357901000000000025975388880400001001210025000025000002600000000000000000000100000001000000860250260000074980000000724102600000749800000007241000000000000000000000000000000000000000000000000006360011350325990055003248000000
002011066764520900104151357901000000000025975388880400001001210025000025000022400000000000000000000100000001000000860250260000074980000000724102600000749800000007241000000000000000000000000000000000000000000000000006360011350325990055003248000000
00200306676452160030400518953800000000002523897098080000300132002500000000000000000000010000000100000086025026000007498000000072410260000074980000000724100000000000000000000006360011350325990055003248000000
002011066764523700104157083055000000000027108944080400001000160025000025000025000000000000000000000100000001000000860250260000074980000000724102600000749800000007241000000000000000000000000000000000000000000000000006360011350325990055003248000000
0020020667645857003010011242410000000000341145474001000030000000250000000000250000000001000000010000008602502600000749800000007241026000007498000000072410063600113503259900550032480000
00200306676458620030400415299100000000002659395603080000305547002500000000000000000000010000000100000086025026000007498000000072410260000074980000000724100000000000000000000006360011350325990055003248000000
00200306676458910030400409654400000000000572531843080000303302002500000000000000000000010000000100000086025026000007498000000072410260000074980000000724100000000000000000000006360011350325990055003248000000
002011066764592200109065314302000000000014047232720100001001300025000012250008550008550000000000000100000001000000860250260000074980000000724102600000749800000007241000000000000000000000300000000000000000000000000006360011350325990055003248000000
00200306676464300030400490712700000000001546020882080000300303002500000000000000000000010000000100000086025026000007498000000072410260000074980000000724100000000000000000000006360011350325990055003248000000
002011066764644800104167164121000000000024289239760400001014790025000012250000000000000008550000000100000001000000860250260000074980000000724102600000749800000007241100000000000000000000300000000000000000000000000006360011350325990055003248000000
005001066764791300301001167012000000000028374507580400001000150000
005001066764791600301001167012000000000028374507580400001000150000
00200306676479170030100116701200000000002837450758070000300012002500000000000000000000010000000100000086025026000007498000000072410260000074980000000724100000000000000000000006360011350325990055003248000000
00300101000010000200020800000086025026000007498000000072410260000074980000000724106676499000000
00300108000020000100000000000086025026000007498000000072410260000074980000000724106676499000000
00300101000030000200050000000086025026000007498000000072410260000074980000000724106676499000000
00300104000010000300062250000086025026000007498000000072410260000074980000000724106676499000000
00300108000030000400000000000086025026000007498000000072410260000074980000000724106676499000000
00300107000030000100000000000086025026000007498000000072410260000074980000000724106676499000000
001001026000008602500406676499000260000074980000000724102600000749800000007241020430458800100010000
001001026000008602500306676499040260000074980000000724102600000749800000007241020430458800100010000
02000100106676499140030100112424100000000003411454740026000007498000000072410034101000008602502600000749800000007241026000007498000000072410000
0210010300240000086025026000007498000000072410260000074980000000724106676499140000
0210010400050000086025026000007498000000072410260000074980000000724106676499140000
0210010800030000086025026000007498000000072410260000074980000000724106676499140000
0210010900020000086025026000007498000000072410260000074980000000724106676499140000
0210012500490000086025026000007498000000072410260000074980000000724106676499140000
010001001026000007498000000072410000086025066764991400500000
001001026000008602500206676499170260000074980000000724100000000000000000000000020430458800100010000
010001001026000007498000000072410000086025066764992300400000
001001026000008602500106676499280000000074980000000000000000000000000000000000020430458800100010000
03400667622924000008602500005C06676229240667628987000008602504588I00000749800000074980010000001000425100000001000000010100000140008550000000010000000101000000600250000000000100000001040000017000855000000001000000010400000020025000000000010000000104000000100062200000000100000001040000001000233000000001000000010400000010000300000000010000000104000000100082500000000100000001040000001000660000000001000000010400000010001950000000010000000108000001100000000000000100000001
03400667630122000008602500005C06676301220667635521000008602504588V0000074980000007498001000000200085500000000100000001010000003000450100000001000000010100000030025000000000010000000104000000200000010000000100000001040000001000210100000001000000010400000010004501000000010000000104000000300085500000000100000001040000002002500000000001000000010400000010001451000000010000000106120000200000000000000100000001080000013000000000000001000000010800000130000000000000010000000108000001300000000000000100000001080000013000000000000001000000010800000130000000000000010000000108000001300000000000000100000001080000013000000000000001000000010800000130000000000000010000000108000001300000000000000100000001080000013000000000000001000000010800000130000000000000010000000108000001300000000000000100000001
