1000020260000086070005063600108048651650740022490000
0450010000000002000000000106674760470000
0450010000000002000000000106674773370000
0450010000000000000000000106674775740000
0450010000000002000000000106674843610000
0450010000000002000000000106674856500000
0450010000000002000000000106675005380000
0450010000000002000000000106675018110000
0450010000000002000000000106675031100000
0450010000000002000000000106675043980000
0450010000000002000000000106675056720000
0450010000000002000000000106675069610000
0450010000000002000000000106675082490000
0450010000000002000000000106675095230000
0450010000000002000000000106675271210000
0450010000000002000000000106675284090000
0450010000000002000000000106675296990000
0450010000000002000000000106675309710000
0450010000000002000000000106675322440000
0450010000000002000000000106675335410000
0450010000000002000000000106675348130000
0450010000000002000000000106675361020000
0450010000000002000000000106675373900000
0450010000000002000000000106675386630000
0450010000000002000000000106675399510000
0450010000000002000000000106675412640000
0450010000000002000000000106675425530000
0450010000000002000000000106675438420000
0450010000000002000000000106675451140000
0450010000000002000000000106675464200000
0450010000000002000000000106675477090000
0450010000000002000000000106675489820000
0450010000000002000000000106675502790000
0450010000000002000000000106675515730000
0450010000000002000000000106675528620000
0450010000000002000000000106675541500000
0450010000000002000000000106675554400000
0450010000000002000000000106675567130000
0450010000000002000000000106675580020000
0450010000000002000000000106675592910000
0450010000000002000000000106675605820000
0450010000000002000000000106675618540000
0450010000000002000000000106675631270000
0450010000000002000000000106675644160000
0450010000000002000000000106675657050000
0450010000000002000000000106675669950000
0450010000000002000000000106675682680000
0450010000000002000000000106675695550000
0450010000000002000000000106675708270000
0450010000000002000000000106675721000000
001001026000008607000206676165060000000055836000000000000000000000000000000000020590460400100000000
010001001026000005583600000064590000086070066761651200100000
010001001026000005583600000064590000086070066761652100200000
001001026000008607000306676165250260000055836000000645902600000558360000006459020590460400100010000
001001026000008607000406676189700260000055836000000645902600000558360000006459020590460400100010000
001001026000008607000506676198130260000055836000000645902600000558360000006459020590460400100010000
0020020667620079003010011055640000000000045632423301000030000000168500000000168500000001000000010000008607002600000558360000006459026000005583600000064590063600108048651650740022490000
002011066762008500117052917519000000000013227235310400001023840016850008650008550008550000000000000100000001000000860700260000055836000000645902600000558360000006459000000000000000000000300000000000000000000000000006360010804865165074002249000000
005001066762031500104151859345000000000025278521041023001000150000
002011066762031600104151859345000000000025278521040400001000310016850016850016850000000000000000000100000001000000860700260000055836000000645902600000558360000006459000000000000000000000000000000000000000000000000006360010804865165074002249000000
002011066762044300104085194018000000000015728290000400001009240016850016850016850000000000000000000100000001000000860700260000055836000000645902600000558360000006459000000000000000000000000000000000000000000000000006360010804865165074002249000000
005001066762048600109166357902000000000007053110481023001002300000
005001066762048700109166357902000000000007053110481023001002300000
002011066762049000109166357902000000000007053110480100001009630016850008650008550008550000000000000100000001000000860700260000055836000000645902600000558360000006459000000000000000000000300000010000000000000000000106360010804865165074002249000000
005001066762060900104157494535000000000027123554001023001002300000
005001066762061100104157494535000000000027123554000400001000360000
002011066762061500104157494535000000000027123554000400001039660016850016850016850000000000000000000100000001000000860700260000055836000000645902600000558360000006459000000000000000000000000000000000000000000000000006360010804865165074002249000000
005001066762076500104163795924000000000014843121361023001002300000
002011066762076900104163795924000000000014843121360400001013780016850008650008550008550000000000000100000001000000860700260000055836000000645902600000558360000006459000000000000000000000300000000000000000000000000006360010804865165074002249000000
002011066762077700104156981416000000000026346258640400001000140016850008650008550008550000000000000100000001000000860700260000055836000000645902600000558360000006459000000000000000000000300000000000000000000000000006360010804865165074002249000000
002011066762080700104164996974000000000024086907600400001010310016850016850016850000000000000000000100000001000000860700260000055836000000645902600000558360000006459000000000000000000000000000000000000000000000000006360010804865165074002249000000
002011066762087500109063726001000000000011404496080100001009200016850008650008550008550000000000000100000001000000860700260000055836000000645902600000558360000006459000000000000000000000300000000000000000000000000006360010804865165074002249000000
002011066762092900104152611134000000000027762681040400001027680016850008650008550008550000000000000100000001000000860700260000055836000000645902600000558360000006459000000000000000000000300000000000000000000000000006360010804865165074002249000000
00200306676209330030400444801700000000002678491555080000302897001685000000000000000000010000000100000086070026000005583600000064590260000055836000000645900000000000000000000006360010804865165074002249000000
0020020667620981003010011055640000000000045632423301000030000000168500000000168500000001000000010000008607002600000558360000006459026000005583600000064590063600108048651650740022490000
005001066762109300104087159198000000000016161006801023001002300000
002011066762109600104087159198000000000016161006800400001000660016850008650008550008550000000000000100000001000000860700260000055836000000645902600000558360000006459000000000000000000000300000000000000000000000000006360010804865165074002249000000
002011066762116700104151627291000000000024740854480400001004890016850008650008550008550000000000000100000001000000860700260000055836000000645902600000558360000006459000000000000000000000300000000000000000000000000006360010804865165074002249000000
005001066762161600104163858624000000000024038451921023001002300000
005001066762161800104163858624000000000024038451921023001002300000
002011066762162100104163858624000000000024038451920400001025180016850016850016850000000000000000000100000001000000860700260000055836000000645902600000558360000006459000000000000000000000000000000000000000000000000006360010804865165074002249000000
005001066762165300104156678179000000000026932017361023001002300000
005001066762165600104156678179000000000026932017361023001000150000
002011066762165800104156678179000000000026932017360400001000480016850008650008550008550000000000000100000001000000860700260000055836000000645902600000558360000006459000000000000000000000300000000000000000000000000006360010804865165074002249000000
005001066762169300104088981045000000000027164874960400001000150000
005001066762169300104088981045000000000027164874960400001000150000
005001066762169400104088981045000000000027164874960400001000150000
005001066762169500104088981045000000000027164874960400001000150000
002011066762169800104088981045000000000027164874960400001002100016850008650008550008550000000000000100000001000000860700260000055836000000645902600000558360000006459000000000000000000000300000000000000000000000000006360010804865165074002249000000
002011066762170500104156776995000000000027420309200400001000470016850008650008550008550000000000000100000001000000860700260000055836000000645902600000558360000006459000000000000000000000300000000000000000000000000006360010804865165074002249000000
005001066762193200104160608376000000000024914332881023001002300000
002011066762193600104160608376000000000024914332880400001025010016850016850016850000000000000000000100000001000000860700260000055836000000645902600000558360000006459000000000000000000000000000000000000000000000000006360010804865165074002249000000
002011066762199400104084973366000000000015988293840400001010980016850008650008550008550000000000000100000001000000860700260000055836000000645902600000558360000006459000000000000000000000300000000000000000000000000006360010804865165074002249000000
002011066762199900104166210005000000000023959557840400001048720016850008650008550008550000000000000100000001000000860700260000055836000000645902600000558360000006459000000000000000000000300000000000000000000000000006360010804865165074002249000000
002011066762200400117056875731000000000039103480540400001008990016850008650008550008550000000000000100000001000000860700260000055836000000645902600000558360000006459000000000000000000000300000000000000000000000000006360010804865165074002249000000
005001066762201000104088575934000000000023697457361023001002300000
002011066762201300104088575934000000000023697457360400001001150016850016850016850000000000000000000100000001000000860700260000055836000000645902600000558360000006459000000000000000000000000000000000000000000000000006360010804865165074002249000000
005001066762207200104166219436000000000023522844881023001002300000
002011066762207500104166219436000000000023522844880400001042370016850008650008550008550000000000000100000001000000860700260000055836000000645902600000558360000006459000000000000000000000300000000000000000000000000006360010804865165074002249000000
002011066762208000117056566877000000000039082659420400001019070016850008650008550008550000000000000100000001000000860700260000055836000000645902600000558360000006459000000000000000000000300000000000000000000000000006360010804865165074002249000000
002011066762215900109076026371000000000033361826000100001000900016850008650008550008550000000000000100000001000000860700260000055836000000645902600000558360000006459000000000000000000000300000000000000000000000000006360010804865165074002249000000
002011066762221700104087559358000000000016601808080400001004040016850016850016850000000000000000000100000001000000860700260000055836000000645902600000558360000006459000000000000000000000000000000000000000000000000006360010804865165074002249000000
005001066762222300104156233568000000000025233470161023001002300000
005001066762222600104156233568000000000025233470161023001002300000
002011066762223000104156233568000000000025233470160400001015060016850008650008550008550000000000000100000001000000860700260000055836000000645902600000558360000006459000000000000000000000300000000000000000000000000006360010804865165074002249000000
002011066762223500109008914223000000000010893650640100001005090016850008650008550008550000000000000100000001000000860700260000055836000000645902600000558360000006459000000000000000000000300000000000000000000000000006360010804865165074002249000000
002011066762272500109123158207000000000011091502800100001019320016850008650008550008550000000000000100000001000000860700260000055836000000645902600000558360000006459000000000000000000000300000000000000000000000000006360010804865165074002249000000
00200306676227340030100096225100000000003620912858070100304385001685000000000000000000010000000100000086070026000005583600000064590260000055836000000645900000000000000000000006360010804865165074002249000000
002011066762296700104089696506000000000029398992080400001002340016850008650008550008550000000000000100000001000000860700260000055836000000645902600000558360000006459000000000000000000000300000000000000000000000000006360010804865165074002249000000
00300101000030000200033700000086070026000005583600000064590260000055836000000645906676243230000
00300104000010002400271600000086070026000005583600000064590260000055836000000645906676243230000
00300101000010000500042750000086070026000005583600000064590260000055836000000645906676243230000
00300108000030000100000000000086070026000005583600000064590260000055836000000645906676243230000
00300107010030000100000000000086070026000005583600000064590260000055836000000645906676243230000
001001026000008607000406676243230260000055836000000645902600000558360000006459020590460400100110000
00200306676263450030400409581500000000000572159971080000306222001685000000000000000000010000000100000086070026000005583600000064590260000055836000000645900000000000000000000006360010804865165074002249000000
0020020667626368003010011055640000000000045632423301000030000000168500000000168500000001000000010000008607002600000558360000006459026000005583600000064590063600108048651650740022490000
002011066762637400117059085217000000000029591050460400001015720016850008650008550008550000000000000100000001000000860700260000055836000000645902600000558360000006459000000000000000000000300000000000000000000000000006360010804865165074002249000000
005001066762638100104084585617000000000015562120401023001002300000
005001066762638300104084585617000000000015562120401023001002300000
002011066762638500104084585617000000000015562120400400001007260016850008650004500004500008550000000100000001000000860700260000055836000000645902600000558360000006459100000000000000000000300000000000000000000000000006360010804865165074002249000000
005001066762639000104156912252000000000027430976721023001002300000
002011066762639500104156912252000000000027430976720400001036320016850008650004250004250008550000000100000001000000860700260000055836000000645902600000558360000006459100000000000000000000300000000000000000000000000006360010804865165074002249000000
002011066762640100104152592873000000000026159880400400001130460016850008650003800004500008550000000100000001000000860700260000055836000000645902600000558360000006459100000000000000000000300000000000000000000000000006360010804865165074002249000000
002011066762640100104152592873000000000026159880400400001130460016850008650000700004500008550000000100000001000000860700260000055836000000645902600000558360000006459100000000000000000000300000000000000000000000000006360010804865165074002249000000
002011066762640600109152538837000000000004589970640100001001870016850008650004500004500008550000000100000001000000860700260000055836000000645902600000558360000006459100000000000000000000300000000000000000000000000006360010804865165074002249000000
002011066762641200104162672918000000000025061146320400001030410016850008650004500004500008550000000100000001000000860700260000055836000000645902600000558360000006459100000000000000000000300000000000000000000000000006360010804865165074002249000000
002011066762641600117019921545000000000032378736820400001041870016850016850016850000000000000000000100000001000000860700260000055836000000645902600000558360000006459000000000000000000000000000000000000000000000000006360010804865165074002249000000
002011066762642800104089884663000000000018433091280400001001170016850008650004500004500008550000000100000001000000860700260000055836000000645902600000558360000006459100000000000000000000300000000000000016000000000006360010804865165074002249000000
005001066762643700104159501245000000000026667733200400001000340000
0020020667626471003010011055640000000000045632423301000030000000168500000000168500000001000000010000008607002600000558360000006459026000005583600000064590063600108048651650740022490000
00300108000030000100000000000086070026000005583600000064590260000055836000000645906676264940000
00300101000030000200033700000086070026000005583600000064590260000055836000000645906676264940000
00300104000010000700068650000086070026000005583600000064590260000055836000000645906676264940000
00300101000010000100008650000086070026000005583600000064590260000055836000000645906676264940000
001001026000008607000506676264940260000055836000000645902600000558360000006459020590460400100110000
002011066762660000104083735321000000000012689132240400001008030016850008650000000000000008550000000100000001000000860700260000055836000000645902600000558360000006459100000000000000000000300000000000000000000000000006360010804865165074002249000000
00200306676266850030500009011600000000003751861790071000302185001685000000000000000000010000000100000086070026000005583600000064590260000055836000000645900000000000000000000006360010804865165074002249000000
005001066762669800104153352604000000000030155571920400001000150000
005001066762669800104153352604000000000030155571920400001000150000
002011066762669900104153352604000000000030155571920400001060460016850008650008550008550000000000000100000001000000860700260000055836000000645902600000558360000006459000000000000000000000300000000000000000000000000006360010804865165074002249000000
002011066762675000104156572532000000000024856694480400001000970016850008650004500004500008550000000100000001000000860700260000055836000000645902600000558360000006459100000000000000000000300000000000000000000000000006360010804865165074002249000000
005001066762756400109064322387000000000009912266961023001002300000
005001066762756600109064322387000000000009912266961023001002300000
002011066762756800109064322387000000000009912266960100001014610016850008650004500004500008550000000100000001000000860700260000055836000000645902600000558360000006459100000000000000000000300000000000000000000000000006360010804865165074002249000000
002011066762780700104151611611000000000025990078160400001001520016850008650008550008550000000000000100000001000000860700260000055836000000645902600000558360000006459000000000000000000000300000000000000000000000000006360010804865165074002249000000
002011066762781200104088834361000000000029320758480400001006470016850008650003000003000008550000000100000001000000860700260000055836000000645902600000558360000006459100000000000000000000300000000000000000000000000006360010804865165074002249000000
005001066762789400104165182334000000000017654254800400001000150000
002011066762789500104165182334000000000017654254800400001015040016850016850016850000000000000000000100000001000000860700260000055836000000645902600000558360000006459000000000000000000000000000000000000000000000000006360010804865165074002249000000
00200306676279820020401675000100000000000325030322080000202134001685000000000000000000010000000100000086070026000005583600000064590260000055836000000645900000000000000000000006360010804865165074002249000000
0020020667627999003010011055640000000000045632423301000030000000168500000000168500000001000000010000008607002600000558360000006459026000005583600000064590063600108048651650740022490000
005001066762836300104152453083000000000024940086481022001000150000
005001066762836600104152453083000000000024940086481023001002300000
002011066762836900104152453083000000000024940086480400001072630016850008650004500004500008550000000100000001000000860700260000055836000000645902600000558360000006459100000000000000000000300000000000000000000000000006360010804865165074002249000000
002011066762837400117051983143000000000000423112210400001022640016850016850016850000000000000000000100000001000000860700260000055836000000645902600000558360000006459000000000000000000000000000000000000000000000000006360010804865165074002249000000
002011066762838000104164141804000000000017703591120400001079460016850008650000000000000008550000000100000001000000860700260000055836000000645902600000558360000006459100000000000000000000300000000000000000000000000006360010804865165074002249000000
002011066762838600104163941963000000000023046882000400001061130016850008650004500004500008550000000100000001000000860700260000055836000000645902600000558360000006459100000000000000000000300000000000000000000000000006360010804865165074002249000000
005001066762839200104163799245000000000019390170321023001002300000
002011066762839400104163799245000000000019390170320400001036880016850008650004500004500008550000000100000001000000860700260000055836000000645902600000558360000006459100000000000000000000300000000000000000000000000006360010804865165074002249000000
002011066762840100109122974248000000000002373205200100001008720016850008650008550008550000000000000100000001000000860700260000055836000000645902600000558360000006459000000000000000000000300000000000000000000000000006360010804865165074002249000000
005001066762899000305000446824000000000003196239060400001000150000
005001066762899200305000446824000000000003196239060400001000150000
00200306676289920030500044682400000000000319623906071000300140001685000000000000000000010000000100000086070026000005583600000064590260000055836000000645900000000000000000000006360010804865165074002249000000
00200306676297210020400716499400000000001656530933080000206924001685000000000000000000010000000100000086070026000005583600000064590260000055836000000645900000000000000000000006360010804865165074002249000000
00300104000010001100111350000086070026000005583600000064590260000055836000000645906676309890000
00300107100030000200000000000086070026000005583600000064590260000055836000000645906676309890000
00300101000010000200017200000086070026000005583600000064590260000055836000000645906676309890000
00300108000020000200000000000086070026000005583600000064590260000055836000000645906676309890000
00300101000030000100016850000086070026000005583600000064590260000055836000000645906676309890000
001001026000008607000406676309890260000055836000000645902600000558360000006459020590460400100010000
001001026000008607000506676335450260000055836000000645902600000558360000006459020590460400100010000
00200306676339550030400421455500000000003321483766080000302601001685000000000000000000010000000100000086070026000005583600000064590260000055836000000645900000000000000000000006360010804865165074002249000000
005001066763431700301001125141000000000008712928090400001000150000
005001066763432000301001125141000000000008712928090400001000150000
00200306676343220030100112514100000000000871292809070000300535001685000000000000000000010000000100000086070026000005583600000064590260000055836000000645900000000000000000000006360010804865165074002249000000
0020020667634534003010011055640000000000045632423301000030000000168500000000168500000001000000010000008607002600000558360000006459026000005583600000064590063600108048651650740022490000
002011066763455700104151137481000000000023824295120400001012720016850008650008550008550000000000000100000001000000860700260000055836000000645902600000558360000006459000000000000000000000300000000000000000000000000006360010804865165074002249000000
00200306676346890040400278823200000000001282693957080000401482001685000000000000000000010000000100000086070026000005583600000064590260000055836000000645900000000000000000000006360010804865165074002249000000
00200306676347780030400483220800000000001545939010080000300390001685000000000000000000010000000100000086070026000005583600000064590260000055836000000645900000000000000000000006360010804865165074002249000000
002011066763492800104156523621000000000026944458960400001034230016850008650008550008550000000000000100000001000000860700260000055836000000645902600000558360000006459000000000000000000000300000000000000000000000000006360010804865165074002249000000
005001066763510900104151907242000000000024756109521023001002300000
002011066763511200104151907242000000000024756109520400001011550016850008650008550008550000000000000100000001000000860700260000055836000000645902600000558360000006459000000000000000000000300000000000000000000000000006360010804865165074002249000000
00200306676354330030400437853100000000002679691859080000300429001685000000000000000000010000000100000086070026000005583600000064590260000055836000000645900000000000000000000006360010804865165074002249000000
0020020667635541003010011055640000000000045632423301000030000000168500000000168500000001000000010000008607002600000558360000006459026000005583600000064590063600108048651650740022490000
0020020667635592003010011055640000000000045632423301000030000000168500000000168500000001000000010000008607002600000558360000006459026000005583600000064590063600108048651650740022490000
002011066763575100104166012602000000000023519519440400001017600016850016850016850000000000000000000100000001000000860700260000055836000000645902600000558360000006459000000000000000000000000000000000000000000000000006360010804865165074002249000000
002011066763581600109054804877000000000016319985360100001010600016850008650008550008550000000000000100000001000000860700260000055836000000645902600000558360000006459000000000000000000000300000000000000000000000000006360010804865165074002249000000
002011066763589000104084073543000000000008649667280400001005750016850008650008550008550000000000000100000001000000860700260000055836000000645902600000558360000006459000000000000000000000300000000000000000000000000006360010804865165074002249000000
005001066763589500104166723703000000000016193664721023001002300000
002011066763589700104166723703000000000016193664720400001037930016850008650008550008550000000000000100000001000000860700260000055836000000645902600000558360000006459000000000000000000000300000000000000000000000000006360010804865165074002249000000
005001066763680400301001103601000000000004563258010400001000150000
005001066763680600301001103601000000000004563258010400001000150000
00200306676368080030100110360100000000000456325801070000301112001685000000000000000000010000000100000086070026000005583600000064590260000055836000000645900000000000000000000006360010804865165074002249000000
00300108000030000300000000000086070026000005583600000064590260000055836000000645906676380280000
00300107000030000200000000000086070026000005583600000064590260000055836000000645906676380280000
00300101000030000300050550000086070026000005583600000064590260000055836000000645906676380280000
00300104000010000600059600000086070026000005583600000064590260000055836000000645906676380280000
00300108000040000100000000000086070026000005583600000064590260000055836000000645906676380280000
00300101000010000100008550000086070026000005583600000064590260000055836000000645906676380280000
001001026000008607000406676380280260000055836000000645902600000558360000006459020590460400100110000
00200306676388760030400503600600000000000456488249080000300865001685000000000000000000010000000100000086070026000005583600000064590260000055836000000645900000000000000000000006360010804865165074002249000000
002011066763889800104089636708000000000034705882320400001001320016850016850016850000000000000000000100000001000000860700260000055836000000645902600000558360000006459000000000000000000000000000000000000000000000000006360010804865165074002249000000
0020020667638964003010011055640000000000045632423301000030000000168500000000168500000001000000010000008607002600000558360000006459026000005583600000064590063600108048651650740022490000
0020020667638969003010011055640000000000045632423301000030000000168500000000168500000001000000010000008607002600000558360000006459026000005583600000064590063600108048651650740022490000
005001066763897900301000970751000000000010060657070400001000150000
005001066763898200301000970751000000000010060657070400001000150000
00200306676389830030100097075100000000001006065707070000305124001685000000000000000000010000000100000086070026000005583600000064590260000055836000000645900000000000000000000006360010804865165074002249000000
005001066763899800104151994161000000000025784520400400001000360000
005001066763900200104151994161000000000025784520400400001000150000
005001066763900300104151994161000000000025784520401023001002300000
002011066763900800104151994161000000000025784520400400001003810016850008650008550008550000000000000100000001000000860700260000055836000000645902600000558360000006459000000000000000000000300000000000000000000000000006360010804865165074002249000000
00300108000030000100000000000086070026000005583600000064590260000055836000000645906676390360000
00300104000010000200025400000086070026000005583600000064590260000055836000000645906676390360000
00300101000030000200033700000086070026000005583600000064590260000055836000000645906676390360000
00300107000030000100000000000086070026000005583600000064590260000055836000000645906676390360000
001001026000008607000506676390360260000055836000000645902600000558360000006459020590460400100110000
00200306676392640150300301059100000000002528642954061201500446001685000000000000000000010000000100000086070026000005583600000064590260000055836000000645900000000000000000000006360010804865165074002249000000
005001066763955900104151504466000000000023888080081023001002300000
002011066763956100104151504466000000000023888080080400001000620016850008650008550008550000000000000100000001000000860700260000055836000000645902600000558360000006459000000000000000000000300000000000000000000000000006360010804865165074002249000000
005001066764027501503002179851000000000008835852990614015000840000
00200306676402750150300217985100000000000883585299061301503252001685000000000000000000010000000100000086070026000005583600000064590260000055836000000645900000000000000000000006360010804865165074002249000000
0020020667640283015030021798510000000000088358529906140150264900168500000000000000000001000000010000008607002600000558360000006459026000005583600000064590063600108048651650740022490000
005001066764035800301000952212000000000038902160420400001000150000
005001066764035900301000952212000000000038902160421011003000150000
005001066764036000301000952212000000000038902160420400001000150000
005001066764036200301000952212000000000038902160420400001000150000
00200306676403640030100095221200000000003890216042070000301772001685000000000000000000010000000100000086070026000005583600000064590260000055836000000645900000000000000000000006360010804865165074002249000000
005001066764037600301001127878000000000008713631770400001000150000
005001066764037800301001127878000000000008713631770400001000150000
00200306676403800030100112787800000000000871363177070000301571001685000000000000000000010000000100000086070026000005583600000064590260000055836000000645900000000000000000000006360010804865165074002249000000
005001066764041800104089081171000000000023687432401023001002300000
002011066764042100104089081171000000000023687432400400001001250016850016850016850000000000000000000100000001000000860700260000055836000000645902600000558360000006459000000000000000000000000000000000000000000000000006360010804865165074002249000000
002011066764065100117053267411000000000017929288590400001037370016850008650004600004600008550000000100000001000000860700260000055836000000645902600000558360000006459100000000000000000000300000000000000000000000000006360010804865165074002249000000
002011066764296200104087566591000000000016627318480400001005530016850016850016850000000000000000000100000001000000860700260000055836000000645902600000558360000006459000000000000000000000000000000000000000000000000006360010804865165074002249000000
00200306676431160030400341443700000000003086925756080000303003001685000000000000000000010000000100000086070026000005583600000064590260000055836000000645900000000000000000000006360010804865165074002249000000
00300106120150000100000000000086070026000005583600000064590260000055836000000645906676433190000
00300104000010000400050900000086070026000005583600000064590260000055836000000645906676433190000
00300106130150000100000000000086070026000005583600000064590260000055836000000645906676433190000
00300106140150000100000000000086070026000005583600000064590260000055836000000645906676433190000
00300107000030000200000000000086070026000005583600000064590260000055836000000645906676433190000
00300108000030000100000000000086070026000005583600000064590260000055836000000645906676433190000
001001026000008607000406676433190260000055836000000645902600000558360000006459020590460400100010000
001001026000008607000506676440620260000055836000000645902600000558360000006459020590460400100010000
005001066764420600301001086799000000000025282527940400001000150000
005001066764420900301001086799000000000025282527940400001000150000
00200306676442110030100108679900000000002528252794070000300956001685000000000000000000010000000100000086070026000005583600000064590260000055836000000645900000000000000000000006360010804865165074002249000000
002011066764466200109008735477000000000002098409680100001019500016850008650008550008550000000000000100000001000000860700260000055836000000645902600000558360000006459000000000000000000000300000000000000000000000000006360010804865165074002249000000
002011066764474000104163913137000000000024095839440400001003340016850008650008550008550000000000000100000001000000860700260000055836000000645902600000558360000006459000000000000000000000300000000000000000000000000006360010804865165074002249000000
002011066764511200104151753474000000000024567788240400001001860016850008650001350008550000000000000100000001000000860700260000055836000000645902600000558360000006459000000000000000000000300000000000000000000000000006360010804865165074002249000000
002011066764511200104151753474000000000024567788240400001001860016850008650007200008550000000000000100000001000000860700260000055836000000645902600000558360000006459000000000000000000000300000000000000000000000000006360010804865165074002249000000
002011066764512200109058574957000000000008144279760100001013100016850016850016850000000000000000000100000001000000860700260000055836000000645902600000558360000006459000000000000000000000000000010000000000000000002306360010804865165074002249000000
0020020667645614003010011055640000000000045632423301000030000000168500000000168500000001000000010000008607002600000558360000006459026000005583600000064590063600108048651650740022490000
005001066764585300104085840891000000000016935906000400001000360000
005001066764585700104085840891000000000016935906001023001002300000
002011066764586000104085840891000000000016935906000400001008840016850008650008550008550000000000000100000001000000860700260000055836000000645902600000558360000006459000000000000000000000300000000000000000000000000006360010804865165074002249000000
005001066764655101503002610194000000000011093362660612015000780000
005001066764655301503002610194000000000011093362660612015000780000
0020020667646570003010011055640000000000045632423301000030000000168500000000168500000001000000010000008607002600000558360000006459026000005583600000064590063600108048651650740022490000
005001066764679900117060304491000000000006426915210400001000360000
002011066764680300117060304491000000000006426915210400001017540016850008650008550008550000000000000100000001000000860700260000055836000000645902600000558360000006459000000000000000000000300000000000000000000000000006360010804865165074002249000000
002011066764734500109126002186000000000001247667920100001019630016850008650008550008550000000000000100000001000000860700260000055836000000645902600000558360000006459000000000000000000000300000000000000000000000000006360010804865165074002249000000
00300107000030000100000000000086070026000005583600000064590260000055836000000645906676482530000
00300101000010000300033950000086070026000005583600000064590260000055836000000645906676482530000
00300104000010000400034200000086070026000005583600000064590260000055836000000645906676482530000
00300101000030000200033700000086070026000005583600000064590260000055836000000645906676482530000
001001026000008607000406676482530260000055836000000645902600000558360000006459020590460400100110000
001001026000008607000506676488110260000055836000000645902600000558360000006459020590460400100110000
005001066764882100104166206351000000000023764319441023001002300000
002011066764882600104166206351000000000023764319440400001024940016850008650001330008550000000000000100000001000000860700260000055836000000645902600000558360000006459000000000000000000000300000000000000000000000000006360010804865165074002249000000
002011066764882600104166206351000000000023764319440400001024940016850008650007220008550000000000000100000001000000860700260000055836000000645902600000558360000006459000000000000000000000300000000000000000000000000006360010804865165074002249000000
005001066764883300109125666481000000000006303760081023001002300000
002011066764883600109125666481000000000006303760080100001031220016850008650004250004250008550000000100000001000000860700260000055836000000645902600000558360000006459100000000000000000000300000010000000000000000000106360010804865165074002249000000
005001066764884300104162427875000000000028320699601023001002300000
005001066764884500104162427875000000000028320699600400001000150000
005001066764884600104162427875000000000028320699601023001002300000
002011066764885200104162427875000000000028320699600400001006970016850008650004250004250008550000000100000001000000860700260000055836000000645902600000558360000006459100000000000000000000300000000000000000000000000006360010804865165074002249000000
002011066764885700117054038423000000000032628953490400001037620016850008650004500004500008550000000100000001000000860700260000055836000000645902600000558360000006459100000000000000000000300000000000000000000000000006360010804865165074002249000000
002011066764886400109008619639000000000012595116240100001005160016850008650004250004250008550000000100000001000000860700260000055836000000645902600000558360000006459100000000000000000000300000000000000000000000000006360010804865165074002249000000
0020020667648874003010011055640000000000045632423301000030000000168500000000168500000001000000010000008607002600000558360000006459026000005583600000064590063600108048651650740022490000
005001066764887900301000908523000000000008848406110400001000150000
005001066764888200301000908523000000000008848406110400001000150000
00200306676488840030100090852300000000000884840611070000303199001685000000000000000000010000000100000086070026000005583600000064590260000055836000000645900000000000000000000006360010804865165074002249000000
005001066764889200301001159109000000000035716292540400001000150000
005001066764889400301001159109000000000035716292540400001000150000
00200306676488960030100115910900000000003571629254070000300564001685000000000000000000010000000100000086070026000005583600000064590260000055836000000645900000000000000000000006360010804865165074002249000000
00200306676491100030100114051300000000001573028370070100300552001685000000000000000000010000000100000086070026000005583600000064590260000055836000000645900000000000000000000006360010804865165074002249000000
00200306676491230030500042775700000000000202914386071000300778001685000000000000000000010000000100000086070026000005583600000064590260000055836000000645900000000000000000000006360010804865165074002249000000
005001066764917800301001136192000000000008713268250400001000150000
005001066764918100301001136192000000000008713268250400001000150000
00200306676491820030100113619200000000000871326825070000300658001685000000000000000000010000000100000086070026000005583600000064590260000055836000000645900000000000000000000006360010804865165074002249000000
005001066765008500301001167128000000000028379430620400001000150000
005001066765008800301001167128000000000028379430620400001000150000
00200306676500890030100116712800000000002837943062070000300006001685000000000000000000010000000100000086070026000005583600000064590260000055836000000645900000000000000000000006360010804865165074002249000000
00200306676501590030400388099300000000003931900149080000301451001685000000000000000000010000000100000086070026000005583600000064590260000055836000000645900000000000000000000006360010804865165074002249000000
005001066765057300301001145329000000000002528399290400001000150000
005001066765057600301001145329000000000002528399290400001000150000
00200306676505770030100114532900000000000252839929070000300307001685000000000000000000010000000100000086070026000005583600000064590260000055836000000645900000000000000000000006360010804865165074002249000000
005001066765074600301001150331000000000002525965530400001000150000
005001066765074900301001150331000000000002525965530400001000150000
00200306676507510030100115033100000000000252596553070000300292001685000000000000000000010000000100000086070026000005583600000064590260000055836000000645900000000000000000000006360010804865165074002249000000
00200306676508840030400436792100000000002517045946080000302473001685000000000000000000010000000100000086070026000005583600000064590260000055836000000645900000000000000000000006360010804865165074002249000000
00300104000010000300025850000086070026000005583600000064590260000055836000000645906676530260000
00300101000010000200017300000086070026000005583600000064590260000055836000000645906676530260000
00300101000030000100016850000086070026000005583600000064590260000055836000000645906676530260000
00300107000030000600000000000086070026000005583600000064590260000055836000000645906676530260000
00300107010030000100000000000086070026000005583600000064590260000055836000000645906676530260000
00300107100030000100000000000086070026000005583600000064590260000055836000000645906676530260000
00300108000030000200000000000086070026000005583600000064590260000055836000000645906676530260000
001001026000008607000406676530260260000055836000000645902600000558360000006459020590460400100010000
001001026000008607000306676530300260000055836000000645902600000558360000006459020590460400100010000
02000100106676530400030100110556400000000000456324233026000005583600000064590048101000008607002600000558360000006459026000005583600000064590000
0210010300120000086070026000005583600000064590260000055836000000645906676530400000
0210010400150000086070026000005583600000064590260000055836000000645906676530400000
0210010500030000086070026000005583600000064590260000055836000000645906676530400000
0210010800140000086070026000005583600000064590260000055836000000645906676530400000
0210010900010000086070026000005583600000064590260000055836000000645906676530400000
0210011000010000086070026000005583600000064590260000055836000000645906676530400000
0210011100010000086070026000005583600000064590260000055836000000645906676530400000
0210011800010000086070026000005583600000064590260000055836000000645906676530400000
0210012500590000086070026000005583600000064590260000055836000000645906676530400000
010001001026000005583600000064590000086070066765304000500000
001001026000008607000206676530500260000055836000000645900000000000000000000000020590460400100010000
010001001026000005583600000064590000086070066765306900400000
001001026000008607000106676530750000000055836000000000000000000000000000000000020590460400100010000
03400667624323000008607000004T06676243230667626494000008607004604V00000558360000055836010000001000450100000001000000010100000040016850000000010000000104000000200085500000000100000001040000003000450100000001000000010400000010004251000000010000000104000000100038010000000100000001040000001000070100000001000000010400000020016850000000010000000108000000200000000000000100000001
03400667619813000008607000005C06676198130667624323000008607004604I00000558360000055836010000008001685000000001000000010100000080008550000000010000000104000000900168500000000100000001040000024000855000000001000000010701000010000000000000010000000108000000500000000000000100000001
03400667626494000008607000005C06676264940667630989000008607004604V00000558360000055836010000001000855000000001000000010100000020016850000000010000000101000000100045010000000100000001040000003000855000000001000000010400000020000001000000010000000104000000100030010000000100000001040000005000450100000001000000010400000040016850000000010000000107100000300000000000000100000001080000005000000000000001000000010800000050000000000000010000000108000000500000000000000100000001080000005000000000000001000000010800000050000000000000010000000108000000500000000000000100000001080000005000000000000001000000010800000050000000000000010000000108000000500000000000000100000001
