1000020260000086020005063600113546209536090014450000
001001026000008602000206676550160000000051429000000000000000000000000000000000020590460400100000000
010001001026000005142900000000760000086020066765502200100000
010001001026000005142900000000760000086020066765503100200000
001001026000008602000306676550340260000051429000000007602600000514290000000076020590460400100020000
001001026000008602000406676550390260000051429000000007602600000514290000000076020590460400100020000
005001066765504000301000952212000000000038902160420400001000150000
001001026000008602000506676550450260000051429000000007602600000514290000000076020590460400100020000
002011066765540900104163175403000000000018715566800400001048570016850008650008550008550000000000000100000001000000860200260000051429000000007602600000514290000000076000000000000000000000300000000000000000000000000006360011354620953609001445000000
002011066765553500104089572491000000000023630485200400001000660016850016850016850000000000000000000100000001000000860200260000051429000000007602600000514290000000076000000000000000000000000000000000000000000000000006360011354620953609001445000000
005001066765554801503002503231000000000024235761860614015000840000
00200306676555490150300250323100000000002423576186061301500610001685000000000000000000010000000100000086020026000005142900000000760260000051429000000007600000000000000000000006360011354620953609001445000000
0020020667655557015030025032310000000000242357618606140150059800168500000000000000000001000000010000008602002600000514290000000076026000005142900000000760063600113546209536090014450000
005001066765567501503002396346000000000008835823390614015000840000
00200306676556760150300239634600000000000883582339061301500533001685000000000000000000010000000100000086020026000005142900000000760260000051429000000007600000000000000000000006360011354620953609001445000000
002011066765574100104088803759000000000029345954000400001004430016850008650008550008550000000000000100000001000000860200260000051429000000007602600000514290000000076000000000000000000000300000000000000000000000000006360011354620953609001445000000
00200306676560470030400524821600000000001545824882080000300119001685000000000000000000010000000100000086020026000005142900000000760260000051429000000007600000000000000000000006360011354620953609001445000000
0020020667656375003010009522120000000000389021604201000030000000168500000000168500000001000000010000008602002600000514290000000076026000005142900000000760063600113546209536090014450000
00200306676565350030500042871100000000000203030162071000300287001685000000000000000000010000000100000086020026000005142900000000760260000051429000000007600000000000000000000006360011354620953609001445000000
00200306676566260020401615374600000000002643426961080000201986001685000000000000000000010000000100000086020026000005142900000000760260000051429000000007600000000000000000000006360011354620953609001445000000
00200306676567020030400512144500000000003534183798080000300791001685000000000000000000010000000100000086020026000005142900000000760260000051429000000007600000000000000000000006360011354620953609001445000000
0020020667656743003010009522120000000000389021604201000030000000168500000000168500000001000000010000008602002600000514290000000076026000005142900000000760063600113546209536090014450000
002011066765713300109105424431000000000013738806480100001003220016850008650008550008550000000000000100000001000000860200260000051429000000007602600000514290000000076000000000000000000000300000000000000000000000000006360011354620953609001445000000
002011066765714000104165088427000000000024307976400400001032180016850008650008550008550000000000000100000001000000860200260000051429000000007602600000514290000000076000000000000000000000300000000000000000000000000006360011354620953609001445000000
002011066765714500109124327983000000000003950974160100001027380016850008650008550008550000000000000100000001000000860200260000051429000000007602600000514290000000076000000000000000000000300000000000000000000000000006360011354620953609001445000000
002011066765721300104162174331000000000027686869200400001211010016850008650008550008550000000000000100000001000000860200260000051429000000007602600000514290000000076000000000000000000000300000000000000000000000000006360011354620953609001445000000
002011066765721900104165109335000000000022971548880400001042720016850008650008550008550000000000000100000001000000860200260000051429000000007602600000514290000000076000000000000000000000300000000000000000000000000006360011354620953609001445000000
00200306676572280030100083983100000000000330899388070100306301001685000000000000000000010000000100000086020026000005142900000000760260000051429000000007600000000000000000000006360011354620953609001445000000
002011066765732800117058419499000000000010707785770400001021780016850008650008550008550000000000000100000001000000860200260000051429000000007602600000514290000000076000000000000000000000300000000000000000000000000006360011354620953609001445000000
005001066765924700301000952212000000000038902160420400001000150000
00300104000010000700068150000086020026000005142900000000760260000051429000000007606676592500000
00300106130150000200000000000086020026000005142900000000760260000051429000000007606676592500000
00300106140150000100000000000086020026000005142900000000760260000051429000000007606676592500000
00300108000030000200000000000086020026000005142900000000760260000051429000000007606676592500000
00300101000030000200033700000086020026000005142900000000760260000051429000000007606676592500000
00300107100030000100000000000086020026000005142900000000760260000051429000000007606676592500000
00300108000020000100000000000086020026000005142900000000760260000051429000000007606676592500000
00300101000010000200017100000086020026000005142900000000760260000051429000000007606676592500000
00300107010030000100000000000086020026000005142900000000760260000051429000000007606676592500000
001001026000008602000406676592500260000051429000000007602600000514290000000076020590460400100120000
005001066765925200301000952212000000000038902160420400001000150000
001001026000008602000506676592560260000051429000000007602600000514290000000076020590460400100120000
002011066765959100117059391971000000000010720165130400001012680016850016850016850000000000000000000100000001000000860200260000051429000000007602600000514290000000076000000000000000000000000000000000000000000000000006360011354620953609001445000000
002011066765959800109123146152000000000010637440720100001006470016850008650008550008550000000000000100000001000000860200260000051429000000007602600000514290000000076000000000000000000000300000000000000000000000000006360011354620953609001445000000
002011066765960300104166737097000000000024270218960400001049090016850008650004500004500008550000000100000001000000860200260000051429000000007602600000514290000000076100000000000000000000300000000000000000000000000006360011354620953609001445000000
0020020667659724003010009522120000000000389021604201000030000000168500000000168500000001000000010000008602002600000514290000000076026000005142900000000760063600113546209536090014450000
002011066766104600104163486085000000000019403016400400001064320016850008650004500004500008550000000100000001000000860200260000051429000000007602600000514290000000076100000000000000000000300000000000000000000000000006360011354620953609001445000000
002011066766151400109076025331000000000030891285200100001000580016850008650000000000000008550000000100000001000000860200260000051429000000007602600000514290000000076100000000000000000000300000000000000000000000000006360011354620953609001445000000
005001066766321500301000952212000000000038902160420400001000150000
00300104000010000300034150000086020026000005142900000000760260000051429000000007606676632180000
00300101000010000200017200000086020026000005142900000000760260000051429000000007606676632180000
00300101000030000100016850000086020026000005142900000000760260000051429000000007606676632180000
001001026000008602000406676632180260000051429000000007602600000514290000000076020590460400100020000
005001066766550600301000952212000000000038902160420400001000150000
001001026000008602000506676655110260000051429000000007602600000514290000000076020590460400100020000
0020020667665805003010009522120000000000389021604201000030000000168500000000168500000001000000010000008602002600000514290000000076026000005142900000000760063600113546209536090014450000
002011066766581400104162032455000000000027583767760400001097750016850008650008550008550000000000000100000001000000860200260000051429000000007602600000514290000000076000000000000000000000300000000000000000000000000006360011354620953609001445000000
002011066766588600104088870601000000000029375306960400001002690016850008650008550008550000000000000100000001000000860200260000051429000000007602600000514290000000076000000000000000000000300000000000000000000000000006360011354620953609001445000000
0020020667666088003010009522120000000000389021604201000030000000168500000000168500000001000000010000008602002600000514290000000076026000005142900000000760063600113546209536090014450000
005001066766655000104166677787000000000024469850321023001002300000
002011066766655300104166677787000000000024469850320400001057390016850008650008550008550000000000000100000001000000860200260000051429000000007602600000514290000000076000000000000000000000300000000000000000000000000006360011354620953609001445000000
0020020667666583003010009522120000000000389021604201000030000000168500000000168500000001000000010000008602002600000514290000000076026000005142900000000760063600113546209536090014450000
0020020667666604003010009522120000000000389021604201000030000000168500000000168500000001000000010000008602002600000514290000000076026000005142900000000760063600113546209536090014450000
00200306676666090030400436444100000000000581849635080000302349001685000000000000000000010000000100000086020026000005142900000000760260000051429000000007600000000000000000000006360011354620953609001445000000
0020020667666626003010009522120000000000389021604201000030000000168500000000168500000001000000010000008602002600000514290000000076026000005142900000000760063600113546209536090014450000
0020020667666642003010009522120000000000389021604201000030000000168500000000168500000001000000010000008602002600000514290000000076026000005142900000000760063600113546209536090014450000
002011066766665200109127023411000000000004295929040100001006410016850008650008550008550000000000000100000001000000860200260000051429000000007602600000514290000000076000000000000000000000300000000000000000000000000006360011354620953609001445000000
002011066766665800104089884663000000000018433091280400001001190016850008650008550008550000000000000100000001000000860200260000051429000000007602600000514290000000076000000000000000000000300000000000000016000000000006360011354620953609001445000000
002011066766666400104152208852000000000025342421200400001000770016850016850016850000000000000000000100000001000000860200260000051429000000007602600000514290000000076000000000000000000000000000000000000000000000000006360011354620953609001445000000
005001066766667100104083571541000000000012580153041023001002300000
005001066766667300104083571541000000000012580153041023001002300000
002011066766667600104083571541000000000012580153040400001003120016850016850016850000000000000000000100000001000000860200260000051429000000007602600000514290000000076000000000000000000000000000000000000000000000000006360011354620953609001445000000
00200306676668790030400515780600000000003533823046080000300341001685000000000000000000010000000100000086020026000005142900000000760260000051429000000007600000000000000000000006360011354620953609001445000000
0020020667667329003010009522120000000000389021604201000030000000168500000000168500000001000000010000008602002600000514290000000076026000005142900000000760063600113546209536090014450000
002011066766873700104166755842000000000023191660240400001038640016850008650008550008550000000000000100000001000000860200260000051429000000007602600000514290000000076000000000000000000000300000000000000000000000000006360011354620953609001445000000
005001066767007000301000952212000000000038902160420400001000150000
00300101000030000700117950000086020026000005142900000000760260000051429000000007606676700730000
00300104000010000700076450000086020026000005142900000000760260000051429000000007606676700730000
00300108000030000200000000000086020026000005142900000000760260000051429000000007606676700730000
00300101000010000100008550000086020026000005142900000000760260000051429000000007606676700730000
001001026000008602000406676700730260000051429000000007602600000514290000000076020590460400100120000
005001066767059900301000952212000000000038902160420400001000150000
001001026000008602000506676706030260000051429000000007602600000514290000000076020590460400100120000
002011066767060900104156678179000000000026932017360400001000510016850008650004500004500008550000000100000001000000860200260000051429000000007602600000514290000000076100000000000000000000300000000000000000000000000006360011354620953609001445000000
002011066767061900104084799986000000000016017421520400001007750016850016850016850000000000000000000100000001000000860200260000051429000000007602600000514290000000076000000000000000000000000000000000000000000000000006360011354620953609001445000000
002011066767062400104081916434000000000002849546960400001007950016850016850016850000000000000000000100000001000000860200260000051429000000007602600000514290000000076000000000000000000000000000000000000000000000000006360011354620953609001445000000
002011066767063300104165632046000000000023116188880400001045600016850008650004500004500008550000000100000001000000860200260000051429000000007602600000514290000000076100000000000000000000300000000000000000000000000006360011354620953609001445000000
002011066767064000104165748478000000000024466148560400001026450016850016850016850000000000000000000100000001000000860200260000051429000000007602600000514290000000076000000000000000000000000000000000000000000000000006360011354620953609001445000000
005001066767064400301001125141000000000008712928090400001000150000
005001066767064700301001125141000000000008712928090400001000150000
00200306676706480030100112514100000000000871292809070000300537001685000000000000000000010000000100000086020026000005142900000000760260000051429000000007600000000000000000000006360011354620953609001445000000
002011066767065600104086617419000000000017219157200400001004120016850016850016850000000000000000000100000001000000860200260000051429000000007602600000514290000000076000000000000000000000000000000000000000000000000006360011354620953609001445000000
002011066767066100104166080969000000000023734562000400001026510016850008650004500004500008550000000100000001000000860200260000051429000000007602600000514290000000076100000000000000000000300000000000000000000000000006360011354620953609001445000000
002011066767066800104085193951000000000015720487120400001003240016850016850016850000000000000000000100000001000000860200260000051429000000007602600000514290000000076000000000000000000000000000000000000000000000000006360011354620953609001445000000
002011066767067300104157856399000000000026308905680400001026180016850008650004500004500008550000000100000001000000860200260000051429000000007602600000514290000000076100000000000000000000300000000000000000000000000006360011354620953609001445000000
002011066767068400109129740315000000000010907825360100001000930016850008650000000000000008550000000100000001000000860200260000051429000000007602600000514290000000076100000000000000000000300000000000000000000000000006360011354620953609001445000000
002011066767069500109127968981000000000004815593680100001001090016850008650000000000000008550000000100000001000000860200260000051429000000007602600000514290000000076100000000000000000000300000000000000000000000000006360011354620953609001445000000
002011066767077000104165412984000000000017773922000400001025300016850016850016850000000000000000000100000001000000860200260000051429000000007602600000514290000000076000000000000000000000000000000000000000000000000006360011354620953609001445000000
00200306676708950030400460952500000000004147605659080000301893001685000000000000000000010000000100000086020026000005142900000000760260000051429000000007600000000000000000000006360011354620953609001445000000
005001066767091300304004609525000000000041476056590800003001170000
044001066767095000304004609525000000000041476056590800003018930000
002011066767099200104085026841000000000016853151440400001010110016850008650004500004500008550000000100000001000000860200260000051429000000007602600000514290000000076100000000000000000000300000000000000000000000000006360011354620953609001445000000
002011066767099800109123639401000000000006194862800100001006480016850008650008550008550000000000000100000001000000860200260000051429000000007602600000514290000000076000000000000000000000300000000000000000000000000006360011354620953609001445000000
005001066767100400104163176973000000000018614385361023001002300000
002011066767100700104163176973000000000018614385360400001031480016850008650004500004500008550000000100000001000000860200260000051429000000007602600000514290000000076100000000000000000000300000000000000000000000000006360011354620953609001445000000
002011066767101500104166723703000000000016193664720400001037960016850008650004500004500008550000000100000001000000860200260000051429000000007602600000514290000000076100000000000000000000300000000000000000000000000006360011354620953609001445000000
002011066767140700104165252138000000000014971740880400001048170016850016850016850000000000000000000100000001000000860200260000051429000000007602600000514290000000076000000000000000000000000000000000000000000000000006360011354620953609001445000000
005001066767160900104151966648000000000023811313361023001002300000
002011066767161100104151966648000000000023811313360400001000430016850016850016850000000000000000000100000001000000860200260000051429000000007602600000514290000000076000000000000000000000000000000000000000000000000006360011354620953609001445000000
005001066767201800117035128511000000000039483153470400001000150000
005001066767201800117035128511000000000039483153470400001000150000
002011066767201800117035128511000000000039483153470400001063800016850008650000000000000008550000000100000001000000860200260000051429000000007602600000514290000000076100000000000000000000300000000000000000000000000006360011354620953609001445000000
002011066767247200117059230497000000000031156722500400001010940016850008650004500004500008550000000100000001000000860200260000051429000000007602600000514290000000076100000000000000000000300000000000000000000000000006360011354620953609001445000000
002011066767247700104166012581000000000023491533520400001021470016850016850016850000000000000000000100000001000000860200260000051429000000007602600000514290000000076000000000000000000000019000000000000000000000000006360011354620953609001445000000
005001066767453800301000952212000000000038902160420400001000150000
00300104000010001800229500000086020026000005142900000000760260000051429000000007606676745410000
00300107000030000100000000000086020026000005142900000000760260000051429000000007606676745410000
00300101000010000300025850000086020026000005142900000000760260000051429000000007606676745410000
00300108000030000100000000000086020026000005142900000000760260000051429000000007606676745410000
001001026000008602000406676745410260000051429000000007602600000514290000000076020590460400100020000
005001066767454200301000952212000000000038902160420400001000150000
001001026000008602000306676745450260000051429000000007602600000514290000000076020590460400100020000
001001026000008602000206676745490260000051429000000007602600000514290000000076020590460400100020000
001001026000008602000306676761500260000051429000000007602600000514290000000076020590460400100020000
02000100106676761600030100095221200000000003890216042026000005142900000000760038202000008602002600000514290000000076026000005142900000000760000
0210010300060000086020026000005142900000000760260000051429000000007606676761600000
0210010400130000086020026000005142900000000760260000051429000000007606676761600000
0210010500010000086020026000005142900000000760260000051429000000007606676761600000
0210010800020000086020026000005142900000000760260000051429000000007606676761600000
0210011000020000086020026000005142900000000760260000051429000000007606676761600000
0210011100010000086020026000005142900000000760260000051429000000007606676761600000
0210012500300000086020026000005142900000000760260000051429000000007606676761600000
010001001026000005142900000000760000086020066767616000500000
001001026000008602000206676761660260000051429000000007600000000000000000000000020590460400100020000
010001001026000005142900000000760000086020066767617200400000
001001026000008602000106676761770000000051429000000000000000000000000000000000020590460400100020000
03400667655045000008602000005C06676550450667659250000008602004604I00000514290000051429010000003000855000000001000000010100000090016850000000010000000104000001100085500000000100000001040000003001685000000001000000010613000020000000000000010000000106140000100000000000000100000001070100001000000000000001000000010710000010000000000000010000000108000000500000000000000100000001
03400667659256000008602000005C06676592560667663218000008602004604V00000514290000051429010000001001685000000001000000010100000020008550000000010000000101000000300000010000000100000001040000010001685000000001000000010400000100004501000000010000000104000001000045010000000100000001
