1000020260000086020005063600113546209536090014440000
0450010000000002000000000106674764020000
0450010000000002000000000106674776890000
0450010000000002000000000106674789760000
0450010000000000000000000106674791330000
0450010000000002000000000106675318840000
0450010000000002000000000106675331560000
0450010000000002000000000106675344270000
0450010000000002000000000106675357140000
0450010000000002000000000106675370010000
0450010000000002000000000106675382880000
0450010000000002000000000106675395600000
0450010000000002000000000106675408470000
0450010000000002000000000106675421190000
0450010000000002000000000106675434060000
0450010000000002000000000106675446780000
0450010000000002000000000106675459650000
0450010000000002000000000106675472470000
0450010000000002000000000106675485400000
0450010000000002000000000106675498370000
0450010000000002000000000106675511090000
0450010000000002000000000106675523960000
0450010000000002000000000106675536920000
0450010000000002000000000106675549790000
0450010000000002000000000106675724880000
0450010000000002000000000106675737760000
0450010000000002000000000106675750640000
0450010000000002000000000106675763520000
0450010000000002000000000106675776390000
0450010000000002000000000106675789270000
0450010000000002000000000106676425380000
001001026000008602000206676427730000000051429000000000000000000000000000000000000000000000000000000
010001001026000005142900000000760000086020066764278100100000
010001001026000005142900000000760000086020066764279400200000
001001026000008602000306676427980260000051429000000007602600000514290000000076000000000000000020000
001001026000008602000406676428040260000051429000000007602600000514290000000076020430458800100020000
005001066764280500301000952212000000000038902160420400001000150000
001001026000008602000506676428090260000051429000000007602600000514290000000076020430458800100020000
002011066764325800104087566591000000000016627318480400001005540025000025000025000000000000000000000100000001000000860200260000051429000000007602600000514290000000076000000000000000000000000000000000000000000000000006360011354620953609001444000000
002011066764349900109006880852000000000009064246480100001006070025000012250008550008550000000000000100000001000000860200260000051429000000007602600000514290000000076000000000000000000000300000000000000000000000000006360011354620953609001444000000
002011066764358000109124526145000000000010571090640100001021670025000012250008550008550000000000000100000001000000860200260000051429000000007602600000514290000000076000000000000000000000300000010000000000000000001206360011354620953609001444000000
002011066764361000117031194992000000000033049760770400001008800025000012250008550008550000000000000100000001000000860200260000051429000000007602600000514290000000076000000000000000000000300000000000000000000000000006360011354620953609001444000000
002011066764363900104088511979000000000029362903760400001001140025000025000025000000000000000000000100000001000000860200260000051429000000007602600000514290000000076000000000000000000000000000000000000000000000000006360011354620953609001444000000
002011066764378900109073194141000000000025207097040100001003140025000012250008550008550000000000000100000001000000860200260000051429000000007602600000514290000000076000000000000000000000300000000000000000000000000006360011354620953609001444000000
00600106676442090000000000103278054406120150500000000000000
00600106676442100000000000103278054406120150500000002430000
00200306676442100150300311024100000000001032780544061201500163002500000000000000000000010000000100000086020026000005142900000000760260000051429000000007600000000000000000000006360011354620953609001444000000
00200306676442180030400528857900000000001063907906080000300028002500000000000000000000010000000100000086020026000005142900000000760260000051429000000007600000000000000000000006360011354620953609001444000000
002011066764422900109105852512000000000013680853200100001006920025000012250008550008550000000000000100000001000000860200260000051429000000007602600000514290000000076000000000000000000000300000000000000000000000000006360011354620953609001444000000
002011066764423600109128819198000000000004146934480100001004120025000012250008550008550000000000000100000001000000860200260000051429000000007602600000514290000000076000000000000000000000300000000000000000000000000006360011354620953609001444000000
002011066764424400104163876924000000000022986683600400001031850025000012250008550008550000000000000100000001000000860200260000051429000000007602600000514290000000076000000000000000000000300000000000000000000000000006360011354620953609001444000000
002011066764425100104083187677000000000012686769360400001011800025000012250008550008550000000000000100000001000000860200260000051429000000007602600000514290000000076000000000000000000000300000000000000000000000000006360011354620953609001444000000
005001066764425400301001076726000000000034085251720400001000150000
005001066764425700301001076726000000000034085251720400001000150000
00200306676442590030100107672600000000003408525172070000303376002500000000000000000000010000000100000086020026000005142900000000760260000051429000000007600000000000000000000006360011354620953609001444000000
005001066764426700104088748049000000000029329365200400001000340000
002011066764429000104082640971000000000002471214800400001007450025000012250004250004250008550000000100000001000000860200260000051429000000007602600000514290000000076100000000000000000000300000000000000000000000000006360011354620953609001444000000
002011066764438700104084479711000000000009151161040400001007660025000012250008550008550000000000000100000001000000860200260000051429000000007602600000514290000000076000000000000000000000300000000000000000000000000006360011354620953609001444000000
0020020667644474003010009522120000000000389021604201000030000000250000000000250000000001000000010000008602002600000514290000000076026000005142900000000760063600113546209536090014440000
002011066764449300104163400334000000000017688387280400001019980025000012250008550008550000000000000100000001000000860200260000051429000000007602600000514290000000076000000000000000000000300000000000000000000000000006360011354620953609001444000000
002011066764493900104166433063000000000023512679120400001008670025000012250008550008550000000000000100000001000000860200260000051429000000007602600000514290000000076000000000000000000000300000000000000000000000000006360011354620953609001444000000
00200306676450730150300199434700000000001032611376061201500605002500000000000000000000010000000100000086020026000005142900000000760260000051429000000007600000000000000000000006360011354620953609001444000000
00200306676454090020400996096800000000004102873882080000207754002500000000000000000000010000000100000086020026000005142900000000760260000051429000000007600000000000000000000006360011354620953609001444000000
005001066764637300304005177751000000000035693633340800003000800000
005001066764637500304005177751000000000035693633340800003000800000
005001066764637700304005177751000000000035693633340800003000800000
00200306676464190030400517775100000000003569363334080000301779002500000000000000000000010000000100000086020026000005142900000000760260000051429000000007600000000000000000000006360011354620953609001444000000
005001066764642700301001160263000000000035695600060400001000150000
005001066764643000301001160263000000000035695600060400001000150000
00200306676464310030100116026300000000003569560006070000300278002500000000000000000000010000000100000086020026000005142900000000760260000051429000000007600000000000000000000006360011354620953609001444000000
005001066764855300301000952212000000000038902160420400001000150000
00300104000010000900113550000086020026000005142900000000760260000051429000000007606676485560000
00300101000010000500042750000086020026000005142900000000760260000051429000000007606676485560000
00300106120150000200000000000086020026000005142900000000760260000051429000000007606676485560000
00300108000030000200000000000086020026000005142900000000760260000051429000000007606676485560000
00300107000030000200000000000086020026000005142900000000760260000051429000000007606676485560000
00300101000030000100025000000086020026000005142900000000760260000051429000000007606676485560000
00300108000020000100000000000086020026000005142900000000760260000051429000000007606676485560000
001001026000008602000406676485560260000051429000000007602600000514290000000076020430458800100120000
005001066764910500301000952212000000000038902160420400001000150000
001001026000008602000506676491100260000051429000000007602600000514290000000076020430458800100120000
0020020667649136003010009522120000000000389021604201000030000000250000000000250000000001000000010000008602002600000514290000000076026000005142900000000760063600113546209536090014440000
0020020667649140003010009522120000000000389021604201000030000000250000000000250000000001000000010000008602002600000514290000000076026000005142900000000760063600113546209536090014440000
00200306676491520030400519055200000000002523882138080000300317002500000000000000000000010000000100000086020026000005142900000000760260000051429000000007600000000000000000000006360011354620953609001444000000
002011066764916200104151663221000000000025701069520400001037710025000012250004500004500008550000000100000001000000860200260000051429000000007602600000514290000000076100000000000000000000300000000000000000000000000006360011354620953609001444000000
002011066764916900104084343991000000000005017111760400001004690025000012250003550003550008550000000100000001000000860200260000051429000000007602600000514290000000076100000000000000000000300000000000000000000000000006360011354620953609001444000000
005001066764917600104084343991000000000005017111760400001000800000
0020020667649201003010009522120000000000389021604201000030000000250000000000250000000001000000010000008602002600000514290000000076026000005142900000000760063600113546209536090014440000
0020020667649218003010009522120000000000389021604201000030000000250000000000250000000001000000010000008602002600000514290000000076026000005142900000000760063600113546209536090014440000
002011066764943100104081774524000000000000689175760400001016540025000012250003550003550008550000000100000001000000860200260000051429000000007602600000514290000000076100000000000000000000300000000000000000000000000006360011354620953609001444000000
005001066764961200301001138713000000000008715314810400001000150000
005001066764961500301001138713000000000008715314810400001000150000
00200306676496170030100113871300000000000871531481070000300462002500000000000000000000010000000100000086020026000005142900000000760260000051429000000007600000000000000000000006360011354620953609001444000000
0020020667650089003010009522120000000000389021604201000030000000250000000000250000000001000000010000008602002600000514290000000076026000005142900000000760063600113546209536090014440000
002011066765009800104166043338000000000024405619920400001014670025000012250000000000000008550000000100000001000000860200260000051429000000007602600000514290000000076100000000000000000000300000000000000000000000000006360011354620953609001444000000
002011066765010500104046758887000000000028629933870400001045140025000012250000000000000008550000000100000001000000860200260000051429000000007602600000514290000000076100000000000000000000300000000000000000000000000006360011354620953609001444000000
002011066765011100109109919522000000000016256732880100001001720025000012250002250002250008550000000100000001000000860200260000051429000000007602600000514290000000076100000000000000000000300000000000000000000000000006360011354620953609001444000000
002011066765011500109124364201000000000003939651280100001010270025000012250008550008550000000000000100000001000000860200260000051429000000007602600000514290000000076000000000000000000000300000000000000000000000000006360011354620953609001444000000
00200306676501230030400519029300000000002523831562080000300087002500000000000000000000010000000100000086020026000005142900000000760260000051429000000007600000000000000000000006360011354620953609001444000000
002011066765013200104156493098000000000027480889040400001000690025000025000025000000000000000000000100000001000000860200260000051429000000007602600000514290000000076000000000000000000000000000000000000000000000000006360011354620953609001444000000
002011066765013900104167192221000000000024465065680400001010000025000012250004500004500008550000000100000001000000860200260000051429000000007602600000514290000000076100000000000000000000300000000000000016000000000006360011354620953609001444000000
002011066765134700104071640436000000000041789140670400001037820025000012250008550008550000000000000100000001000000860200260000051429000000007602600000514290000000076000000000000000000000300000000000000000000000000006360011354620953609001444000000
002011066765157900104165139617000000000019630474960400001016940025000012250008550008550000000000000100000001000000860200260000051429000000007602600000514290000000076000000000000000000000300000000000000000000000000006360011354620953609001444000000
005001066765216500301001052495000000000006594798200400001000150000
005001066765216800301001052495000000000006594798200400001000150000
00200306676521700030100105249500000000000659479820070000302727002500000000000000000000010000000100000086020026000005142900000000760260000051429000000007600000000000000000000006360011354620953609001444000000
005001066765225900301001165451000000000008915984410400001000150000
005001066765226200301001165451000000000008915984410400001000150000
00200306676522630030100116545100000000000891598441070000300028002500000000000000000000010000000100000086020026000005142900000000760260000051429000000007600000000000000000000006360011354620953609001444000000
00200306676532800020401524358100000000000058731671080000201065002500000000000000000000010000000100000086020026000005142900000000760260000051429000000007600000000000000000000006360011354620953609001444000000
005001066765443300301000952212000000000038902160420400001000150000
00300101000030000500125000000086020026000005142900000000760260000051429000000007606676544360000
00300108000030000200000000000086020026000005142900000000760260000051429000000007606676544360000
00300104000010000900115600000086020026000005142900000000760260000051429000000007606676544360000
00300107000030000300000000000086020026000005142900000000760260000051429000000007606676544360000
00300101000010000200020800000086020026000005142900000000760260000051429000000007606676544360000
00300108000020000100000000000086020026000005142900000000760260000051429000000007606676544360000
001001026000008602000406676544360260000051429000000007602600000514290000000076020430458800100020000
005001066765443700301000952212000000000038902160420400001000150000
001001026000008602000306676544400260000051429000000007602600000514290000000076020430458800100020000
02000100106676544500030100095221200000000003890216042026000005142900000000760038201000008602002600000514290000000076026000005142900000000760000
0210010300060000086020026000005142900000000760260000051429000000007606676544500000
0210010400030000086020026000005142900000000760260000051429000000007606676544500000
0210010800050000086020026000005142900000000760260000051429000000007606676544500000
0210010900020000086020026000005142900000000760260000051429000000007606676544500000
0210012500220000086020026000005142900000000760260000051429000000007606676544500000
010001001026000005142900000000760000086020066765445100500000
001001026000008602000206676544580260000051429000000007600000000000000000000000020430458800100020000
010001001026000005142900000000760000086020066765446400400000
001001026000008602000106676544690000000051429000000000000000000000000000000000020430458800100020000
03400667642809000008602000005C06676428090667648556000008602004588I000005142900000514290100000050008550000000010000000101000000100250000000000100000001040000002002500000000001000000010400000010004251000000010000000104000000600085500000000100000001061200002000000000000001000000010700000020000000000000010000000108000000300000000000000100000001
03400667649110000008602000005C06676491100667654436000008602004588V0000051429000005142901000000100085500000000100000001010000001000225100000001000000010100000050025000000000010000000104000000200045010000000100000001040000002000855000000001000000010400000010025000000000010000000104000000200000010000000100000001040000002000355100000001000000010700000030000000000000010000000108000000300000000000000100000001080000003000000000000001000000010800000030000000000000010000000108000000300000000000000100000001080000003000000000000001000000010800000030000000000000010000000108000000300000000000000100000001080000003000000000000001000000010800000030000000000000010000000108000000300000000000000100000001080000003000000000000001000000010800000030000000000000010000000108000000300000000000000100000001
