1000020260000086128005063600107447260281640038000000
001001026000008612800206676436040000000105829000000000000000000000000000000000000000000000000000000
010001001026000010582900000092750000086128066764361000100000
010001001026000010582900000092750000086128066764362100200000
010001001026000010582900000092750000086128066764365000400000
010001001026000010582900000092750000086128066764365900500000
010001001026000010582900000092750000086128066764368000100000
010001001026000010582900000092750000086128066764369700200000
001001026000008612800306676437140260000105829000000927502600001058290000009275020230456800100020000
005001066764371900000000000000000000000008714005850000000000150000
010001001026000010582900000092750000086128066764372300500000
001001026000008612800206676437320260000105829000000927500000000000000000000000020230456800100020000
010001001026000010582900000092750000086128066764374300200000
001001026000008612800306676437460260000105829000000927502600001058290000009275020230456800100020000
001001026000008612800406676437520260000105829000000927502600001058290000009275020230456800100020000
005001066764376600301001134718000000000008714005850400001000150000
001001026000008612800506676437700260000105829000000927502600001058290000009275020230456800100020000
00200306676439500030400520381600000000002523595642080000300074001685000000000000000000010000000100000086128026000010582900000092750260000105829000000927500000000000000000000006360010744726028164003800000000
00200306676439630030400305744800000000002130582204080000300301001685000000000000000000010000000100000086128026000010582900000092750260000105829000000927500000000000000000000006360010744726028164003800000000
00200306676439740030400341601400000000002074187228080000301446001685000000000000000000010000000100000086128026000010582900000092750260000105829000000927500000000000000000000006360010744726028164003800000000
00200306676439870030400472904100000000004147449547080000302172001685000000000000000000010000000100000086128026000010582900000092750260000105829000000927500000000000000000000006360010744726028164003800000000
00200306676440000030400393170900000000003442629339080000304436001685000000000000000000010000000100000086128026000010582900000092750260000105829000000927500000000000000000000006360010744726028164003800000000
002011066764401100109127204637000000000002182754000100001000870016850008650008550008550000000000000100000001000000861280260000105829000000927502600001058290000009275000000000000000000000300000000000000000000000000006360010744726028164003800000000
00200306676440180040400264025100000000001503157077080000401826001685000000000000000000010000000100000086128026000010582900000092750260000105829000000927500000000000000000000006360010744726028164003800000000
00200306676440710030100108342100000000001109957146070100301163001685000000000000000000010000000100000086128026000010582900000092750260000105829000000927500000000000000000000006360010744726028164003800000000
002011066764458100109166474887000000000008315623120100001003590016850008650008550008550000000000000100000001000000861280260000105829000000927502600001058290000009275000000000000000000000300000000000000000000000000006360010744726028164003800000000
00200306676448070030400235055900000000001543035796080000302591001685000000000000000000010000000100000086128026000010582900000092750260000105829000000927500000000000000000000006360010744726028164003800000000
005001066764535500301001123783000000000008723577850400001000150000
005001066764535800301001123783000000000008723577850400001000150000
00200306676453600030100112378300000000000872357785070000301394001685000000000000000000010000000100000086128026000010582900000092750260000105829000000927500000000000000000000006360010744726028164003800000000
00200306676455400030400437711100000000002679641891080000301310001685000000000000000000010000000100000086128026000010582900000092750260000105829000000927500000000000000000000006360010744726028164003800000000
00200306676455620030100115938900000000000871966953070100300392001685000000000000000000010000000100000086128026000010582900000092750260000105829000000927500000000000000000000006360010744726028164003800000000
0020020667645987003010011347180000000000087140058501000030000000168500000000168500000001000000010000008612802600001058290000009275026000010582900000092750063600107447260281640038000000
002011066764599200117035653762000000000001634867640400001010670016850008650008550008550000000000000100000001000000861280260000105829000000927502600001058290000009275000000000000000000000300000000000000000000000000006360010744726028164003800000000
005001066764599800301001159346000000000035700769340400001000150000
005001066764600100301001159346000000000035700769340400001000150000
00200306676460030030100115934600000000003570076934070000300406001685000000000000000000010000000100000086128026000010582900000092750260000105829000000927500000000000000000000006360010744726028164003800000000
005001066764608001503001386258000000000000676919500614015000840000
00200306676460800150300138625800000000000067691950061301500917001685000000000000000000010000000100000086128026000010582900000092750260000105829000000927500000000000000000000006360010744726028164003800000000
0020020667646093015030013862580000000000006769195006140150091100168500000000000000000001000000010000008612802600001058290000009275026000010582900000092750063600107447260281640038000000
005001066764686500301001100074000000000003233804410400001000150000
005001066764686800301001100074000000000003233804410400001000150000
00200306676468700030100110007400000000000323380441070000302248001685000000000000000000010000000100000086128026000010582900000092750260000105829000000927500000000000000000000006360010744726028164003800000000
005001066764803200301001134718000000000008714005850400001000150000
00300108000030000700000000000086128026000010582900000092750260000105829000000927506676480350000
00300101000010000200017100000086128026000010582900000092750260000105829000000927506676480350000
00300108000040000100000000000086128026000010582900000092750260000105829000000927506676480350000
00300107010030000200000000000086128026000010582900000092750260000105829000000927506676480350000
00300107000030000300000000000086128026000010582900000092750260000105829000000927506676480350000
00300101000030000100016850000086128026000010582900000092750260000105829000000927506676480350000
00300104000010000100008550000086128026000010582900000092750260000105829000000927506676480350000
00300106130150000100000000000086128026000010582900000092750260000105829000000927506676480350000
00300106140150000100000000000086128026000010582900000092750260000105829000000927506676480350000
001001026000008612800406676480350260000105829000000927502600001058290000009275020230456800100120000
005001066764803600301001134718000000000008714005850400001000150000
001001026000008612800506676480410260000105829000000927502600001058290000009275020230456800100120000
0020020667648296003010011347180000000000087140058501000030000000168500000000168500000001000000010000008612802600001058290000009275026000010582900000092750063600107447260281640038000000
002011066764830800104152179641000000000025987374800400001060940016850008650000800004500008550000000100000001000000861280260000105829000000927502600001058290000009275100000000000000000000300000000000000000000000000006360010744726028164003800000000
002011066764830800104152179641000000000025987374800400001060940016850008650003700004500008550000000100000001000000861280260000105829000000927502600001058290000009275100000000000000000000300000000000000000000000000006360010744726028164003800000000
002011066764831200104157556387000000000027526884560400001000280016850008650000000000000008550000000100000001000000861280260000105829000000927502600001058290000009275100000000000000000000300000000000000000000000000006360010744726028164003800000000
002011066764831900104151844712000000000026118902480400001001980016850016850016850000000000000000000100000001000000861280260000105829000000927502600001058290000009275000000000000000000000000000000000000000000000000006360010744726028164003800000000
002011066764832500104165616751000000000022895555280400001034040016850008650004250004250008550000000100000001000000861280260000105829000000927502600001058290000009275100000000000000000000300000000000000000000000000006360010744726028164003800000000
00200306676483310030400464735400000000002523858378080000304523001685000000000000000000010000000100000086128026000010582900000092750260000105829000000927500000000000000000000006360010744726028164003800000000
002011066764835700104150992203000000000025392860880400001009600016850008650008550008550000000000000100000001000000861280260000105829000000927502600001058290000009275000000000000000000000300000000000000000000000000006360010744726028164003800000000
0020020667648393003010011347180000000000087140058501000030000000168500000000168500000001000000010000008612802600001058290000009275026000010582900000092750063600107447260281640038000000
005001066764840100301001048341000000000041424356430400001000150000
005001066764840400301001048341000000000041424356430400001000150000
00200306676484050030100104834100000000004142435643070000301366001685000000000000000000010000000100000086128026000010582900000092750260000105829000000927500000000000000000000006360010744726028164003800000000
00200306676484240030400306099600000000002134310300080000300605001685000000000000000000010000000100000086128026000010582900000092750260000105829000000927500000000000000000000006360010744726028164003800000000
002011066764844000104163073661000000000017700675280400001031940016850008650008550008550000000000000100000001000000861280260000105829000000927502600001058290000009275000000000000000000000300000000000000000000000000006360010744726028164003800000000
002011066764844500117057618412000000000006467940170400001012270016850016850016850000000000000000000100000001000000861280260000105829000000927502600001058290000009275000000000000000000000000000000000000000000000000006360010744726028164003800000000
002011066764845500104152686843000000000026231552720400001081340016850008650008550008550000000000000100000001000000861280260000105829000000927502600001058290000009275000000000000000000000300000000000000000000000000006360010744726028164003800000000
005001066764952400301001071211000000000011135098340400001000150000
005001066764952800301001071211000000000011135098340001003000150000
005001066764952800301001071211000000000011135098340400001000150000
00200306676495300030100107121100000000001113509834070000301535001685000000000000000000010000000100000086128026000010582900000092750260000105829000000927500000000000000000000006360010744726028164003800000000
005001066764985301503002969613000000000004547781690614015000840000
00200306676498530150300296961300000000000454778169061301501067001685000000000000000000010000000100000086128026000010582900000092750260000105829000000927500000000000000000000006360010744726028164003800000000
0020020667649862015030029696130000000000045477816906140150060800168500000000000000000001000000010000008612802600001058290000009275026000010582900000092750063600107447260281640038000000
005001066764993100301001025196000000000013815545711023003000150000
005001066764993200301001025196000000000013815545710400001000150000
005001066764993500301001025196000000000013815545710400001000150000
00200306676499370030100102519600000000001381554571070000301453001685000000000000000000010000000100000086128026000010582900000092750260000105829000000927500000000000000000000006360010744726028164003800000000
005001066765013000301001142869000000000002528820410400001000150000
005001066765013200301001142869000000000002528820410400001000150000
00200306676501340030100114286900000000000252882041070000300875001685000000000000000000010000000100000086128026000010582900000092750260000105829000000927500000000000000000000006360010744726028164003800000000
005001066765014100301001103472000000000004560319610400001000150000
005001066765014300301001103472000000000004560319610400001000150000
00200306676501450030100110347200000000000456031961070000301920001685000000000000000000010000000100000086128026000010582900000092750260000105829000000927500000000000000000000006360010744726028164003800000000
005001066765065900301001158668000000000035694073820400001000150000
005001066765066200301001158668000000000035694073820400001000150000
00200306676506630030100115866800000000003569407382070000300218001685000000000000000000010000000100000086128026000010582900000092750260000105829000000927500000000000000000000006360010744726028164003800000000
005001066765179000301001134718000000000008714005850400001000150000
00300101000030000200033700000086128026000010582900000092750260000105829000000927506676517930000
00300104000010000800085300000086128026000010582900000092750260000105829000000927506676517930000
00300108000030000200000000000086128026000010582900000092750260000105829000000927506676517930000
00300107000030000600000000000086128026000010582900000092750260000105829000000927506676517930000
00300106130150000100000000000086128026000010582900000092750260000105829000000927506676517930000
00300106140150000100000000000086128026000010582900000092750260000105829000000927506676517930000
001001026000008612800406676517930260000105829000000927502600001058290000009275020230456800100020000
005001066765179400301001134718000000000008714005850400001000150000
001001026000008612800306676517970260000105829000000927502600001058290000009275020230456800100020000
02000100106676518080030100113471800000000000871400585026000010582900000092750028503000008612802600001058290000009275026000010582900000092750000
0210010300100000086128026000010582900000092750260000105829000000927506676518080000
0210010400020000086128026000010582900000092750260000105829000000927506676518080000
0210010800110000086128026000010582900000092750260000105829000000927506676518080000
0210011000020000086128026000010582900000092750260000105829000000927506676518080000
0210011100020000086128026000010582900000092750260000105829000000927506676518080000
0210012500090000086128026000010582900000092750260000105829000000927506676518080000
010001001026000010582900000092750000086128066765180800500000
001001026000008612800206676518200260000105829000000927500000000000000000000000020230456800100020000
010001001026000010582900000092750000086128066765182600400000
010001001026000010582900000092750000086128066765211800100000
010001001026000010582900000092750000086128066765213000200000
001001026000008612800306676521330260000105829000000927502600001058290000009275020280457300100020000
001001026000008612800406676521390260000105829000000927502600001058290000009275020280457300100020000
005001066765214000301001134718000000000008714005850400001000150000
001001026000008612800506676521450260000105829000000927502600001058290000009275020280457300100020000
00200306676521560020401724806600000000001759519495080000200277002500000000000000000000010000000100000086128026000010582900000092750260000105829000000927500000000000000000000006360010744726028164003800000000
002011066765217500104163778051000000000017730419920400001073870025000025000025000000000000000000000100000001000000861280260000105829000000927502600001058290000009275000000000000000000000000000000000000000000000000006360010744726028164003800000000
002011066765218600104083372199000000000012646277840400001005410025000012250008550008550000000000000100000001000000861280260000105829000000927502600001058290000009275000000000000000000000300000000000000000000000000006360010744726028164003800000000
002011066765265800109128752697000000000004171955920100001002210025000012250008550008550000000000000100000001000000861280260000105829000000927502600001058290000009275000000000000000000000300000010000000000000000000306360010744726028164003800000000
002011066765286700104156522691000000000026384003280400001046420025000012250008550008550000000000000100000001000000861280260000105829000000927502600001058290000009275000000000000000000000300000000000000000000000000006360010744726028164003800000000
005001066765296200104156298988000000000024833017041023001000150000
002011066765296300104156298988000000000024833017040400001070330025000012250008550008550000000000000100000001000000861280260000105829000000927502600001058290000009275000000000000000000000300000000000000000000000000006360010744726028164003800000000
002011066765316400104164384987000000000024333811920400001009060025000025000025000000000000000000000100000001000000861280260000105829000000927502600001058290000009275000000000000000000000000000000000000000000000000006360010744726028164003800000000
002011066765317000104152049673000000000025456976080400001003410025000012250008550008550000000000000100000001000000861280260000105829000000927502600001058290000009275000000000000000000000300000000000000000000000000006360010744726028164003800000000
00200306676541930150300302855300000000002525319802061201500941002500000000000000000000010000000100000086128026000010582900000092750260000105829000000927500000000000000000000006360010744726028164003800000000
005001066765806100301001134718000000000008714005850400001000150000
00300108000020000100000000000086128026000010582900000092750260000105829000000927506676580640000
00300104000010000600084200000086128026000010582900000092750260000105829000000927506676580640000
00300101000010000100008550000086128026000010582900000092750260000105829000000927506676580640000
00300106120150000100000000000086128026000010582900000092750260000105829000000927506676580640000
001001026000008612800406676580640260000105829000000927502600001058290000009275020280457300100120000
005001066765806600301001134718000000000008714005850400001000150000
001001026000008612800506676580700260000105829000000927502600001058290000009275020280457300100120000
00200306676580860020401647530100000000000245097650080000200175002500000000000000000000010000000100000086128026000010582900000092750260000105829000000927500000000000000000000006360010744726028164003800000000
002011066765810000104083960236000000000009142774480400001012940025000012250004500004500008550000000100000001000000861280260000105829000000927502600001058290000009275100000000000000000000300000000000000000000000000006360010744726028164003800000000
002011066765810600104165996552000000000024164793040400001053560025000025000025000000000000000000000100000001000000861280260000105829000000927502600001058290000009275000000000000000000000000000000000000000000000000006360010744726028164003800000000
002011066765811000109059042193000000000008023250640100001003750025000012250004500004500008550000000100000001000000861280260000105829000000927502600001058290000009275100000000000000000000300000000000000000000000000006360010744726028164003800000000
002011066765811700109064489541000000000011560057040100001011320025000012250004500004500008550000000100000001000000861280260000105829000000927502600001058290000009275100000000000000000000300000010000000000000000000306360010744726028164003800000000
002011066765812400104156297035000000000026370399440400001004580025000012250002700004500008550000000100000001000000861280260000105829000000927502600001058290000009275100000000000000000000300000000000000000000000000006360010744726028164003800000000
002011066765812400104156297035000000000026370399440400001004580025000012250001800004500008550000000100000001000000861280260000105829000000927502600001058290000009275100000000000000000000300000000000000000000000000006360010744726028164003800000000
0020020667658148003010011347180000000000087140058501000030000000250000000000250000000001000000010000008612802600001058290000009275026000010582900000092750063600107447260281640038000000
002011066765815600104163043841000000000014937086160400001066370025000012250003550003550008550000000100000001000000861280260000105829000000927502600001058290000009275100000000000000000000300000000000000000000000000006360010744726028164003800000000
002011066765816200104151823782000000000025270029520400001001950025000012250004500004500008550000000100000001000000861280260000105829000000927502600001058290000009275100000000000000000000300000000000000000000000000006360010744726028164003800000000
002011066765827200109008116122000000000010010998480100001003080025000012250004500004500008550000000100000001000000861280260000105829000000927502600001058290000009275100000000000000000000300000000000000000000000000006360010744726028164003800000000
0020020667658362003010011347180000000000087140058501000030000000250000000000250000000001000000010000008612802600001058290000009275026000010582900000092750063600107447260281640038000000
002011066765884700104165183391000000000014910521040400001037370025000012250004500004500008550000000100000001000000861280260000105829000000927502600001058290000009275100000000000000000000300000000000000000000000000006360010744726028164003800000000
00200306676588520020401250292400000000000488117223080000200249002500000000000000000000010000000100000086128026000010582900000092750260000105829000000927500000000000000000000006360010744726028164003800000000
002011066765886500109008915327000000000006657086160100001002670025000012250008550008550000000000000100000001000000861280260000105829000000927502600001058290000009275000000000000000000000300000000000000000000000000006360010744726028164003800000000
005001066765887100109076100261000000000029774490320100001000340000
002011066765887600109072204177000000000028190354640100001003900025000012250008550008550000000000000100000001000000861280260000105829000000927502600001058290000009275000000000000000000000300000000000000000000000000006360010744726028164003800000000
002011066765888400109074126548000000000031228109520100001001330025000012250008550008550000000000000100000001000000861280260000105829000000927502600001058290000009275000000000000000000000300000000000000000000000000006360010744726028164003800000000
002011066765889300109072148889000000000028124337360100001003390025000012250008550008550000000000000100000001000000861280260000105829000000927502600001058290000009275000000000000000000000300000000000000000000000000006360010744726028164003800000000
002011066765890100109075567572000000000030854224080100001000990025000012250008550008550000000000000100000001000000861280260000105829000000927502600001058290000009275000000000000000000000300000000000000000000000000006360010744726028164003800000000
002011066765890700109075567599000000000030857127120100001001140025000012250008550008550000000000000100000001000000861280260000105829000000927502600001058290000009275000000000000000000000300000000000000000000000000006360010744726028164003800000000
002011066765894000109072148871000000000028134055120100001003270025000012250008550008550000000000000100000001000000861280260000105829000000927502600001058290000009275000000000000000000000300000000000000000000000000006360010744726028164003800000000
002011066765969000104152520171000000000027867705040400001010010025000012250008550008550000000000000100000001000000861280260000105829000000927502600001058290000009275000000000000000000000300000000000000000000000000006360010744726028164003800000000
002011066766010200109128528177000000000007503568080100001003620025000012250008550008550000000000000100000001000000861280260000105829000000927502600001058290000009275000000000000000000000300000010000000000000000000106360010744726028164003800000000
002011066766010800109055993411000000000007893929680100001000330025000012250008550008550000000000000100000001000000861280260000105829000000927502600001058290000009275000000000000000000000300000000000000000000000000006360010744726028164003800000000
002011066766011400104081698551000000000001988030160400001008110025000012250003150008550000000000000100000001000000861280260000105829000000927502600001058290000009275000000000000000000000300000000000000000000000000006360010744726028164003800000000
002011066766011400104081698551000000000001988030160400001008110025000012250005400008550000000000000100000001000000861280260000105829000000927502600001058290000009275000000000000000000000300000000000000000000000000006360010744726028164003800000000
005001066766048601503001654351000000000019592266200614015000840000
00200306676604860150300165435100000000001959226620061301502209002500000000000000000000010000000100000086128026000010582900000092750260000105829000000927500000000000000000000006360010744726028164003800000000
0020020667660496015030016543510000000000195922662006140150210900250000000000000000000001000000010000008612802600001058290000009275026000010582900000092750063600107447260281640038000000
00200306676605020030400518997100000000003569574518080000300177002500000000000000000000010000000100000086128026000010582900000092750260000105829000000927500000000000000000000006360010744726028164003800000000
005001066766450400301001134718000000000008714005850400001000150000
00300108000020000200000000000086128026000010582900000092750260000105829000000927506676645070000
00300104000010000800103350000086128026000010582900000092750260000105829000000927506676645070000
00300101000010001200113700000086128026000010582900000092750260000105829000000927506676645070000
00300101000030000200050000000086128026000010582900000092750260000105829000000927506676645070000
00300106130150000100000000000086128026000010582900000092750260000105829000000927506676645070000
00300106140150000100000000000086128026000010582900000092750260000105829000000927506676645070000
00300108000030000100000000000086128026000010582900000092750260000105829000000927506676645070000
001001026000008612800406676645070260000105829000000927502600001058290000009275020280457300100020000
005001066766450800301001134718000000000008714005850400001000150000
001001026000008612800506676645130260000105829000000927502600001058290000009275020280457300100020000
00200306676645440020401473363100000000002752051777080000202221002500000000000000000000010000000100000086128026000010582900000092750260000105829000000927500000000000000000000006360010744726028164003800000000
002011066766455600104162468237000000000026194821840400001010030025000012250008550008550000000000000100000001000000861280260000105829000000927502600001058290000009275000000000000000000000300000000000000000000000000006360010744726028164003800000000
002011066766456200109106753781000000000013351611600100001009810025000012250008550008550000000000000100000001000000861280260000105829000000927502600001058290000009275000000000000000000000300000000000000000000000000006360010744726028164003800000000
002011066766457000104161278761000000000026242012880400001008270025000012250008550008550000000000000100000001000000861280260000105829000000927502600001058290000009275000000000000000000000300000000000000000000000000006360010744726028164003800000000
002011066766470600104151441162000000000026100931280400001000700025000025000025000000000000000000000100000001000000861280260000105829000000927502600001058290000009275000000000000000000000000000000000000000000000000006360010744726028164003800000000
00200306676647240030400510411700000000000871477081080000300761002500000000000000000000010000000100000086128026000010582900000092750260000105829000000927500000000000000000000006360010744726028164003800000000
002011066766475500109056383097000000000016577529040100001003510025000012250008550008550000000000000100000001000000861280260000105829000000927502600001058290000009275000000000000000000000300000010000000000000000000106360010744726028164003800000000
0020020667664777003010011347180000000000087140058501000030000000250000000000250000000001000000010000008612802600001058290000009275026000010582900000092750063600107447260281640038000000
0020020667664786003010011347180000000000087140058501000030000000250000000000250000000001000000010000008612802600001058290000009275026000010582900000092750063600107447260281640038000000
0020020667664791003010011347180000000000087140058501000030000000250000000000250000000001000000010000008612802600001058290000009275026000010582900000092750063600107447260281640038000000
002011066766500400104161481663000000000030161155280400001007880025000012250008550008550000000000000100000001000000861280260000105829000000927502600001058290000009275000000000000000000000300000000000000000000000000006360010744726028164003800000000
0020020667665172003010011347180000000000087140058501000030000000250000000000250000000001000000010000008612802600001058290000009275026000010582900000092750063600107447260281640038000000
002011066766522500104152296158000000000025885200080400001000920025000012250008550008550000000000000100000001000000861280260000105829000000927502600001058290000009275000000000000000000000300000000000000000000000000006360010744726028164003800000000
00200306676653250030400505338500000000000252071097080000301297002500000000000000000000010000000100000086128026000010582900000092750260000105829000000927500000000000000000000006360010744726028164003800000000
005001066766534100000000000000000000000006686398730000000000150000
005001066766534100000000000000000000000006686398730000000000150000
002011066766536700109006374884000000000008940844240100001026010025000012250008550008550000000000000100000001000000861280260000105829000000927502600001058290000009275000000000000000000000300000000000000000000000000006360010744726028164003800000000
00200306676653880030400349082600000000003385116822080000303210002500000000000000000000010000000100000086128026000010582900000092750260000105829000000927500000000000000000000006360010744726028164003800000000
00200306676654010020400985915900000000002322846122080000209232002500000000000000000000010000000100000086128026000010582900000092750260000105829000000927500000000000000000000006360010744726028164003800000000
002011066766541400117045266753000000000011926705650400001021900025000012250008550008550000000000000100000001000000861280260000105829000000927502600001058290000009275000000000000000000000300000000000000000000000000006360010744726028164003800000000
002011066766568400109078471631000000000030437261520100001000900025000012250008550008550000000000000100000001000000861280260000105829000000927502600001058290000009275000000000000000000000300000000000000000000000000006360010744726028164003800000000
0020020667665752003010011347180000000000087140058501000030000000250000000000250000000001000000010000008612802600001058290000009275026000010582900000092750063600107447260281640038000000
0020020667665755003010011347180000000000087140058501000030000000250000000000250000000001000000010000008612802600001058290000009275026000010582900000092750063600107447260281640038000000
002011066766582800104077137108000000000039621055870400001026050025000025000025000000000000000000000100000001000000861280260000105829000000927502600001058290000009275000000000000000000000019300000000000000000000000006360010744726028164003800000000
002011066766583700104165743751000000000023513866960400001035460025000012250008550008550000000000000100000001000000861280260000105829000000927502600001058290000009275000000000000000000000300000000000000000000000000006360010744726028164003800000000
0020020667665910003010011347180000000000087140058501000030000000250000000000250000000001000000010000008612802600001058290000009275026000010582900000092750063600107447260281640038000000
002011066766591700104085446475000000000015555187920400001004820025000012250008550008550000000000000100000001000000861280260000105829000000927502600001058290000009275000000000000000000000300000000000000000000000000006360010744726028164003800000000
002011066766599700104085988987000000000015774372560400001011960025000012250008550008550000000000000100000001000000861280260000105829000000927502600001058290000009275000000000000000000000300000000000000000000000000006360010744726028164003800000000
002011066766603400109039966179000000000028778176720100001001710025000012250008550008550000000000000100000001000000861280260000105829000000927502600001058290000009275000000000000000000000300000000000000000000000000006360010744726028164003800000000
002011066766604100104152267891000000000025397092560400001009740025000012250008550008550000000000000100000001000000861280260000105829000000927502600001058290000009275000000000000000000000300000000000000000000000000006360010744726028164003800000000
002011066766604800104089881941000000000018082018000400001002310025000025000025000000000000000000000100000001000000861280260000105829000000927502600001058290000009275000000000000000000000000000000000000000000000000006360010744726028164003800000000
00200306676662990030400510075800000000000252196729080000300246002500000000000000000000010000000100000086128026000010582900000092750260000105829000000927500000000000000000000006360010744726028164003800000000
002011066766636600104084453354000000000008931518160400001007620025000012250008550008550000000000000100000001000000861280260000105829000000927502600001058290000009275000000000000000000000300000000000000000000000000006360010744726028164003800000000
002011066766644800104156967561000000000027976123600400001009340025000012250008550008550000000000000100000001000000861280260000105829000000927502600001058290000009275000000000000000000000300000000000000000000000000006360010744726028164003800000000
002011066766670600104164207589000000000024316309200400001047060025000012250008550008550000000000000100000001000000861280260000105829000000927502600001058290000009275000000000000000000000300000000000000000000000000006360010744726028164003800000000
0020020667666796003010011347180000000000087140058501000030000000250000000000250000000001000000010000008612802600001058290000009275026000010582900000092750063600107447260281640038000000
002011066766685800104152375805000000000023378445520400001013200025000012250008550008550000000000000100000001000000861280260000105829000000927502600001058290000009275000000000000000000000300000000000000000000000000006360010744726028164003800000000
0020020667666872003010011347180000000000087140058501000030000000250000000000250000000001000000010000008612802600001058290000009275026000010582900000092750063600107447260281640038000000
002011066766688800117056134705000000000013895982010400001019370025000012250008550008550000000000000100000001000000861280260000105829000000927502600001058290000009275000000000000000000000300000000000000000000000000006360010744726028164003800000000
0020020667666904003010011347180000000000087140058501000030000000250000000000250000000001000000010000008612802600001058290000009275026000010582900000092750063600107447260281640038000000
00200306676669580030500026010100000000002290217451071000302072002500000000000000000000010000000100000086128026000010582900000092750260000105829000000927500000000000000000000006360010744726028164003800000000
00200306676669670030500041637200000000000959761737071000300818002500000000000000000000010000000100000086128026000010582900000092750260000105829000000927500000000000000000000006360010744726028164003800000000
002011066766698100104157899322000000000025637130960400001026230025000012250006200008550000000000000100000001000000861280260000105829000000927502600001058290000009275000000000000000000000300000000000000000000000000006360010744726028164003800000000
002011066766698100104157899322000000000025637130960400001026230025000012250002350008550000000000000100000001000000861280260000105829000000927502600001058290000009275000000000000000000000300000000000000000000000000006360010744726028164003800000000
005001066766731201503001386258000000000000676919500614015000840000
00200306676673120150300138625800000000000067691950061301500919002500000000000000000000010000000100000086128026000010582900000092750260000105829000000927500000000000000000000006360010744726028164003800000000
0020020667667324015030013862580000000000006769195006140150091300250000000000000000000001000000010000008612802600001058290000009275026000010582900000092750063600107447260281640038000000
00200306676674280030500030967300000000001334702262071000301998002500000000000000000000010000000100000086128026000010582900000092750260000105829000000927500000000000000000000006360010744726028164003800000000
002011066766782400109124412841000000000001555986640100001003540025000012250008550008550000000000000100000001000000861280260000105829000000927502600001058290000009275000000000000000000000300000000000000000000000000006360010744726028164003800000000
0020020667668050003010011347180000000000087140058501000030000000250000000000250000000001000000010000008612802600001058290000009275026000010582900000092750063600107447260281640038000000
00200306676687760150300264835300000000002356108950061201502438002500000000000000000000010000000100000086128026000010582900000092750260000105829000000927500000000000000000000006360010744726028164003800000000
005001066767084600301001134718000000000008714005850400001000150000
00300108000020000200000000000086128026000010582900000092750260000105829000000927506676708490000
00300104000010001800203250000086128026000010582900000092750260000105829000000927506676708490000
00300101000010000600051300000086128026000010582900000092750260000105829000000927506676708490000
00300108000030000400000000000086128026000010582900000092750260000105829000000927506676708490000
00300101000030001100275000000086128026000010582900000092750260000105829000000927506676708490000
00300107100030000300000000000086128026000010582900000092750260000105829000000927506676708490000
00300106130150000100000000000086128026000010582900000092750260000105829000000927506676708490000
00300106140150000100000000000086128026000010582900000092750260000105829000000927506676708490000
00300106120150000100000000000086128026000010582900000092750260000105829000000927506676708490000
001001026000008612800406676708490260000105829000000927502600001058290000009275020280457300100120000
005001066767085000301001134718000000000008714005850400001000150000
001001026000008612800506676708550260000105829000000927502600001058290000009275020280457300100120000
002011066767086400104161662871000000000025071752400400001053590025000012250008550008550000000000000100000001000000861280260000105829000000927502600001058290000009275000000000000000000000300000000000000000000000000006360010744726028164003800000000
002011066767087100109080278291000000000007825170640100001011470025000012250008550008550000000000000100000001000000861280260000105829000000927502600001058290000009275000000000000000000000300000010000000000000000000306360010744726028164003800000000
002011066767088100109081072547000000000008840561360100001025020025000012250004500004500008550000000100000001000000861280260000105829000000927502600001058290000009275100000000000000000000300000010000000000000000000206360010744726028164003800000000
00200306676708960030400504812800000000001546006050080000300655002500000000000000000000010000000100000086128026000010582900000092750260000105829000000927500000000000000000000006360010744726028164003800000000
002011066767093600104162894376000000000018747057360400001020470025000012250004920008550000000000000100000001000000861280260000105829000000927502600001058290000009275000000000000000000000300000000000000000000000000006360010744726028164003800000000
002011066767093600104162894376000000000018747057360400001020470025000012250003630008550000000000000100000001000000861280260000105829000000927502600001058290000009275000000000000000000000300000000000000000000000000006360010744726028164003800000000
00200306676714640030400525161600000000002523534906080000300413002500000000000000000000010000000100000086128026000010582900000092750260000105829000000927500000000000000000000006360010744726028164003800000000
002011066767147200109080876472000000000005728886480100001001530025000012250008550008550000000000000100000001000000861280260000105829000000927502600001058290000009275000000000000000000000300000010000000000000000000106360010744726028164003800000000
002011066767147600104164393927000000000024320761040400001038490025000012250008550008550000000000000100000001000000861280260000105829000000927502600001058290000009275000000000000000000000300000000000000000000000000006360010744726028164003800000000
002011066767148100104153341254000000000024977081040400001063940025000012250008550008550000000000000100000001000000861280260000105829000000927502600001058290000009275000000000000000000000300000000000000000000000000006360010744726028164003800000000
002011066767148600104164627626000000000024059264720400001031810025000012250004500004500008550000000100000001000000861280260000105829000000927502600001058290000009275100000000000000000000300000000000000000000000000006360010744726028164003800000000
00200306676714910150300316409100000000000872174873061201500076002500000000000000000000010000000100000086128026000010582900000092750260000105829000000927500000000000000000000006360010744726028164003800000000
002011066767150200104156758067000000000026535900880400001014970025000012250004500004500008550000000100000001000000861280260000105829000000927502600001058290000009275100000000000000000000300000000000000000000000000006360010744726028164003800000000
002011066767150900104152097538000000000023809833680400001000170025000025000025000000000000000000000100000001000000861280260000105829000000927502600001058290000009275000000000000000000000000000000000000000000000000006360010744726028164003800000000
005001066767151400104152097538000000000023809833680400001000800000
002011066767151700104089323033000000000034685476560400001001170025000012250008550008550000000000000100000001000000861280260000105829000000927502600001058290000009275000000000000000000000300000000000000000000000000006360010744726028164003800000000
002011066767152600109080638482000000000005377721040100001002390025000012250004500004500008550000000100000001000000861280260000105829000000927502600001058290000009275100000000000000000000300000010000000000000000000106360010744726028164003800000000
002011066767153300104151265291000000000025306832080400001000310025000025000025000000000000000000000100000001000000861280260000105829000000927502600001058290000009275000000000000000000000000000000000000000000000000006360010744726028164003800000000
005001066767560500301001134718000000000008714005850400001000150000
00300104000010000900117250000086128026000010582900000092750260000105829000000927506676756090000
00300101000010000400041600000086128026000010582900000092750260000105829000000927506676756090000
00300108000030000200000000000086128026000010582900000092750260000105829000000927506676756090000
00300106120150000100000000000086128026000010582900000092750260000105829000000927506676756090000
001001026000008612800406676756090260000105829000000927502600001058290000009275020280457300100020000
005001066767561000301001134718000000000008714005850400001000150000
001001026000008612800306676756130260000105829000000927502600001058290000009275020280457300100020000
02000100106676756240030100113471800000000000871400585026000010582900000092750028504000008612802600001058290000009275026000010582900000092750000
0210010300120000086128026000010582900000092750260000105829000000927506676756240000
0210010400080000086128026000010582900000092750260000105829000000927506676756240000
0210010500030000086128026000010582900000092750260000105829000000927506676756240000
0210010900030000086128026000010582900000092750260000105829000000927506676756240000
0210011000020000086128026000010582900000092750260000105829000000927506676756240000
0210011100020000086128026000010582900000092750260000105829000000927506676756240000
0210012500560000086128026000010582900000092750260000105829000000927506676756240000
010001001026000010582900000092750000086128066767562400500000
001001026000008612800206676756290260000105829000000927500000000000000000000000020280457300100020000
010001001026000010582900000092750000086128066767563600400000
001001026000008612800106676756410000000105829000000000000000000000000000000000020280457300100020000
03400667643770000008612800005C06676437700667648035000008612804568I000010582900001058290100000090008550000000010000000101000000100168500000000100000001040000019000855000000001000000010613000020000000000000010000000106140000200000000000000100000001070000003000000000000001000000010701000020000000000000010000000108000001500000000000000100000001
03400667648041000008612800005C06676480410667651793000008612804568V00001058290000105829010000002001685000000001000000010400000080008550000000010000000104000000100008010000000100000001040000001000370100000001000000010400000010000001000000010000000104000000200168500000000100000001040000001000425100000001000000010613000020000000000000010000000106140000200000000000000100000001070000006000000000000001000000010800000070000000000000010000000108000000700000000000000100000001080000007000000000000001000000010800000070000000000000010000000108000000700000000000000100000001080000007000000000000001000000010800000070000000000000010000000108000000700000000000000100000001080000007000000000000001000000010800000070000000000000010000000108000000700000000000000100000001
