1000020260000086177005063600113503259854360030980000
001001026000008617700206676221460000000091994000000000000000000000000000000000020230456800100000000
010001001026000009199400000083040000086177066762215600100000
010001001026000009199400000083040000086177066762216800200000
001001026000008617700306676221720260000091994000000830402600000919940000008304020230456800100010000
001001026000008617700406676221780260000091994000000830402600000919940000008304020230456800100010000
001001026000008617700506676221840260000091994000000830402600000919940000008304020230456800100010000
0020020667622990003010009891910000000000084420223501000030000000168500000000168500000001000000010000008617702600000919940000008304026000009199400000083040063600113503259854360030980000
002011066762299800109166152911000000000007943849680100001014630016850008650008550008550000000000000100000001000000861770260000091994000000830402600000919940000008304000000000000000000000300000010000000000000000000206360011350325985436003098000000
002011066762300400104086276921000000000023750387920400001005600016850016850016850000000000000000000100000001000000861770260000091994000000830402600000919940000008304000000000000000000000000000000000000000000000000006360011350325985436003098000000
00200306676230100030400494781100000000002523828346080000301338001685000000000000000000010000000100000086177026000009199400000083040260000091994000000830400000000000000000000006360011350325985436003098000000
002011066762302400104085019941000000000016847066320400001010920016850008650008550008550000000000000100000001000000861770260000091994000000830402600000919940000008304000000000000000000000300000000000000000000000000006360011350325985436003098000000
002011066762334300104156466597000000000027463312080400001060510016850008650008550008550000000000000100000001000000861770260000091994000000830402600000919940000008304000000000000000000000300000000000000000000000000006360011350325985436003098000000
00200306676234330030400480800500000000000456401465080000303399001685000000000000000000010000000100000086177026000009199400000083040260000091994000000830400000000000000000000006360011350325985436003098000000
00200306676235690030500025034200000000002289728843071000303032001685000000000000000000010000000100000086177026000009199400000083040260000091994000000830400000000000000000000006360011350325985436003098000000
0020020667623738003010009891910000000000084420223501000030000000168500000000168500000001000000010000008617702600000919940000008304026000009199400000083040063600113503259854360030980000
005001066762440000301001164421000000000008914681530400001000150000
005001066762440300301001164421000000000008914681530400001000150000
00200306676244040030100116442100000000000891468153070000300155001685000000000000000000010000000100000086177026000009199400000083040260000091994000000830400000000000000000000006360011350325985436003098000000
002011066762516400104151036403000000000023832164560400001002260016850016850016850000000000000000000100000001000000861770260000091994000000830402600000919940000008304000000000000000000000000000000000000000000000000006360011350325985436003098000000
002011066762517100117010904559000000000030741413890400001054310016850016850016850000000000000000000100000001000000861770260000091994000000830402600000919940000008304000000000000000000000000000000000000000000000000006360011350325985436003098000000
005001066762523500117060670624000000000002029652660100001002410000
002011066762523500117060670624000000000002029652660400001019480016850008650008550008550000000000000100000001000000861770260000091994000000830402600000919940000008304000000000000000000000300000000000000000000000000006360011350325985436003098000000
005001066762639300301001078257000000000006601503160400001000150000
00300101000030000200033700000086177026000009199400000083040260000091994000000830406676263990000
00300101000010000100008550000086177026000009199400000083040260000091994000000830406676263990000
00300104000010000600076200000086177026000009199400000083040260000091994000000830406676263990000
00300108000030000200000000000086177026000009199400000083040260000091994000000830406676263990000
00300107100030000100000000000086177026000009199400000083040260000091994000000830406676263990000
00300107000030000100000000000086177026000009199400000083040260000091994000000830406676263990000
001001026000008617700406676263990260000091994000000830402600000919940000008304020230456800100110000
005001066762640000301001078257000000000006601503160400001000150000
001001026000008617700506676264060260000091994000000830402600000919940000008304020230456800100110000
0020020667626429003010009891910000000000084420223501000030000000168500000000168500000001000000010000008617702600000919940000008304026000009199400000083040063600113503259854360030980000
00200306676264360030400274928100000000000658936524080000305495001685000000000000000000010000000100000086177026000009199400000083040260000091994000000830400000000000000000000006360011350325985436003098000000
00200306676264470030400520027200000000003569210246080000300590001685000000000000000000010000000100000086177026000009199400000083040260000091994000000830400000000000000000000006360011350325985436003098000000
00200306676264750030400426089100000000003399195238080000300769001685000000000000000000010000000100000086177026000009199400000083040260000091994000000830400000000000000000000006360011350325985436003098000000
0020020667626523003010009891910000000000084420223501000030000000168500000000168500000001000000010000008617702600000919940000008304026000009199400000083040063600113503259854360030980000
002011066762653000104164572732000000000023043702480400001115630016850008650004500004500008550000000100000001000000861770260000091994000000830402600000919940000008304100000000000000000000300000000000000000000000000006360011350325985436003098000000
005001066762654400104089072881000000000023452017361023001002300000
002011066762654600104089072881000000000023452017360400001005600016850016850016850000000000000000000100000001000000861770260000091994000000830402600000919940000008304000000000000000000000019000000000000000000000000006360011350325985436003098000000
002011066762655600104150247771000000000024727959760400001002250016850008650004500004500008550000000100000001000000861770260000091994000000830402600000919940000008304100000000000000000000300000000000000000000000000006360011350325985436003098000000
005001066762656100301001122061000000000008723874650400001000150000
005001066762656400301001122061000000000008723874650400001000150000
00200306676265660030100112206100000000000872387465070000300550001685000000000000000000010000000100000086177026000009199400000083040260000091994000000830400000000000000000000006360011350325985436003098000000
00200306676265760030400514254100000000003572469446080000300097001685000000000000000000010000000100000086177026000009199400000083040260000091994000000830400000000000000000000006360011350325985436003098000000
002011066762658800117059516129000000000010707223370400001012550016850016850016850000000000000000000100000001000000861770260000091994000000830402600000919940000008304000000000000000000000000000000000000000000000000006360011350325985436003098000000
002011066762659300104086783092000000000016151790800400001005490016850008650004500004500008550000000100000001000000861770260000091994000000830402600000919940000008304100000000000000000000300000000000000000000000000006360011350325985436003098000000
0020020667627406003010009891910000000000084420223501000030000000168500000000168500000001000000010000008617702600000919940000008304026000009199400000083040063600113503259854360030980000
002011066762760000104156468468000000000027989438160400001028260016850008650008550008550000000000000100000001000000861770260000091994000000830402600000919940000008304000000000000000000000300000000000000000000000000006360011350325985436003098000000
002011066762788700109068175631000000000015649109200100001004330016850008650003000003000008550000000100000001000000861770260000091994000000830402600000919940000008304100000000000000000000300000000000000000000000000006360011350325985436003098000000
002011066762790600104164392051000000000023282765520400001013800016850016850016850000000000000000000100000001000000861770260000091994000000830402600000919940000008304000000000000000000000000000000000000000000000000006360011350325985436003098000000
002011066762806900104087104601000000000015896005840400001007640016850016850016850000000000000000000100000001000000861770260000091994000000830402600000919940000008304000000000000000000000000000000000000000000000000006360011350325985436003098000000
002011066762819100104160162327000000000027250376400400001015410016850016850016850000000000000000000100000001000000861770260000091994000000830402600000919940000008304000000000000000000000000000000000000000000000000006360011350325985436003098000000
002011066762837500104081118074000000000014936238410400001009830016850016850016850000000000000000000100000001000000861770260000091994000000830402600000919940000008304000000000000000000000019300000000000000000000000006360011350325985436003098000000
00200306676284570030400452778200000000001109627450080000301771001685000000000000000000010000000100000086177026000009199400000083040260000091994000000830400000000000000000000006360011350325985436003098000000
00200306676284720030400362661200000000002138089404080000301257001685000000000000000000010000000100000086177026000009199400000083040260000091994000000830400000000000000000000006360011350325985436003098000000
00200306676284810030400445303700000000002678967763080000300773001685000000000000000000010000000100000086177026000009199400000083040260000091994000000830400000000000000000000006360011350325985436003098000000
00200306676284890030400483893100000000000322939993080000301399001685000000000000000000010000000100000086177026000009199400000083040260000091994000000830400000000000000000000006360011350325985436003098000000
002011066762859100104087936331000000000015951434960400001005370016850016850016850000000000000000000100000001000000861770260000091994000000830402600000919940000008304000000000000000000000000000000000000000000000000006360011350325985436003098000000
00300101000030000300050550000086177026000009199400000083040260000091994000000830406676305000000
00300108000030000800000000000086177026000009199400000083040260000091994000000830406676305000000
00300104000010001100152450000086177026000009199400000083040260000091994000000830406676305000000
00300107000030000100000000000086177026000009199400000083040260000091994000000830406676305000000
00300101000010000100008650000086177026000009199400000083040260000091994000000830406676305000000
001001026000008617700406676305000260000091994000000830402600000919940000008304020230456800100010000
001001026000008617700506676308780260000091994000000830402600000919940000008304020230456800100010000
002011066763093500109071157591000000000015537403600100001000650016850008650008550008550000000000000100000001000000861770260000091994000000830402600000919940000008304000000000000000000000300000000000000000000000000006360011350325985436003098000000
002011066763094200109166152197000000000007934393040100001000590016850016850016850000000000000000000100000001000000861770260000091994000000830402600000919940000008304000000000000000000000000000000000000000000000000006360011350325985436003098000000
00200306676309500030400490703800000000000323612985080000300510001685000000000000000000010000000100000086177026000009199400000083040260000091994000000830400000000000000000000006360011350325985436003098000000
002011066763096200109001088051000000000006373548240100001001230016850008650008550008550000000000000100000001000000861770260000091994000000830402600000919940000008304000000000000000000000300000000000000000000000000006360011350325985436003098000000
005001066763098400104089072881000000000023452017360400001000800000
00200306676312610030400504134400000000000252236041080000301603001685000000000000000000010000000100000086177026000009199400000083040260000091994000000830400000000000000000000006360011350325985436003098000000
002011066763141300109006595741000000000009805901520100001003630016850008650008550008550000000000000100000001000000861770260000091994000000830402600000919940000008304000000000000000000000300000000000000000000000000006360011350325985436003098000000
002011066763178400109007031654000000000009873941200100001006240016850008650008550008550000000000000100000001000000861770260000091994000000830402600000919940000008304000000000000000000000300000010000000000000000000106360011350325985436003098000000
002011066763188300104164178155000000000018694490320400001070790016850016850016850000000000000000000100000001000000861770260000091994000000830402600000919940000008304000000000000000000000000000000000000000000000000006360011350325985436003098000000
00300101000010000500051050000086177026000009199400000083040260000091994000000830406676341470000
00300108000030000200000000000086177026000009199400000083040260000091994000000830406676341470000
00300104000010000100016850000086177026000009199400000083040260000091994000000830406676341470000
001001026000008617700406676341470260000091994000000830402600000919940000008304020230456800100110000
001001026000008617700506676342270260000091994000000830402600000919940000008304020230456800100110000
00200306676342440030400481503600000000001545988498080000300253001685000000000000000000010000000100000086177026000009199400000083040260000091994000000830400000000000000000000006360011350325985436003098000000
0020020667634257003010009891910000000000084420223501000030000000168500000000168500000001000000010000008617702600000919940000008304026000009199400000083040063600113503259854360030980000
002011066763426200109150458836000000000002416067280100001000750016850008650004500004500008550000000100000001000000861770260000091994000000830402600000919940000008304100000000000000000000300000000000000000000000000006360011350325985436003098000000
002011066763427300109063368316000000000011254395600100001002860016850008650000000000000008550000000100000001000000861770260000091994000000830402600000919940000008304100000000000000000000300000000000000000000000000006360011350325985436003098000000
002011066763428500109123437491000000000012266747600100001039190016850008650004500004500008550000000100000001000000861770260000091994000000830402600000919940000008304100000000000000000000300000010000000000000000001106360011350325985436003098000000
002011066763429200109106529863000000000012943737040100001006370016850008650004250004250008550000000100000001000000861770260000091994000000830402600000919940000008304100000000000000000000300000000000000000000000000006360011350325985436003098000000
002011066763429700109106529863000000000012943737040100001006380016850016850016850000000000000000000100000001000000861770260000091994000000830402600000919940000008304000000000000000000000019000000000000000000000000006360011350325985436003098000000
002011066763430300104085413763000000000015585104080400001008840016850008650004250004250008550000000100000001000000861770260000091994000000830402600000919940000008304100000000000000000000300000000000000000000000000006360011350325985436003098000000
00200306676343090030400436444100000000000581849635080000302346001685000000000000000000010000000100000086177026000009199400000083040260000091994000000830400000000000000000000006360011350325985436003098000000
002011066763432200109052852068000000000017883559120100001000990016850008650008550008550000000000000100000001000000861770260000091994000000830402600000919940000008304000000000000000000000300000000000000000000000000006360011350325985436003098000000
00200306676349280030400521959300000000002523534586080000300121001685000000000000000000010000000100000086177026000009199400000083040260000091994000000830400000000000000000000006360011350325985436003098000000
002011066763522900109079598294000000000028228091600100001000270016850008650008550008550000000000000100000001000000861770260000091994000000830402600000919940000008304000000000000000000000300000000000000000000000000006360011350325985436003098000000
002011066763544700104162355661000000000028402524880400001026180016850008650004600004600008550000000100000001000000861770260000091994000000830402600000919940000008304100000000000000000000300000000000000000000000000006360011350325985436003098000000
00200306676354520030400510075800000000000252196729080000300245001685000000000000000000010000000100000086177026000009199400000083040260000091994000000830400000000000000000000006360011350325985436003098000000
00200306676354660030400305272100000000002130463100080000305210001685000000000000000000010000000100000086177026000009199400000083040260000091994000000830400000000000000000000006360011350325985436003098000000
00300108000030000500000000000086177026000009199400000083040260000091994000000830406676375640000
00300101000030000100016850000086177026000009199400000083040260000091994000000830406676375640000
00300101000010000700068550000086177026000009199400000083040260000091994000000830406676375640000
00300104000010000200017300000086177026000009199400000083040260000091994000000830406676375640000
001001026000008617700406676375640260000091994000000830402600000919940000008304020230456800100010000
001001026000008617700306676375680260000091994000000830402600000919940000008304020230456800100010000
02000100106676375780030100098919100000000000844202235026000009199400000083040127201000008617702600000919940000008304026000009199400000083040000
0210010300170000086177026000009199400000083040260000091994000000830406676375780000
0210010400110000086177026000009199400000083040260000091994000000830406676375780000
0210010500010000086177026000009199400000083040260000091994000000830406676375780000
0210010800020000086177026000009199400000083040260000091994000000830406676375780000
0210011800020000086177026000009199400000083040260000091994000000830406676375780000
0210012500210000086177026000009199400000083040260000091994000000830406676375780000
010001001026000009199400000083040000086177066763757800500000
001001026000008617700206676375810260000091994000000830400000000000000000000000020230456800100010000
010001001026000009199400000083040000086177066763762600200000
001001026000008617700306676376300260000091994000000830402600000919940000008304020280457300100010000
001001026000008617700406676376350260000091994000000830402600000919940000008304020280457300100010000
001001026000008617700506676390330260000091994000000830402600000919940000008304020280457300100010000
0020020667639066003010009891910000000000084420223501000030000000250000000000250000000001000000010000008617702600000919940000008304026000009199400000083040063600113503259854360030980000
002011066763907300104165578531000000000024020560080400001018800025000012250008550008550000000000000100000001000000861770260000091994000000830402600000919940000008304000000000000000000000300000000000000000000000000006360011350325985436003098000000
00200306676392950150300190264700000000004245774581061201501292002500000000000000000000010000000100000086177026000009199400000083040260000091994000000830400000000000000000000006360011350325985436003098000000
00200306676393050030400456232400000000001116890682080000301150002500000000000000000000010000000100000086177026000009199400000083040260000091994000000830400000000000000000000006360011350325985436003098000000
00200306676393160020100461988100000000002474709669070000202088002500000000000000000000010000000100000086177026000009199400000083040260000091994000000830400000000000000000000006360011350325985436003098000000
00200306676395380020401449474100000000003115618682080000202361002500000000000000000000010000000100000086177026000009199400000083040260000091994000000830400000000000000000000006360011350325985436003098000000
002011066763969700104087640058000000000015902715600400001004180025000012250008550008550000000000000100000001000000861770260000091994000000830402600000919940000008304000000000000000000000300000000000000000000000000006360011350325985436003098000000
005001066764012801503001753617000000000011135666660614015000840000
00200306676401290150300175361700000000001113566666061301502495002500000000000000000000010000000100000086177026000009199400000083040260000091994000000830400000000000000000000006360011350325985436003098000000
002011066764046600109128594978000000000006391053520100001005300025000012250008550008550000000000000100000001000000861770260000091994000000830402600000919940000008304000000000000000000000300000000000000000000000000006360011350325985436003098000000
00200306676405400030400415843400000000002553447610080000301776002500000000000000000000010000000100000086177026000009199400000083040260000091994000000830400000000000000000000006360011350325985436003098000000
005001066764056000109074052188000000000030998628561022001000150000
002011066764056400109074052188000000000030998628560100001002320025000012250008550008550000000000000100000001000000861770260000091994000000830402600000919940000008304000000000000000000000300000010000000000000000000106360011350325985436003098000000
005001066764058100109057973701000000000010846329041023001002300000
005001066764058300109057973701000000000010846329041023001002300000
002011066764058500109057973701000000000010846329040100001005360025000012250008550008550000000000000100000001000000861770260000091994000000830402600000919940000008304000000000000000000000300000000000000000000000000006360011350325985436003098000000
002011066764059500109106235691000000000013751987920100001006640025000012250008550008550000000000000100000001000000861770260000091994000000830402600000919940000008304000000000000000000000300000000000000000000000000006360011350325985436003098000000
002011066764067600104156523418000000000026384400080400001052630025000012250008550008550000000000000100000001000000861770260000091994000000830402600000919940000008304000000000000000000000300000000000000000000000000006360011350325985436003098000000
002011066764118200104158341473000000000026011653840400001029760025000012250008550008550000000000000100000001000000861770260000091994000000830402600000919940000008304000000000000000000000300000000000000000000000000006360011350325985436003098000000
002011066764118800104165278803000000000022996805840400001012270025000012250008550008550000000000000100000001000000861770260000091994000000830402600000919940000008304000000000000000000000300000000000000000000000000006360011350325985436003098000000
002011066764144000104164216243000000000024077394640400001009270025000012250008550008550000000000000100000001000000861770260000091994000000830402600000919940000008304000000000000000000000300000000000000000000000000006360011350325985436003098000000
002011066764162900104157593291000000000027424556240400001022270025000012250003000003000008550000000100000001000000861770260000091994000000830402600000919940000008304100000000000000000000300000000000000000000000000006360011350325985436003098000000
002011066764197600104166667307000000000024297260240400001022630025000012250008550008550000000000000100000001000000861770260000091994000000830402600000919940000008304000000000000000000000300000000000000000000000000006360011350325985436003098000000
00300101000030000100025000000086177026000009199400000083040260000091994000000830406676437550000
00300104000010000800072100000086177026000009199400000083040260000091994000000830406676437550000
00300106120150000100000000000086177026000009199400000083040260000091994000000830406676437550000
00300108000030000200000000000086177026000009199400000083040260000091994000000830406676437550000
00300107000020000100000000000086177026000009199400000083040260000091994000000830406676437550000
00300108000020000100000000000086177026000009199400000083040260000091994000000830406676437550000
00300106130150000100000000000086177026000009199400000083040260000091994000000830406676437550000
00300101000010000400034200000086177026000009199400000083040260000091994000000830406676437550000
001001026000008617700406676437550260000091994000000830402600000919940000008304020280457300100110000
001001026000008617700506676452360260000091994000000830402600000919940000008304020280457300100110000
00200306676452450030400493729800000000002442924666080000300033002500000000000000000000010000000100000086177026000009199400000083040260000091994000000830400000000000000000000006360011350325985436003098000000
002011066764525700109006700749000000000008908350160100001005800025000012250004500004500008550000000100000001000000861770260000091994000000830402600000919940000008304100000000000000000000300000000000000000000000000006360011350325985436003098000000
00200306676452660020401054001200000000003867372279080000204754002500000000000000000000010000000100000086177026000009199400000083040260000091994000000830400000000000000000000006360011350325985436003098000000
002011066764543800109070620106000000000015542810320100001000170025000012250004500004500008550000000100000001000000861770260000091994000000830402600000919940000008304100000000000000000000300000000000000000000000000006360011350325985436003098000000
002011066764544400109008936383000000000009807350480100001002140025000012250004500004500008550000000100000001000000861770260000091994000000830402600000919940000008304100000000000000000000300000000000000000000000000006360011350325985436003098000000
002011066764545100109008900745000000000012592295120100001005500025000012250004500004500008550000000100000001000000861770260000091994000000830402600000919940000008304100000000000000000000300000000000000000000000000006360011350325985436003098000000
002011066764555300104160148596000000000024820501200400001033250025000012250008550008550000000000000100000001000000861770260000091994000000830402600000919940000008304000000000000000000000300000000000000000000000000006360011350325985436003098000000
002011066764616900109008895571000000000011159524560100001000590025000012250008550008550000000000000100000001000000861770260000091994000000830402600000919940000008304000000000000000000000300000000000000000000000000006360011350325985436003098000000
002011066764617500104084875577000000000019202970320400001016710025000012250004500004500008550000000100000001000000861770260000091994000000830402600000919940000008304100000000000000000000300000000000000000000000000006360011350325985436003098000000
002011066764716900109009081268000000000005797814480100001002590025000012250008550008550000000000000100000001000000861770260000091994000000830402600000919940000008304000000000000000000000300000000000000000000000000006360011350325985436003098000000
002011066764717700104088136132000000000018114056400400001001870025000012250008550008550000000000000100000001000000861770260000091994000000830402600000919940000008304000000000000000000000300000000000000000000000000006360011350325985436003098000000
005001066764743300301000619157000000000026950636190400001000150000
005001066764743600301000619157000000000026950636190400001000150000
00200306676474380030100061915700000000002695063619070000307163002500000000000000000000010000000100000086177026000009199400000083040260000091994000000830400000000000000000000006360011350325985436003098000000
005001066764765400301001117521000000000015733901300400001000150000
005001066764765700301001117521000000000015733901300400001000150000
00200306676476590030100111752100000000001573390130070000302059002500000000000000000000010000000100000086177026000009199400000083040260000091994000000830400000000000000000000006360011350325985436003098000000
002011066764805900104164565931000000000024403904720400001021590025000012250008550008550000000000000100000001000000861770260000091994000000830402600000919940000008304000000000000000000000300000000000000000000000000006360011350325985436003098000000
00200306676482940030100113086100000000001114403450070100300738002500000000000000000000010000000100000086177026000009199400000083040260000091994000000830400000000000000000000006360011350325985436003098000000
00200306676490400030100112968400000000000658227356070100300609002500000000000000000000010000000100000086177026000009199400000083040260000091994000000830400000000000000000000006360011350325985436003098000000
00300108000030000100000000000086177026000009199400000083040260000091994000000830406676503720000
00300101000010000600066100000086177026000009199400000083040260000091994000000830406676503720000
00300108000020000100000000000086177026000009199400000083040260000091994000000830406676503720000
00300104000010000400037900000086177026000009199400000083040260000091994000000830406676503720000
00300107000030000200000000000086177026000009199400000083040260000091994000000830406676503720000
00300107010030000200000000000086177026000009199400000083040260000091994000000830406676503720000
001001026000008617700406676503720260000091994000000830402600000919940000008304020280457300100010000
001001026000008617700306676503760260000091994000000830402600000919940000008304020280457300100010000
02000100106676503860030100098919100000000000844202235026000009199400000083040127202000008617702600000919940000008304026000009199400000083040000
0210010300050000086177026000009199400000083040260000091994000000830406676503860000
0210010800050000086177026000009199400000083040260000091994000000830406676503860000
0210010900010000086177026000009199400000083040260000091994000000830406676503860000
0210011000010000086177026000009199400000083040260000091994000000830406676503860000
0210012500220000086177026000009199400000083040260000091994000000830406676503860000
010001001026000009199400000083040000086177066765038600500000
001001026000008617700206676503980260000091994000000830400000000000000000000000020280457300100010000
010001001026000009199400000083040000086177066765040500400000
001001026000008617700106676504180000000091994000000000000000000000000000000000020280457300100010000
03400667622184000008617700005C06676221840667626399000008617704568I0000091994000009199401000000300168500000000100000001010000009000855000000001000000010400000040016850000000010000000104000001000085500000000100000001070000002000000000000001000000010710000010000000000000010000000108000000700000000000000100000001
03400667626406000008617700005C06676264060667630500000008617704568V00000919940000091994010000001000300100000001000000010100000050016850000000010000000104000000400085500000000100000001040000004000450100000001000000010400000070016850000000010000000107000000300000000000000100000001080000015000000000000001000000010800000150000000000000010000000108000001500000000000000100000001080000015000000000000001000000010800000150000000000000010000000108000001500000000000000100000001080000015000000000000001000000010800000150000000000000010000000108000001500000000000000100000001080000015000000000000001000000010800000150000000000000010000000108000001500000000000000100000001080000015000000000000001000000010800000150000000000000010000000108000001500000000000000100000001080000015000000000000001000000010800000150000000000000010000000108000001500000000000000100000001
