1000020260000086064005063600108005701968330026990000
0450010000000002000000000106676324100000
0450010000000002000000000106676336970000
0450010000000002000000000106676349840000
0450010000000002000000000106676362560000
0450010000000002000000000106676375430000
0450010000000002000000000106676388300000
0450010000000002000000000106676401170000
0450010000000002000000000106676414040000
0450010000000002000000000106676426900000
0450010000000002000000000106676439770000
0450010000000002000000000106676452480000
0450010000000002000000000106676465350000
0450010000000002000000000106676478230000
0450010000000002000000000106676491090000
001001026000008606400206676498740000000093506000000000000000000000000000000000000000000000000000000
010001001026000009350600000083800000086064066764988000100000
010001001026000009350600000083800000086064066764988900200000
001001026000008606400306676498920260000093506000000838002600000935060000008380000000000000000020000
001001026000008606400406676498970260000093506000000838002600000935060000008380020430458800100020000
005001066764990000301001003524000000000033643219300400001000150000
001001026000008606400506676499040260000093506000000838002600000935060000008380020430458800100020000
00200306676503130030100112424100000000003411454740070100300660002500000000000000000000010000000100000086064026000009350600000083800260000093506000000838000000000000000000000006360010800570196833002699000000
00200306676503340030100083887800000000000330337436070100306108002500000000000000000000010000000100000086064026000009350600000083800260000093506000000838000000000000000000000006360010800570196833002699000000
005001066765042100301001033661000000000026782383230400001000150000
005001066765042400301001033661000000000026782383230400001000150000
00200306676504250030100103366100000000002678238323070000303366002500000000000000000000010000000100000086064026000009350600000083800260000093506000000838000000000000000000000006360010800570196833002699000000
005001066765046200301001130593000000000008713486330400001000150000
005001066765046400301001130593000000000008713486330400001000150000
00200306676504660030100113059300000000000871348633070000300766002500000000000000000000010000000100000086064026000009350600000083800260000093506000000838000000000000000000000006360010800570196833002699000000
00200306676504930030100051909800000000000956251388070100306283002500000000000000000000010000000100000086064026000009350600000083800260000093506000000838000000000000000000000006360010800570196833002699000000
002011066765078900109125374306000000000006284012240100001005060025000012250008550008550000000000000100000001000000860640260000093506000000838002600000935060000008380000000000000000000000300000000000000000000000000006360010800570196833002699000000
00200306676511130020401521685100000000003138397115080000200881002500000000000000000000010000000100000086064026000009350600000083800260000093506000000838000000000000000000000006360010800570196833002699000000
00200306676512910150300218860300000000001201548038061201502381002500000000000000000000010000000100000086064026000009350600000083800260000093506000000838000000000000000000000006360010800570196833002699000000
005001066765144000104082004471000000000002765706960400001000150000
005001066765144100104082004471000000000002765706960400001000360000
005001066765144500104082004471000000000002765706960400001000360000
005001066765144800104082004471000000000002765706961023001002300000
002011066765145500117016449934000000000029493957340400001023640025000025000025000000000000000000000100000001000000860640260000093506000000838002600000935060000008380000000000000000000000000000000000000000000000000006360010800570196833002699000000
002011066765146000104082004471000000000002765706960400001009150025000012250008550008550000000000000100000001000000860640260000093506000000838002600000935060000008380000000000000000000000300000000000000000000000000006360010800570196833002699000000
002011066765146600109078022879000000000031381302480100001004020025000012250008550008550000000000000100000001000000860640260000093506000000838002600000935060000008380000000000000000000000300000000000000000000000000006360010800570196833002699000000
00200306676515060030400513031200000000000456202057080000300556002500000000000000000000010000000100000086064026000009350600000083800260000093506000000838000000000000000000000006360010800570196833002699000000
002011066765172800109076047891000000000032223148240100001000110025000012250008550008550000000000000100000001000000860640260000093506000000838002600000935060000008380000000000000000000000300000000000000000000000000006360010800570196833002699000000
00200306676517940050400025727900000000001396197076080000501807002500000000000000000000010000000100000086064026000009350600000083800260000093506000000838000000000000000000000006360010800570196833002699000000
002011066765180600109068233397000000000017989440720100001000170025000012250008550008550000000000000100000001000000860640260000093506000000838002600000935060000008380000000000000000000000300000000000000000000000000006360010800570196833002699000000
005001066765181200109081833033000000000008323569361023001002300000
002011066765181700109081833033000000000008323569360100001000230025000012250008550008550000000000000100000001000000860640260000093506000000838002600000935060000008380000000000000000000000300000000000000000000000000006360010800570196833002699000000
0020020667651836003010010035240000000000336432193001000030000000250000000000250000000001000000010000008606402600000935060000008380026000009350600000083800063600108005701968330026990000
005001066765195700104082699313000000000000967189201023001002300000
002011066765195900104082699313000000000000967189200400001011910025000025000025000000000000000000000100000001000000860640260000093506000000838002600000935060000008380000000000000000000000000000000000000000000000000006360010800570196833002699000000
00200306676519920020401212324900000000001799931906080000200451002500000000000000000000010000000100000086064026000009350600000083800260000093506000000838000000000000000000000006360010800570196833002699000000
00200306676520040020401195695600000000001988655025080000201023002500000000000000000000010000000100000086064026000009350600000083800260000093506000000838000000000000000000000006360010800570196833002699000000
005001066765228900109075820448000000000033395423441023001002300000
005001066765229300109075820448000000000033395423441023001002300000
005001066765231700109075820448000000000033395423441023001002300000
005001066765232300109075820448000000000033395423440100001000340000
005001066765232500109075820448000000000033395423440100001000150000
005001066765232600109075820448000000000033395423441023001002300000
005001066765232700109075820448000000000033395423440100001000340000
005001066765233600117060392161000000000001086986720400001000340000
005001066765233700117060392161000000000001086986720100001002410000
0020020667652373003010010035240000000000336432193001000030000000250000000000250000000001000000010000008606402600000935060000008380026000009350600000083800063600108005701968330026990000
005001066765240400304005322971000000000019829599700800003000360000
00200306676524080030400532297100000000001982959970080000300040002500000000000000000000010000000100000086064026000009350600000083800260000093506000000838000000000000000000000006360010800570196833002699000000
002011066765242200109006365001000000000010905482960100001020030025000012250008550008550000000000000100000001000000860640260000093506000000838002600000935060000008380000000000000000000000300000000000000000000000000006360010800570196833002699000000
00200306676524610030400476721100000000001545807602080000301228002500000000000000000000010000000100000086064026000009350600000083800260000093506000000838000000000000000000000006360010800570196833002699000000
002011066765267500104152085319000000000024527319760400001018520025000012250008550008550000000000000100000001000000860640260000093506000000838002600000935060000008380000000000000000000000300000000000000000000000000006360010800570196833002699000000
005001066765268500104162159081000000000027751501521023001002300000
002011066765268800104162159081000000000027751501520400001010750025000012250008550008550000000000000100000001000000860640260000093506000000838002600000935060000008380000000000000000000000300000000000000000000000000006360010800570196833002699000000
002011066765275400104151306435000000000025386844880400001017220025000012250008550008550000000000000100000001000000860640260000093506000000838002600000935060000008380000000000000000000000300000000000000000000000000006360010800570196833002699000000
002011066765276300104157491889000000000026957141200400001044180025000012250008550008550000000000000100000001000000860640260000093506000000838002600000935060000008380000000000000000000000300000000000000000000000000006360010800570196833002699000000
00200306676527810020401617367400000000000592652805080000202118002500000000000000000000010000000100000086064026000009350600000083800260000093506000000838000000000000000000000006360010800570196833002699000000
005001066765282100104164714324000000000024318692561023001002300000
005001066765282300104164714324000000000024318692560400001000150000
005001066765282300104164714324000000000024318692560400001000150000
005001066765282400104164714324000000000024318692560400001000150000
005001066765282400104164714324000000000024318692560400001000150000
005001066765282500104164714324000000000024318692560400001000150000
002011066765282600104164714324000000000024318692560400001052950025000012250008550008550000000000000100000001000000860640260000093506000000838002600000935060000008380000000000000000000000300000000000000000000000000006360010800570196833002699000000
005001066765283300104086801945000000000016599918801023001002300000
005001066765283500104086801945000000000016599918801023001002300000
002011066765283700104086801945000000000016599918800400001010760025000012250008550008550000000000000100000001000000860640260000093506000000838002600000935060000008380000000000000000000000300000000000000000000000000006360010800570196833002699000000
002011066765287900104151934959000000000025339479760400001006140025000025000014300000000000000000000100000001000000860640260000093506000000838002600000935060000008380000000000000000000000000000000000000000000000000006360010800570196833002699000000
002011066765287900104151934959000000000025339479760400001006140025000025000010700000000000000000000100000001000000860640260000093506000000838002600000935060000008380000000000000000000000000000000000000000000000000006360010800570196833002699000000
002011066765297400104164194029000000000024061366480400001063760025000012250004400008550000000000000100000001000000860640260000093506000000838002600000935060000008380000000000000000000000300000000000000000000000000006360010800570196833002699000000
002011066765297400104164194029000000000024061366480400001063760025000012250004150008550000000000000100000001000000860640260000093506000000838002600000935060000008380000000000000000000000300000000000000000000000000006360010800570196833002699000000
00200306676532820030400533790100000000001983191298080000300077002500000000000000000000010000000100000086064026000009350600000083800260000093506000000838000000000000000000000006360010800570196833002699000000
002011066765383400104157691063000000000026357847760400001000030025000012250008550008550000000000000100000001000000860640260000093506000000838002600000935060000008380000000000000000000000300000000000000000000000000006360010800570196833002699000000
002011066765384500104088877817000000000024877322960400001000590025000012250008550008550000000000000100000001000000860640260000093506000000838002600000935060000008380000000000000000000000300000000000000000000000000006360010800570196833002699000000
005001066765397600109126848484000000000004520883921022001000150000
002011066765398100109126848484000000000004520883920100001020960025000012250008550008550000000000000100000001000000860640260000093506000000838002600000935060000008380000000000000000000000300000010000000000000000000706360010800570196833002699000000
002011066765550700104162338139000000000027789747920400001043830025000012250000000000000008550000000100000001000000860640260000093506000000838002600000935060000008380100000000000000000000300000000000000000000000000006360010800570196833002699000000
005001066765688200301001003524000000000033643219300400001000150000
00300107010030000300000000000086064026000009350600000083800260000093506000000838006676568860000
00300107000030000200000000000086064026000009350600000083800260000093506000000838006676568860000
00300101000010000700059850000086064026000009350600000083800260000093506000000838006676568860000
00300108000020000400000000000086064026000009350600000083800260000093506000000838006676568860000
00300106120150000100000000000086064026000009350600000083800260000093506000000838006676568860000
00300104000010001400172750000086064026000009350600000083800260000093506000000838006676568860000
00300108000030000400000000000086064026000009350600000083800260000093506000000838006676568860000
00300108000050000100000000000086064026000009350600000083800260000093506000000838006676568860000
00300101000030000200050000000086064026000009350600000083800260000093506000000838006676568860000
001001026000008606400406676568860260000093506000000838002600000935060000008380020430458800100120000
005001066765688800301001003524000000000033643219300400001000150000
001001026000008606400506676568920260000093506000000838002600000935060000008380020430458800100120000
005001066765691100109072775107000000000023943053520100001000360000
002011066765691500109072775107000000000023943053520100001003420025000025000025000000000000000000000100000001000000860640260000093506000000838002600000935060000008380000000000000000000000000000000000000000000000000006360010800570196833002699000000
00200306676569290030400512842300000000001545901058080000300258002500000000000000000000010000000100000086064026000009350600000083800260000093506000000838000000000000000000000006360010800570196833002699000000
002011066765694300109128819198000000000004146934480100001004150025000012250003550003550008550000000100000001000000860640260000093506000000838002600000935060000008380100000000000000000000300000000000000000000000000006360010800570196833002699000000
002011066765695000109069874329000000000014358618320100001006110025000012250008550008550000000000000100000001000000860640260000093506000000838002600000935060000008380000000000000000000000300000010000000000000000000206360010800570196833002699000000
002011066765696800104158789105000000000026189791440400001011080025000012250001450008550000000000000100000001000000860640260000093506000000838002600000935060000008380000000000000000000000300000000000000000000000000006360010800570196833002699000000
002011066765696800104158789105000000000026189791440400001011080025000012250007100008550000000000000100000001000000860640260000093506000000838002600000935060000008380000000000000000000000300000000000000000000000000006360010800570196833002699000000
002011066765697700109078662924000000000032069883600100001000810025000012250008550008550000000000000100000001000000860640260000093506000000838002600000935060000008380000000000000000000000300000000000000000000000000006360010800570196833002699000000
00200306676569830030400406587800000000000572398979080000303137002500000000000000000000010000000100000086064026000009350600000083800260000093506000000838000000000000000000000006360010800570196833002699000000
0020020667657030003010010035240000000000336432193001000030000000250000000000250000000001000000010000008606402600000935060000008380026000009350600000083800063600108005701968330026990000
005001066765703700109007649526000000000011178727121023001002300000
002011066765703900109007649526000000000011178727120100001003120025000012250008550008550000000000000100000001000000860640260000093506000000838002600000935060000008380000000000000000000000300000000000000000000000000006360010800570196833002699000000
002011066765704600104164348761000000000024301054160400001012660025000012250004500004500008550000000100000001000000860640260000093506000000838002600000935060000008380100000000000000000000300000000000000000000000000006360010800570196833002699000000
005001066765707001503001586613000000000001444526410614015000840000
00200306676570700150300158661300000000000144452641061301502959002500000000000000000000010000000100000086064026000009350600000083800260000093506000000838000000000000000000000006360010800570196833002699000000
002011066765709000109007504511000000000011890494160100001008040025000012250008550008550000000000000100000001000000860640260000093506000000838002600000935060000008380000000000000000000000300000010000000000000000001806360010800570196833002699000000
002011066765735700104152975195000000000026888796880400001092710025000012250008550008550000000000000100000001000000860640260000093506000000838002600000935060000008380000000000000000000000300000000000000000000000000006360010800570196833002699000000
002011066765770600117055678035000000000000566987110400001017510025000012250008550008550000000000000100000001000000860640260000093506000000838002600000935060000008380000000000000000000000300000000000000000000000000006360010800570196833002699000000
002011066765772300109072149214000000000030041162960100001003410025000012250000000000000008550000000100000001000000860640260000093506000000838002600000935060000008380100000000000000000000300000000000000000000000000006360010800570196833002699000000
002011066765775100109076100261000000000029774490320100001000780025000012250000000000000008550000000100000001000000860640260000093506000000838002600000935060000008380100000000000000000000300000000000000000000000000006360010800570196833002699000000
002011066765776700104152731016000000000024803331280400001047050025000012250008550008550000000000000100000001000000860640260000093506000000838002600000935060000008380000000000000000000000300000000000000000000000000006360010800570196833002699000000
002011066765777300104083875565000000000009402565840400001014640025000025000025000000000000000000000100000001000000860640260000093506000000838002600000935060000008380000000000000000000000000000000000000000000000000006360010800570196833002699000000
005001066766195100301001003524000000000033643219300400001000150000
00300101000010000800095950000086064026000009350600000083800260000093506000000838006676619540000
00300108000030000200000000000086064026000009350600000083800260000093506000000838006676619540000
00300104000010000600071450000086064026000009350600000083800260000093506000000838006676619540000
00300101000030000100025000000086064026000009350600000083800260000093506000000838006676619540000
00300106130150000100000000000086064026000009350600000083800260000093506000000838006676619540000
001001026000008606400406676619540260000093506000000838002600000935060000008380020430458800100020000
005001066766307400301001003524000000000033643219300400001000150000
001001026000008606400506676630780260000093506000000838002600000935060000008380020430458800100020000
00200306676635430150300299611400000000002659415939061201500538002500000000000000000000010000000100000086064026000009350600000083800260000093506000000838000000000000000000000006360010800570196833002699000000
005001066766368700104157468593000000000027504046801023001002300000
005001066766368900104157468593000000000027504046800400001000150000
002011066766369000104157468593000000000027504046800400001021380025000012250008550008550000000000000100000001000000860640260000093506000000838002600000935060000008380000000000000000000000300000000000000000000000000006360010800570196833002699000000
005001066766370400104157468593000000000027504046800400001000150000
005001066766370400104157468593000000000027504046800400001000150000
005001066766370400104157468593000000000027504046800400001000150000
005001066766370500104157468593000000000027504046800400001000150000
005001066766370600104157468593000000000027504046800400001000800000
0020020667663715003010010035240000000000336432193001000030000000250000000000250000000001000000010000008606402600000935060000008380026000009350600000083800063600108005701968330026990000
002011066766372200104086692682000000000015945429200400001007880025000012250008550008550000000000000100000001000000860640260000093506000000838002600000935060000008380000000000000000000000300000000000000000000000000006360010800570196833002699000000
002011066766386800109106753801000000000013370010320100001063190025000012250008550008550000000000000100000001000000860640260000093506000000838002600000935060000008380000000000000000000000300000000000000000000000000006360010800570196833002699000000
002011066766387400109058769405000000000010857170640100001001660025000025000025000000000000000000000100000001000000860640260000093506000000838002600000935060000008380000000000000000000000000000000000000000000000000006360010800570196833002699000000
00200306676638830030400527429200000000001982892786080000300325002500000000000000000000010000000100000086064026000009350600000083800260000093506000000838000000000000000000000006360010800570196833002699000000
005001066766419900109053030045000000000019057093841023001002300000
002011066766420100109053030045000000000019057093840100001001760025000012250008550008550000000000000100000001000000860640260000093506000000838002600000935060000008380000000000000000000000300000000000000000000000000006360010800570196833002699000000
00200306676642080030500044485600000000002739302873071000300121002500000000000000000000010000000100000086064026000009350600000083800260000093506000000838000000000000000000000006360010800570196833002699000000
00200306676643380030400235759600000000001546664980080000304740002500000000000000000000010000000100000086064026000009350600000083800260000093506000000838000000000000000000000006360010800570196833002699000000
005001066766434900109058608071000000000005509310161023001002300000
002011066766435100109058608071000000000005509310160100001017630025000012250008550008550000000000000100000001000000860640260000093506000000838002600000935060000008380000000000000000000000300000000000000000000000000006360010800570196833002699000000
002011066766435600104162798971000000000017781289680400001026460025000012250008550008550000000000000100000001000000860640260000093506000000838002600000935060000008380000000000000000000000300000000000000000000000000006360010800570196833002699000000
002011066766436200104151665451000000000025696213200400001046980025000012250008550008550000000000000100000001000000860640260000093506000000838002600000935060000008380000000000000000000000300000000000000000000000000006360010800570196833002699000000
002011066766438500104085265063000000000015562665680400001006580025000012250008550008550000000000000100000001000000860640260000093506000000838002600000935060000008380000000000000000000000300000000000000000000000000006360010800570196833002699000000
005001066766470800104161530095000000000024876411601023001002300000
005001066766471100104161530095000000000024876411601023001002300000
002011066766471300104161530095000000000024876411600400001029140025000012250008550008550000000000000100000001000000860640260000093506000000838002600000935060000008380000000000000000000000300000000000000000000000000006360010800570196833002699000000
002011066766530700104157048021000000000026802317520400001102770025000012250008550008550000000000000100000001000000860640260000093506000000838002600000935060000008380000000000000000000000300000000000000000000000000006360010800570196833002699000000
005001066766541601503003216651000000000010327662560614015000840000
00200306676654170150300321665100000000001032766256061301500361002500000000000000000000010000000100000086064026000009350600000083800260000093506000000838000000000000000000000006360010800570196833002699000000
0020020667665425015030032166510000000000103276625606140150034500250000000000000000000001000000010000008606402600000935060000008380026000009350600000083800063600108005701968330026990000
00200306676654450030400524142400000000003934072773080000300212002500000000000000000000010000000100000086064026000009350600000083800260000093506000000838000000000000000000000006360010800570196833002699000000
005001066766606200104159154995000000000026817352400400001000150000
002011066766606200104159154995000000000026817352400400001010820025000012250008550008550000000000000100000001000000860640260000093506000000838002600000935060000008380000000000000000000000300000000000000000000000000006360010800570196833002699000000
002011066766636900117043021923000000000019779516230400001043240025000012250008550008550000000000000100000001000000860640260000093506000000838002600000935060000008380000000000000000000000300000000000000000000000000006360010800570196833002699000000
002011066766656700104160018341000000000024807888080400001021240025000012250003000003000008550000000100000001000000860640260000093506000000838002600000935060000008380100000000000000000000300000000000000000000000000006360010800570196833002699000000
002011066766657400104150989131000000000024563185360400001041360025000012250000000000000008550000000100000001000000860640260000093506000000838002600000935060000008380100000000000000000000300000000000000000000000000006360010800570196833002699000000
005001066766879800301001003524000000000033643219300400001000150000
00300106120150000100000000000086064026000009350600000083800260000093506000000838006676688010000
00300104000010001100101450000086064026000009350600000083800260000093506000000838006676688010000
00300101000030000100025000000086064026000009350600000083800260000093506000000838006676688010000
00300101000010000400050650000086064026000009350600000083800260000093506000000838006676688010000
00300108000030000300000000000086064026000009350600000083800260000093506000000838006676688010000
00300107100030000100000000000086064026000009350600000083800260000093506000000838006676688010000
00300106130150000100000000000086064026000009350600000083800260000093506000000838006676688010000
00300106140150000100000000000086064026000009350600000083800260000093506000000838006676688010000
001001026000008606400406676688010260000093506000000838002600000935060000008380020430458800100120000
005001066767045600301001003524000000000033643219300400001000150000
001001026000008606400506676704610260000093506000000838002600000935060000008380020430458800100120000
002011066767047800104153392215000000000027858514640400001024730025000025000025000000000000000000000100000001000000860640260000093506000000838002600000935060000008380000000000000000000000000000000000000000000000000006360010800570196833002699000000
005001066767048400104084085411000000000009186542800400001000150000
002011066767048600104084085411000000000009186542800400001005340025000025000025000000000000000000000100000001000000860640260000093506000000838002600000935060000008380000000000000000000000019000000000000000000000000006360010800570196833002699000000
005001066767049100109006604766000000000010040973520100001000360000
005001066767049500109006604766000000000010040973520100001000150000
002011066767049600109006604766000000000010040973520100001040810025000012250008550008550000000000000100000001000000860640260000093506000000838002600000935060000008380000000000000000000000300000000000000000000000000006360010800570196833002699000000
005001066767050301503002935034000000000026596215870614015000840000
00200306676705030150300293503400000000002659621587061301500854002500000000000000000000010000000100000086064026000009350600000083800260000093506000000838000000000000000000000006360010800570196833002699000000
005001066767051500117060615615000000000002015470260100001002410000
002011066767051500117060615615000000000002015470260400001004580025000012250004750004750008550000000100000001000000860640260000093506000000838002600000935060000008380100000000000000000000300000000000000000000000000006360010800570196833002699000000
005001066767051901503003274325000000000005634156830612015000770000
005001066767052100104156297086000000000026377370321023001002300000
002011066767052400104156297086000000000026377370320400001003980025000012250001700008550000000000000100000001000000860640260000093506000000838002600000935060000008380000000000000000000000300000000000000000000000000006360010800570196833002699000000
002011066767052400104156297086000000000026377370320400001003980025000012250006850008550000000000000100000001000000860640260000093506000000838002600000935060000008380000000000000000000000300000000000000000000000000006360010800570196833002699000000
005001066767053000104085684074000000000016867943121023001002300000
005001066767053200104085684074000000000016867943121023001002300000
002011066767053400104085684074000000000016867943120400001009570025000012250004750004750008550000000100000001000000860640260000093506000000838002600000935060000008380100000000000000000000300000000000000000000000000006360010800570196833002699000000
002011066767054400109057287504000000000005089165520100001008850025000012250008550008550000000000000100000001000000860640260000093506000000838002600000935060000008380000000000000000000000300000000000000000000000000006360010800570196833002699000000
002011066767117600104151920176000000000024564588240400001006360025000025000025000000000000000000000100000001000000860640260000093506000000838002600000935060000008380000000000000000000000000000000000000000000000000006360010800570196833002699000000
002011066767118100104152710281000000000027587459280400001046520025000012250008550008550000000000000100000001000000860640260000093506000000838002600000935060000008380000000000000000000000300000000000000000000000000006360010800570196833002699000000
002011066767118600104085137511000000000018923031760400001004880025000025000025000000000000000000000100000001000000860640260000093506000000838002600000935060000008380000000000000000000000000000000000000000000000000006360010800570196833002699000000
005001066767119100104164114491000000000024216858321022001000150000
005001066767119400104164114491000000000024216858321023001002300000
005001066767119700104164114491000000000024216858321023001002300000
002011066767119900104164114491000000000024216858320400001033380025000012250008550008550000000000000100000001000000860640260000093506000000838002600000935060000008380000000000000000000000300000000000000000000000000006360010800570196833002699000000
002011066767120400117000742637000000000023541663230400001055210025000012250008550008550000000000000100000001000000860640260000093506000000838002600000935060000008380000000000000000000000300000000000000000000000000006360010800570196833002699000000
00200306676712090150300241188400000000000884911939061201501691002500000000000000000000010000000100000086064026000009350600000083800260000093506000000838000000000000000000000006360010800570196833002699000000
002011066767122100104162104774000000000030126879440400001031980025000012250008550008550000000000000100000001000000860640260000093506000000838002600000935060000008380000000000000000000000300000000000000000000000000006360010800570196833002699000000
005001066767122700104088430154000000000023661873361023001002300000
005001066767122900104088430154000000000023661873360400001000150000
002011066767122900104088430154000000000023661873360400001003650025000012250000000000000008550000000100000001000000860640260000093506000000838002600000935060000008380100000000000000000000300000000000000000000000000006360010800570196833002699000000
002011066767123600117027653333000000000024083480330400001046670025000012250000000000000008550000000100000001000000860640260000093506000000838002600000935060000008380100000000000000000000300000000000000000000000000006360010800570196833002699000000
002011066767124700104151162123000000000023804508880400001006090025000012250008550008550000000000000100000001000000860640260000093506000000838002600000935060000008380000000000000000000000300000000000000000000000000006360010800570196833002699000000
005001066767125700104164216243000000000024077394641023001002300000
002011066767125900104164216243000000000024077394640400001009290025000012250008550008550000000000000100000001000000860640260000093506000000838002600000935060000008380000000000000000000000300000000000000000000000000006360010800570196833002699000000
002011066767128900109166292584000000000007021351120100001006300025000012250008550008550000000000000100000001000000860640260000093506000000838002600000935060000008380000000000000000000000300000000000000000000000000006360010800570196833002699000000
002011066767189000104163936722000000000022913462480400001068260025000012250008550008550000000000000100000001000000860640260000093506000000838002600000935060000008380000000000000000000000300000000000000000000000000006360010800570196833002699000000
002011066767190000109161817425000000000000498816720100001007910025000012250000000000000008550000000100000001000000860640260000093506000000838002600000935060000008380100000000000000000000300000000000000000000000000006360010800570196833002699000000
002011066767190800104087637375000000000015917200080400001008460025000012250002250002250008550000000100000001000000860640260000093506000000838002600000935060000008380100000000000000000000300000000000000000000000000006360010800570196833002699000000
002011066767192400104156523744000000000026922483920400001043650025000012250000000000000008550000000100000001000000860640260000093506000000838002600000935060000008380100000000000000000000300000000000000000000000000006360010800570196833002699000000
005001066767275700301001160263000000000035695600060400001000150000
005001066767276000301001160263000000000035695600060400001000150000
00200306676727610030100116026300000000003569560006070000300279002500000000000000000000010000000100000086064026000009350600000083800260000093506000000838000000000000000000000006360010800570196833002699000000
005001066767373300109104707871000000000013041214161023001002300000
002011066767373700109104707871000000000013041214160100001036740025000012250004500004500008550000000100000001000000860640260000093506000000838002600000935060000008380100000000000000000000300000010000000000000000000106360010800570196833002699000000
005001066767640500301001003524000000000033643219300400001000150000
00300104000010001800241900000086064026000009350600000083800260000093506000000838006676764080000
00300101000010000500050150000086064026000009350600000083800260000093506000000838006676764080000
00300106130150000100000000000086064026000009350600000083800260000093506000000838006676764080000
00300106120150000100000000000086064026000009350600000083800260000093506000000838006676764080000
00300107000030000100000000000086064026000009350600000083800260000093506000000838006676764080000
001001026000008606400406676764080260000093506000000838002600000935060000008380020430458800100020000
005001066767640900301001003524000000000033643219300400001000150000
001001026000008606400306676764130260000093506000000838002600000935060000008380020430458800100020000
005001066767646500301001003524000000000033643219301008003000150000
02000100106676786320030100100352400000000003364321930026000009350600000083800117801000008606402600000935060000008380026000009350600000083800000
0210010300140000086064026000009350600000083800260000093506000000838006676786320000
0210010400080000086064026000009350600000083800260000093506000000838006676786320000
0210010500010000086064026000009350600000083800260000093506000000838006676786320000
0210010800060000086064026000009350600000083800260000093506000000838006676786320000
0210010900030000086064026000009350600000083800260000093506000000838006676786320000
0210011000030000086064026000009350600000083800260000093506000000838006676786320000
0210011100010000086064026000009350600000083800260000093506000000838006676786320000
0210011800020000086064026000009350600000083800260000093506000000838006676786320000
0210012500630000086064026000009350600000083800260000093506000000838006676786320000
010001001026000009350600000083800000086064066767863200500000
001001026000008606400206676786350260000093506000000838000000000000000000000000020430458800100020000
010001001026000009350600000083800000086064066767864000400000
001001026000008606400106676786450000000093506000000000000000000000000000000000020430458800100020000
03400667649904000008606400005C06676499040667656886000008606404588I0000093506000009350601000000400250000000000100000001010000010000855000000001000000010400000020000001000000010000000104000000200250000000000100000001040000018000855000000001000000010400000010014300000000010000000104000000100107000000000100000001040000001000440000000001000000010400000010004150000000010000000106120000200000000000000100000001070000002000000000000001000000010701000030000000000000010000000108000001200000000000000100000001
03400667656892000008606400005C06676568920667661954000008606404588V0000093506000009350601000000700085500000000100000001010000001000355100000001000000010100000020025000000000010000000101000000300000010000000100000001040000005002500000000001000000010400000100008550000000010000000104000000100071000000000100000001040000001000145000000001000000010400000010004501000000010000000106130000200000000000000100000001080000002000000000000001000000010800000020000000000000010000000108000000200000000000000100000001080000002000000000000001000000010800000020000000000000010000000108000000200000000000000100000001080000002000000000000001000000010800000020000000000000010000000108000000200000000000000100000001
