1000020260000086134005063600107447260280050028170000
001001026000008613400206676405230000000092171000000000000000000000000000000000020230456800100000000
010001001026000009217100000083360000086134066764053000100000
010001001026000009217100000083360000086134066764054400200000
001001026000008613400306676405470260000092171000000833602600000921710000008336020230456800100020000
001001026000008613400406676405520260000092171000000833602600000921710000008336020230456800100020000
001001026000008613400506676405580260000092171000000833602600000921710000008336020230456800100020000
00200306676406700030400353783100000000003389970342080000302518001685000000000000000000010000000100000086134026000009217100000083360260000092171000000833600000000000000000000006360010744726028005002817000000
0020020667640696003010009908580000000000084484610701000030000000168500000000168500000001000000010000008613402600000921710000008336026000009217100000083360063600107447260280050028170000
00200306676407120030400509647500000000000252151401080000301772001685000000000000000000010000000100000086134026000009217100000083360260000092171000000833600000000000000000000006360010744726028005002817000000
002011066764072300109125115467000000000007362018000100001001330016850016850016850000000000000000000100000001000000861340260000092171000000833602600000921710000008336000000000000000000000000000000000000000000000000006360010744726028005002817000000
0020020667640730003010009908580000000000084484610701000030000000168500000000168500000001000000010000008613402600000921710000008336026000009217100000083360063600107447260280050028170000
002011066764074400104151623635000000000025255754960400001001750016850008650008550008550000000000000100000001000000861340260000092171000000833602600000921710000008336000000000000000000000300000000000000000000000000006360010744726028005002817000000
00200306676414140030100021461100000000002239826214070000308024001685000000000000000000010000000100000086134026000009217100000083360260000092171000000833600000000000000000000006360010744726028005002817000000
002011066764182600117053964677000000000014437261230400001018010016850008650008550008550000000000000100000001000000861340260000092171000000833602600000921710000008336000000000000000000000300000000000000000000000000006360010744726028005002817000000
002011066764183500104166523186000000000024416003280400001067850016850008650008550008550000000000000100000001000000861340260000092171000000833602600000921710000008336000000000000000000000300000000000000000000000000006360010744726028005002817000000
00200306676422510030400454921200000000003413341860080000301810001685000000000000000000010000000100000086134026000009217100000083360260000092171000000833600000000000000000000006360010744726028005002817000000
00200306676423210150300203899700000000003443212587061201501908001685000000000000000000010000000100000086134026000009217100000083360260000092171000000833600000000000000000000006360010744726028005002817000000
0020020667642464003010009908580000000000084484610701000030000000168500000000168500000001000000010000008613402600000921710000008336026000009217100000083360063600107447260280050028170000
005001066764349401503002376019000000000010327637280614015000840000
00200306676434940150300237601900000000001032763728061301501890001685000000000000000000010000000100000086134026000009217100000083360260000092171000000833600000000000000000000006360010744726028005002817000000
0020020667643504015030023760190000000000103276372806140150106400168500000000000000000001000000010000008613402600000921710000008336026000009217100000083360063600107447260280050028170000
00300108000030000300000000000086134026000009217100000083360260000092171000000833606676444720000
00300101000030000300050550000086134026000009217100000083360260000092171000000833606676444720000
00300101000010000100016850000086134026000009217100000083360260000092171000000833606676444720000
00300104000010000300025650000086134026000009217100000083360260000092171000000833606676444720000
00300107000030000100000000000086134026000009217100000083360260000092171000000833606676444720000
00300106120150000100000000000086134026000009217100000083360260000092171000000833606676444720000
00300106130150000100000000000086134026000009217100000083360260000092171000000833606676444720000
00300106140150000100000000000086134026000009217100000083360260000092171000000833606676444720000
001001026000008613400406676444720260000092171000000833602600000921710000008336020230456800100120000
001001026000008613400506676444770260000092171000000833602600000921710000008336020230456800100120000
00200306676447330020401390903300000000001333605942080000200876001685000000000000000000010000000100000086134026000009217100000083360260000092171000000833600000000000000000000006360010744726028005002817000000
002011066764475600109151699381000000000004518055120100001002350016850008650008550008550000000000000100000001000000861340260000092171000000833602600000921710000008336000000000000000000000300000000000000000000000000006360010744726028005002817000000
00200306676447640030400501072400000000001545816914080000300285001685000000000000000000010000000100000086134026000009217100000083360260000092171000000833600000000000000000000006360010744726028005002817000000
0020020667644822003010009908580000000000084484610701000030000000168500000000168500000001000000010000008613402600000921710000008336026000009217100000083360063600107447260280050028170000
00200306676448290030400522099100000000002523805370080000300124001685000000000000000000010000000100000086134026000009217100000083360260000092171000000833600000000000000000000006360010744726028005002817000000
0020020667644844003010009908580000000000084484610701000030000000168500000000168500000001000000010000008613402600000921710000008336026000009217100000083360063600107447260280050028170000
002011066764486000109054712298000000000019038492880100001008410016850008650008550008550000000000000100000001000000861340260000092171000000833602600000921710000008336000000000000000000000300000000000000000000000000006360010744726028005002817000000
00200306676448680030400517429800000000001546004642080000300461001685000000000000000000010000000100000086134026000009217100000083360260000092171000000833600000000000000000000006360010744726028005002817000000
002011066764488000104163872031000000000022926843600400001020180016850008650004250004250008550000000100000001000000861340260000092171000000833602600000921710000008336100000000000000000000300000000000000000000000000006360010744726028005002817000000
002011066764494000104163520216000000000019378148560400001019250016850008650000000000000008550000000100000001000000861340260000092171000000833602600000921710000008336100000000000000000000300000000000000000000000000006360010744726028005002817000000
002011066764496500104166549975000000000023742833360400001028520016850008650008550008550000000000000100000001000000861340260000092171000000833602600000921710000008336000000000000000000000300000000000000000000000000006360010744726028005002817000000
00200306676453400030400517697500000000003566934918080000300195001685000000000000000000010000000100000086134026000009217100000083360260000092171000000833600000000000000000000006360010744726028005002817000000
005001066764558300301000723566000000000015568173230400001000150000
005001066764558500301000723566000000000015568173230400001000150000
00200306676455870030100072356600000000001556817323070000307474001685000000000000000000010000000100000086134026000009217100000083360260000092171000000833600000000000000000000006360010744726028005002817000000
00200306676455990030400496939400000000003533831414080000300575001685000000000000000000010000000100000086134026000009217100000083360260000092171000000833600000000000000000000006360010744726028005002817000000
005001066764605500301001159011000000000035719378620400001000150000
005001066764605800301001159011000000000035719378620400001000150000
00200306676460590030100115901100000000003571937862070000300449001685000000000000000000010000000100000086134026000009217100000083360260000092171000000833600000000000000000000006360010744726028005002817000000
005001066764623600301001161871000000000026723859300400001000150000
005001066764623800301001161871000000000026723859300400001000150000
00200306676462400030100116187100000000002672385930070000300114001685000000000000000000010000000100000086134026000009217100000083360260000092171000000833600000000000000000000006360010744726028005002817000000
00200306676465970030400428454500000000002679667747080000301533001685000000000000000000010000000100000086134026000009217100000083360260000092171000000833600000000000000000000006360010744726028005002817000000
002011066764661200104084687649000000000019201354960400001013800016850008650004500004500008550000000100000001000000861340260000092171000000833602600000921710000008336100000000000000000000300000000000000000000000000006360010744726028005002817000000
00300108000020000100000000000086134026000009217100000083360260000092171000000833606676484040000
00300101000010000200017100000086134026000009217100000083360260000092171000000833606676484040000
00300108000030000600000000000086134026000009217100000083360260000092171000000833606676484040000
00300101000030000200033700000086134026000009217100000083360260000092171000000833606676484040000
00300104000010000400034500000086134026000009217100000083360260000092171000000833606676484040000
00300107000030000300000000000086134026000009217100000083360260000092171000000833606676484040000
001001026000008613400406676484040260000092171000000833602600000921710000008336020230456800100020000
001001026000008613400306676484150260000092171000000833602600000921710000008336020230456800100020000
02000100106676484250030100099085800000000000844846107026000009217100000083360131301000008613402600000921710000008336026000009217100000083360000
0210010300100000086134026000009217100000083360260000092171000000833606676484250000
0210010800040000086134026000009217100000083360260000092171000000833606676484250000
0210010900010000086134026000009217100000083360260000092171000000833606676484250000
0210011000010000086134026000009217100000083360260000092171000000833606676484250000
0210011100010000086134026000009217100000083360260000092171000000833606676484250000
0210011800010000086134026000009217100000083360260000092171000000833606676484250000
0210012500090000086134026000009217100000083360260000092171000000833606676484250000
010001001026000009217100000083360000086134066764842500500000
001001026000008613400206676484400260000092171000000833600000000000000000000000020280457300100020000
010001001026000009217100000083360000086134066764845000200000
001001026000008613400306676484530260000092171000000833602600000921710000008336020280457300100020000
001001026000008613400406676484580260000092171000000833602600000921710000008336020280457300100020000
001001026000008613400506676484640260000092171000000833602600000921710000008336020280457300100020000
00200306676485660030100109048600000000002520241402070100302601002500000000000000000000010000000100000086134026000009217100000083360260000092171000000833600000000000000000000006360010744726028005002817000000
00200306676485740050400072444600000000003674745428080000505477002500000000000000000000010000000100000086134026000009217100000083360260000092171000000833600000000000000000000006360010744726028005002817000000
002011066764858700104089698436000000000029380813520400001001670025000012250008550008550000000000000100000001000000861340260000092171000000833602600000921710000008336000000000000000000000300000000000000000000000000006360010744726028005002817000000
0020020667648603003010009908580000000000084484610701000030000000250000000000250000000001000000010000008613402600000921710000008336026000009217100000083360063600107447260280050028170000
0020020667648613003010009908580000000000084484610701000030000000250000000000250000000001000000010000008613402600000921710000008336026000009217100000083360063600107447260280050028170000
002011066764861800109064677681000000000010056126160100001001580025000012250008550008550000000000000100000001000000861340260000092171000000833602600000921710000008336000000000000000000000300000000000000000000000000006360010744726028005002817000000
002011066764862300104084582707000000000016021481680400001005210025000025000025000000000000000000000100000001000000861340260000092171000000833602600000921710000008336000000000000000000000000000000000000000000000000006360010744726028005002817000000
0020020667648636003010009908580000000000084484610701000030000000250000000000250000000001000000010000008613402600000921710000008336026000009217100000083360063600107447260280050028170000
0020020667648644003010009908580000000000084484610701000030000000250000000000250000000001000000010000008613402600000921710000008336026000009217100000083360063600107447260280050028170000
002011066764865300109007931159000000000012521564880100001038140025000012250008550008550000000000000100000001000000861340260000092171000000833602600000921710000008336000000000000000000000300000010000000000000000002906360010744726028005002817000000
00200306676486670030100107176700000000002678838035070100301094002500000000000000000000010000000100000086134026000009217100000083360260000092171000000833600000000000000000000006360010744726028005002817000000
002011066764916300109051157757000000000006766928080100001019300025000012250008550008550000000000000100000001000000861340260000092171000000833602600000921710000008336000000000000000000000300000000000000000000000000006360010744726028005002817000000
00200306676492620030400352382100000000003931888853080000303289002500000000000000000000010000000100000086134026000009217100000083360260000092171000000833600000000000000000000006360010744726028005002817000000
002011066764998600109076206409000000000028029975760100001001240025000025000025000000000000000000000100000001000000861340260000092171000000833602600000921710000008336000000000000000000000000000000000000000000000000006360010744726028005002817000000
00200306676499930040100119421100000000004147038203070500400512002500000000000000000000010000000100000086134026000009217100000083360260000092171000000833600000000000000000000006360010744726028005002817000000
002011066765000400104151018138000000000025397297360400001003100025000012250008550008550000000000000100000001000000861340260000092171000000833602600000921710000008336000000000000000000000300000000000000000000000000006360010744726028005002817000000
00200306676503620030100098064100000000000844804427070100303939002500000000000000000000010000000100000086134026000009217100000083360260000092171000000833600000000000000000000006360010744726028005002817000000
005001066765037300301000938678000000000033661181380400001000150000
005001066765037600301000938678000000000033661181380400001000150000
00200306676503770030100093867800000000003366118138070000305337002500000000000000000000010000000100000086134026000009217100000083360260000092171000000833600000000000000000000006360010744726028005002817000000
002011066765055600109161520538000000000002687954640100001009220025000012250008550008550000000000000100000001000000861340260000092171000000833602600000921710000008336000000000000000000000300000000000000000000000000006360010744726028005002817000000
00200306676514820020100378019100000000003645669914070000205216002500000000000000000000010000000100000086134026000009217100000083360260000092171000000833600000000000000000000006360010744726028005002817000000
002011066765149400109039991998000000000026626591440100001004250025000012250008550008550000000000000100000001000000861340260000092171000000833602600000921710000008336000000000000000000000300000000000000000000000000006360010744726028005002817000000
002011066765160900104163293201000000000017633413840400001028850025000012250000000000000008550000000100000001000000861340260000092171000000833602600000921710000008336100000000000000000000300000000000000000000000000006360010744726028005002817000000
002011066765249700104162906056000000000019396268240400001038300025000012250000000000000008550000000100000001000000861340260000092171000000833602600000921710000008336100000000000000000000300000000000000000000000000006360010744726028005002817000000
002011066765250200117040223312000000000009155632050400001049570025000012250000000000000008550000000100000001000000861340260000092171000000833602600000921710000008336100000000000000000000300000000000000000000000000006360010744726028005002817000000
00300107010030000300000000000086134026000009217100000083360260000092171000000833606676533310000
00300108000050000100000000000086134026000009217100000083360260000092171000000833606676533310000
00300104000010000600078850000086134026000009217100000083360260000092171000000833606676533310000
00300101000030000400100000000086134026000009217100000083360260000092171000000833606676533310000
00300101000010000600067750000086134026000009217100000083360260000092171000000833606676533310000
00300108000030000100000000000086134026000009217100000083360260000092171000000833606676533310000
00300107050040000100000000000086134026000009217100000083360260000092171000000833606676533310000
00300107000030000100000000000086134026000009217100000083360260000092171000000833606676533310000
00300107000020000100000000000086134026000009217100000083360260000092171000000833606676533310000
001001026000008613400406676533310260000092171000000833602600000921710000008336020280457300100120000
001001026000008613400506676533360260000092171000000833602600000921710000008336020280457300100120000
002011066765355600109059030624000000000010544246480100001002420025000012250004500004500008550000000100000001000000861340260000092171000000833602600000921710000008336100000000000000000000300000000000000000000000000006360010744726028005002817000000
002011066765356200104162645449000000000026716286160400001031120025000012250002900004500008550000000100000001000000861340260000092171000000833602600000921710000008336100000000000000000000300000000000000000000000000006360010744726028005002817000000
002011066765356200104162645449000000000026716286160400001031120025000012250001600004500008550000000100000001000000861340260000092171000000833602600000921710000008336100000000000000000000300000000000000000000000000006360010744726028005002817000000
002011066765356800104088431797000000000028098156240400001006420025000012250004500004500008550000000100000001000000861340260000092171000000833602600000921710000008336100000000000000000000300000000000000000000000000006360010744726028005002817000000
002011066765357400109063743401000000000011372872400100001005430025000012250008550008550000000000000100000001000000861340260000092171000000833602600000921710000008336000000000000000000000300000000000000000000000000006360010744726028005002817000000
002011066765358100104164647899000000000016597568720400001100910025000012250003550003550008550000000100000001000000861340260000092171000000833602600000921710000008336100000000000000000000300000000000000000000000000006360010744726028005002817000000
0020020667653625003010009908580000000000084484610701000030000000250000000000250000000001000000010000008613402600000921710000008336026000009217100000083360063600107447260280050028170000
002011066765369100104165915722000000000024473733840400001026290025000012250008550008550000000000000100000001000000861340260000092171000000833602600000921710000008336000000000000000000000300000000000000000000000000006360010744726028005002817000000
005001066765391500117053146966000000000013231362670400001000150000
005001066765391500117053146966000000000013231362670100001000150000
002011066765391500117053146966000000000013231362670400001023260025000012250008550008550000000000000100000001000000861340260000092171000000833602600000921710000008336000000000000000000000300000000000000000000000000006360010744726028005002817000000
002011066765392000104164594191000000000023291108560400001018150025000012250008550008550000000000000100000001000000861340260000092171000000833602600000921710000008336000000000000000000000300000000000000000000000000006360010744726028005002817000000
002011066765392600104086220829000000000017445440720400001008240025000025000025000000000000000000000100000001000000861340260000092171000000833602600000921710000008336000000000000000000000000000000000000000000000000006360010744726028005002817000000
002011066765393100104158457439000000000026663324880400001033830025000012250008550008550000000000000100000001000000861340260000092171000000833602600000921710000008336000000000000000000000300000000000000000000000000006360010744726028005002817000000
002011066765428900104157829049000000000025662592720400001090540025000012250004500004500008550000000100000001000000861340260000092171000000833602600000921710000008336100000000000000000000300000000000000000000000000006360010744726028005002817000000
00200306676542960030400524737600000000002601445381080000300341002500000000000000000000010000000100000086134026000009217100000083360260000092171000000833600000000000000000000006360010744726028005002817000000
002011066765430700104156264919000000000010455268560400001021770025000012250008550008550000000000000100000001000000861340260000092171000000833602600000921710000008336000000000000000000000300000000000000000000000000006360010744726028005002817000000
002011066765432700109071905023000000000028196275920100001003270025000012250000000000000008550000000100000001000000861340260000092171000000833602600000921710000008336100000000000000000000300000000000000000000000000006360010744726028005002817000000
00200306676543450040400292579500000000003139254379080000400557002500000000000000000000010000000100000086134026000009217100000083360260000092171000000833600000000000000000000006360010744726028005002817000000
002011066765436200109070411159000000000018551522000100001007180025000012250008550008550000000000000100000001000000861340260000092171000000833602600000921710000008336000000000000000000000300000000000000000000000000006360010744726028005002817000000
00200306676543860050100058463100000000002600534574070000505010002500000000000000000000010000000100000086134026000009217100000083360260000092171000000833600000000000000000000006360010744726028005002817000000
002011066765578700109107662737000000000010474117840100001003370025000012250008550008550000000000000100000001000000861340260000092171000000833602600000921710000008336000000000000000000000300000000000000000000000000006360010744726028005002817000000
002011066765613900104166219436000000000023522844880400001042380025000012250008550008550000000000000100000001000000861340260000092171000000833602600000921710000008336000000000000000000000300000000000000000000000000006360010744726028005002817000000
005001066765623300301000986702000000000026051340460400001000150000
005001066765623600301000986702000000000026051340460400001000150000
00200306676562380030100098670200000000002605134046070000302964002500000000000000000000010000000100000086134026000009217100000083360260000092171000000833600000000000000000000006360010744726028005002817000000
0020020667656495003010009908580000000000084484610701000030000000250000000000250000000001000000010000008613402600000921710000008336026000009217100000083360063600107447260280050028170000
002011066765655500117046272129000000000012038091420400001048530025000012250003000003000008550000000100000001000000861340260000092171000000833602600000921710000008336100000000000000000000300000000000000000000000000006360010744726028005002817000000
002011066765656000104166521116000000000016986396880400001025040025000012250003350004500008550000000100000001000000861340260000092171000000833602600000921710000008336100000000000000000000300000000000000000000000000006360010744726028005002817000000
002011066765656000104166521116000000000016986396880400001025040025000012250001150004500008550000000100000001000000861340260000092171000000833602600000921710000008336100000000000000000000300000000000000000000000000006360010744726028005002817000000
002011066765715000104156520796000000000027541868240400001092950025000012250000000000000008550000000100000001000000861340260000092171000000833602600000921710000008336100000000000000000000300000000000000000000000000006360010744726028005002817000000
00200306676571900030100086835100000000000335318252070100303554002500000000000000000000010000000100000086134026000009217100000083360260000092171000000833600000000000000000000006360010744726028005002817000000
00200306676579210030400525778900000000002523850330080000300120002500000000000000000000010000000100000086134026000009217100000083360260000092171000000833600000000000000000000006360010744726028005002817000000
00300101000010000500050150000086134026000009217100000083360260000092171000000833606676586400000
00300104000010001400162050000086134026000009217100000083360260000092171000000833606676586400000
00300101000030000200050000000086134026000009217100000083360260000092171000000833606676586400000
00300108000030000200000000000086134026000009217100000083360260000092171000000833606676586400000
00300108000040000100000000000086134026000009217100000083360260000092171000000833606676586400000
00300107000050000100000000000086134026000009217100000083360260000092171000000833606676586400000
00300107000030000100000000000086134026000009217100000083360260000092171000000833606676586400000
00300107010030000100000000000086134026000009217100000083360260000092171000000833606676586400000
001001026000008613400406676586400260000092171000000833602600000921710000008336020280457300100020000
001001026000008613400306676586440260000092171000000833602600000921710000008336020280457300100020000
001001026000008613400206676586490260000092171000000833602600000921710000008336020280457300100020000
001001026000008613400306676586580260000092171000000833602600000921710000008336020280457300100020000
001001026000008613400206676586620260000092171000000833602600000921710000008336020280457300100020000
001001026000008613400306676586700260000092171000000833602600000921710000008336020280457300100020000
001001026000008613400406676586760260000092171000000833602600000921710000008336020280457300100020000
001001026000008613400506676586810260000092171000000833602600000921710000008336020280457300100020000
0020020667660677003010009908580000000000084484610701000030000000250000000000250000000001000000010000008613402600000921710000008336026000009217100000083360063600107447260280050028170000
0020020667660696003010009908580000000000084484610701000030000000250000000000250000000001000000010000008613402600000921710000008336026000009217100000083360063600107447260280050028170000
005001066766070500109160559929000000000002680773840100001000340000
005001066766070900109160559929000000000002680773840100001000340000
002011066766079300104164348794000000000023062267600400001006890025000012250008550008550000000000000100000001000000861340260000092171000000833602600000921710000008336000000000000000000000300000000000000000000000000006360010744726028005002817000000
0020020667660921003010009908580000000000084484610701000030000000250000000000250000000001000000010000008613402600000921710000008336026000009217100000083360063600107447260280050028170000
00200306676609430020401492974700000000002753098209080000203532002500000000000000000000010000000100000086134026000009217100000083360260000092171000000833600000000000000000000006360010744726028005002817000000
002011066766095600109054858535000000000019410732240100001000540025000012250008550008550000000000000100000001000000861340260000092171000000833602600000921710000008336000000000000000000000300000000000000000000000000006360010744726028005002817000000
00200306676609600150300323213400000000002792903353061201500034002500000000000000000000010000000100000086134026000009217100000083360260000092171000000833600000000000000000000006360010744726028005002817000000
0020020667660977003010009908580000000000084484610701000030000000250000000000250000000001000000010000008613402600000921710000008336026000009217100000083360063600107447260280050028170000
002011066766098300104163147141000000000018641022160400001023390025000012250008550008550000000000000100000001000000861340260000092171000000833602600000921710000008336000000000000000000000300000000000000000000000000006360010744726028005002817000000
0020020667661021003010009908580000000000084484610701000030000000250000000000250000000001000000010000008613402600000921710000008336026000009217100000083360063600107447260280050028170000
00200306676610250150300262354700000000004198525563061201500098002500000000000000000000010000000100000086134026000009217100000083360260000092171000000833600000000000000000000006360010744726028005002817000000
002011066766132000104166298107000000000023373735120400001050990025000012250008550008550000000000000100000001000000861340260000092171000000833602600000921710000008336000000000000000000000300000000000000000000000000006360010744726028005002817000000
0020020667661388003010009908580000000000084484610701000030000000250000000000250000000001000000010000008613402600000921710000008336026000009217100000083360063600107447260280050028170000
005001066766139700301001143164000000000002529575130400001000150000
005001066766139900301001143164000000000002529575130400001000150000
00200306676614010030100114316400000000000252957513070000300379002500000000000000000000010000000100000086134026000009217100000083360260000092171000000833600000000000000000000006360010744726028005002817000000
00200306676614170150300304642100000000001032785584061201500303002500000000000000000000010000000100000086134026000009217100000083360260000092171000000833600000000000000000000006360010744726028005002817000000
00200306676615890030400280707900000000003413603012080000302072002500000000000000000000010000000100000086134026000009217100000083360260000092171000000833600000000000000000000006360010744726028005002817000000
00200306676616040030400467033100000000002523786554080000301119002500000000000000000000010000000100000086134026000009217100000083360260000092171000000833600000000000000000000006360010744726028005002817000000
002011066766162700104163516456000000000016300503760400001023670025000012250008550008550000000000000100000001000000861340260000092171000000833602600000921710000008336000000000000000000000300000000000000000000000000006360010744726028005002817000000
0020020667661647003010009908580000000000084484610701000030000000250000000000250000000001000000010000008613402600000921710000008336026000009217100000083360063600107447260280050028170000
002011066766181600104160729335000000000026714343120400001015800025000012250008550008550000000000000100000001000000861340260000092171000000833602600000921710000008336000000000000000000000300000000000000000000000000006360010744726028005002817000000
002011066766182200109166315614000000000006997724880100001020520025000012250008550008550000000000000100000001000000861340260000092171000000833602600000921710000008336000000000000000000000300000010000000000000000000106360010744726028005002817000000
002011066766191100109070154571000000000014664333520100001000680025000012250008550008550000000000000100000001000000861340260000092171000000833602600000921710000008336000000000000000000000300000010000000000000000000106360010744726028005002817000000
00200306676619850150300305656500000000000519994665061201500703002500000000000000000000010000000100000086134026000009217100000083360260000092171000000833600000000000000000000006360010744726028005002817000000
002011066766228900104082110026000000000002873086160400001006290025000025000025000000000000000000000100000001000000861340260000092171000000833602600000921710000008336000000000000000000000000000000000000000000000000006360010744726028005002817000000
005001066766229400104085745316000000000018934193360400001000150000
005001066766229400104085745316000000000018934193360400001000150000
002011066766229500104085745316000000000018934193360400001004080025000012250008550008550000000000000100000001000000861340260000092171000000833602600000921710000008336000000000000000000000300000000000000000000000000006360010744726028005002817000000
002011066766230500117043578111000000000022135358380400001044940025000012250008550008550000000000000100000001000000861340260000092171000000833602600000921710000008336000000000000000000000300000000000000000000000000006360010744726028005002817000000
002011066766238000104150991711000000000025446899920400001063390025000012250008550008550000000000000100000001000000861340260000092171000000833602600000921710000008336000000000000000000000300000000000000000000000000006360010744726028005002817000000
002011066766238500104157320391000000000026782569680400001039900025000012250008550008550000000000000100000001000000861340260000092171000000833602600000921710000008336000000000000000000000300000000000000000000000000006360010744726028005002817000000
00200306676624310030400279668900000000003413610436080000305847002500000000000000000000010000000100000086134026000009217100000083360260000092171000000833600000000000000000000006360010744726028005002817000000
00200306676626830020401699192100000000002794553305080000200737002500000000000000000000010000000100000086134026000009217100000083360260000092171000000833600000000000000000000006360010744726028005002817000000
002011066766275600117045481972000000000019799089350400001021230025000012250008550008550000000000000100000001000000861340260000092171000000833602600000921710000008336000000000000000000000300000000000000000000000000006360010744726028005002817000000
002011066766282600109165308371000000000005621299920100001018950025000012250008550008550000000000000100000001000000861340260000092171000000833602600000921710000008336000000000000000000000300000000000000000000000000006360010744726028005002817000000
002011066766283500109164507656000000000007948414160100001066500025000012250008550008550000000000000100000001000000861340260000092171000000833602600000921710000008336000000000000000000000300000000000000000000000000006360010744726028005002817000000
002011066766284400109054682747000000000018780388560100001001420025000012250008550008550000000000000100000001000000861340260000092171000000833602600000921710000008336000000000000000000000300000000000000000000000000006360010744726028005002817000000
0020020667662868003010009908580000000000084484610701000030000000250000000000000000000001000000011000008613402600000921710000008336026000009217100000083360063600107447260280050028170000
0040010206676628830000
002011066766290100104151949514000000000025337713360400001001880025000012250000000000000008550000000100000001000000861340260000092171000000833602600000921710000008336100000000000000000000300000000000000000000000000006360010744726028005002817000000
002011066766296900104150140551000000000025952837840400001013780025000012250003250008550000000000000100000001000000861340260000092171000000833602600000921710000008336000000000000000000000300000000000000000000000000006360010744726028005002817000000
002011066766296900104150140551000000000025952837840400001013780025000012250005300008550000000000000100000001000000861340260000092171000000833602600000921710000008336000000000000000000000300000000000000000000000000006360010744726028005002817000000
002011066766297700109108230288000000000015991135440100001002630025000012250008550008550000000000000100000001000000861340260000092171000000833602600000921710000008336000000000000000000000300000000000000000000000000006360010744726028005002817000000
002011066766298300104158822412000000000026824315600400001037620025000012250008550008550000000000000100000001000000861340260000092171000000833602600000921710000008336000000000000000000000300000000000000000000000000006360010744726028005002817000000
0020020667662994003010009908580000000000084484610701000030000000250000000000250000000001000000010000008613402600000921710000008336026000009217100000083360063600107447260280050028170000
0020020667663060003010009908580000000000084484610701000030000000250000000000250000000001000000010000008613402600000921710000008336026000009217100000083360063600107447260280050028170000
002011066766313100104153260807000000000029438029520400001034970025000012250002350008550000000000000100000001000000861340260000092171000000833602600000921710000008336000000000000000000000300000000000000000000000000006360010744726028005002817000000
002011066766313100104153260807000000000029438029520400001034970025000012250006200008550000000000000100000001000000861340260000092171000000833602600000921710000008336000000000000000000000300000000000000000000000000006360010744726028005002817000000
002011066766349900104162233558000000000025076009680400001015740025000012250008550008550000000000000100000001000000861340260000092171000000833602600000921710000008336000000000000000000000300000000000000000000000000006360010744726028005002817000000
00200306676636900040100122333400000000000252465737070300400419002500000000000000000000010000000100000086134026000009217100000083360260000092171000000833600000000000000000000006360010744726028005002817000000
005001066766402000104162877307000000000017648681681023001002300000
002011066766402300104162877307000000000017648681680400001027590025000012250008550008550000000000000100000001000000861340260000092171000000833602600000921710000008336000000000000000000000300000000000000000000000000006360010744726028005002817000000
002011066766536700104152720561000000000026196636880400001027180025000012250000000000000008550000000100000001000000861340260000092171000000833602600000921710000008336100000000000000000000300000000000000000000000000006360010744726028005002817000000
002011066766602100104163257086000000000017825506000400001014840025000012250000000000000008550000000100000001000000861340260000092171000000833602600000921710000008336100000000000000000000300000000000000000000000000006360010744726028005002817000000
00300101000030000900225000000086134026000009217100000083360260000092171000000833606676666390000
00300104000010001900190000000086134026000009217100000083360260000092171000000833606676666390000
00300108000020000200000000000086134026000009217100000083360260000092171000000833606676666390000
00300101000010000700059850000086134026000009217100000083360260000092171000000833606676666390000
00300106120150000400000000000086134026000009217100000083360260000092171000000833606676666390000
00300107000030000100000000000086134026000009217100000083360260000092171000000833606676666390000
00300108000030000300000000000086134026000009217100000083360260000092171000000833606676666390000
00300107030040000100000000000086134026000009217100000083360260000092171000000833606676666390000
001001026000008613400406676666390260000092171000000833602600000921710000008336020280457300100120000
001001026000008613400506676666440260000092171000000833602600000921710000008336020280457300100120000
00200306676670280030400499568900000000001545921106080000300954002500000000000000000000010000000100000086134026000009217100000083360260000092171000000833600000000000000000000006360010744726028005002817000000
00200306676670380030400505552300000000001545947426080000300055002500000000000000000000010000000100000086134026000009217100000083360260000092171000000833600000000000000000000006360010744726028005002817000000
002011066766704700104085403581000000000018928087760400001007350025000012250008550008550000000000000100000001000000861340260000092171000000833602600000921710000008336000000000000000000000300000000000000000000000000006360010744726028005002817000000
002011066766705200109079302549000000000028232359120100001000180025000012250003550003550008550000000100000001000000861340260000092171000000833602600000921710000008336100000000000000000000300000000000000000000000000006360010744726028005002817000000
002011066766706000104156413141000000000027523533520400001054000025000012250003550003550008550000000100000001000000861340260000092171000000833602600000921710000008336100000000000000000000300000000000000000000000000006360010744726028005002817000000
002011066766706500117041269341000000000009257289970400001032190025000012250008550008550000000000000100000001000000861340260000092171000000833602600000921710000008336000000000000000000000300000000000000000000000000006360010744726028005002817000000
00200306676670710030500043719100000000000200922098071000300518002500000000000000000000010000000100000086134026000009217100000083360260000092171000000833600000000000000000000006360010744726028005002817000000
002011066766714500109160797463000000000004364974800100001003160025000012250008550008550000000000000100000001000000861340260000092171000000833602600000921710000008336000000000000000000000300000000000000000000000000006360010744726028005002817000000
002011066766715700104083183744000000000008923213520400001012920025000012250008550008550000000000000100000001000000861340260000092171000000833602600000921710000008336000000000000000000000300000000000000000000000000006360010744726028005002817000000
002011066766785000104166021733000000000023720679120400001031450025000012250004500004500008550000000100000001000000861340260000092171000000833602600000921710000008336100000000000000000000300000000000000000000000000006360010744726028005002817000000
002011066766785500104160336252000000000026984080080400001033610025000012250004500004500008550000000100000001000000861340260000092171000000833602600000921710000008336100000000000000000000300000000000000000000000000006360010744726028005002817000000
002011066766786600104160905567000000000027016074960400001037750025000012250008550008550000000000000100000001000000861340260000092171000000833602600000921710000008336000000000000000000000300000000000000000000000000006360010744726028005002817000000
002011066766787400104161062971000000000028349399760400001092500025000012250004500004500008550000000100000001000000861340260000092171000000833602600000921710000008336100000000000000000000300000000000000000000000000006360010744726028005002817000000
002011066766787900117055770519000000000029576843420400001017510025000012250008550008550000000000000100000001000000861340260000092171000000833602600000921710000008336000000000000000000000300000000000000000000000000006360010744726028005002817000000
005001066766788400301001156991000000000035693130460400001000150000
005001066766788700301001156991000000000035693130460400001000150000
00200306676678880030100115699100000000003569313046070000300591002500000000000000000000010000000100000086134026000009217100000083360260000092171000000833600000000000000000000006360010744726028005002817000000
002011066766849000104162256671000000000028344917200400001019820025000012250000000000000008550000000100000001000000861340260000092171000000833602600000921710000008336100000000000000000000300000000000000000000000000006360010744726028005002817000000
00200306676687380030400528180900000000001063586514080000300086002500000000000000000000010000000100000086134026000009217100000083360260000092171000000833600000000000000000000006360010744726028005002817000000
002011066766977700109057052817000000000005094498000100001007860025000012250004600004600008550000000100000001000000861340260000092171000000833602600000921710000008336100000000000000000000300000000000000000000000000006360010744726028005002817000000
00200306676701640020100418734400000000002610692542070000204213002500000000000000000000010000000100000086134026000009217100000083360260000092171000000833600000000000000000000006360010744726028005002817000000
002011066767027100104084596368000000000019203556560400001011020025000025000025000000000000000000000100000001000000861340260000092171000000833602600000921710000008336000000000000000000000000000000000000000000000000006360010744726028005002817000000
002011066767027800104084867434000000000015817618640400001004300025000012250004500004500008550000000100000001000000861340260000092171000000833602600000921710000008336100000000000000000000300000000000000000000000000006360010744726028005002817000000
005001066767038600301001136461000000000008713993210400001000150000
005001066767038900301001136461000000000008713993210400001000150000
00200306676703910030100113646100000000000871399321070000300081002500000000000000000000010000000100000086134026000009217100000083360260000092171000000833600000000000000000000006360010744726028005002817000000
00300108000030000300000000000086134026000009217100000083360260000092171000000833606676723010000
00300104000010001200141250000086134026000009217100000083360260000092171000000833606676723010000
00300101000010000300033050000086134026000009217100000083360260000092171000000833606676723010000
00300107100030000100000000000086134026000009217100000083360260000092171000000833606676723010000
00300107000030000200000000000086134026000009217100000083360260000092171000000833606676723010000
00300107000020000100000000000086134026000009217100000083360260000092171000000833606676723010000
001001026000008613400406676723010260000092171000000833602600000921710000008336020280457300100020000
001001026000008613400306676723050260000092171000000833602600000921710000008336020280457300100020000
02000100106676723150030100099085800000000000844846107026000009217100000083360131302000008613402600000921710000008336026000009217100000083360000
0210010300130000086134026000009217100000083360260000092171000000833606676723150000
0210010400040000086134026000009217100000083360260000092171000000833606676723150000
0210010500010000086134026000009217100000083360260000092171000000833606676723150000
0210010800120000086134026000009217100000083360260000092171000000833606676723150000
0210010900040000086134026000009217100000083360260000092171000000833606676723150000
0210011800010000086134026000009217100000083360260000092171000000833606676723150000
0210012500670000086134026000009217100000083360260000092171000000833606676723150000
0210012600020000086134026000009217100000083360260000092171000000833606676723150000
010001001026000009217100000083360000086134066767231500500000
001001026000008613400206676723180260000092171000000833600000000000000000000000020280457300100020000
010001001026000009217100000083360000086134066767232600400000
001001026000008613400106676723310000000092171000000000000000000000000000000000020280457300100020000
03400667640558000008613400005C06676405580667644472000008613404568I0000092171000009217101000000400168500000000100000001040000018000855000000001000000010612000050000000000000010000000106130000100000000000000100000001061400001000000000000001000000010700000040000000000000010000000108000001000000000000000100000001
03400667644477000008613400005C06676444770667648404000008613404568V00000921710000092171010000006000855000000001000000010100000020016850000000010000000104000000700045010000000100000001040000012000855000000001000000010400000030000001000000010000000104000000100042510000000100000001070000008000000000000001000000010800000130000000000000010000000108000001300000000000000100000001080000013000000000000001000000010800000130000000000000010000000108000001300000000000000100000001080000013000000000000001000000010800000130000000000000010000000108000001300000000000000100000001080000013000000000000001000000010800000130000000000000010000000108000001300000000000000100000001
