1000020260000086059005063600108005701973880025070000
001001026000008605900206676581500000000101432000000000000000000000000000000000020430458800100000000
010001001026000010143200000088860000086059066765816700100000
010001001026000010143200000088860000086059066765817700200000
001001026000008605900306676581990260000101432000000888602600001014320000008886020430458800100020000
001001026000008605900406676582060260000101432000000888602600001014320000008886020430458800100020000
005001066765820700301001090281000000000003233744250400001000150000
001001026000008605900506676582120260000101432000000888602600001014320000008886020430458800100020000
002011066765860000205001954037000000000012055031900400001015270025000012250008550008550000000000000100000001000000860590260000101432000000888602600001014320000008886000000000000000000000300000000000000000000000000006360010800570197388002507000000
002011066765861300104079647049000000000013909578650400001015110025000012250008550008550000000000000100000001000000860590260000101432000000888602600001014320000008886000000000000000000000300000000000000000000000000006360010800570197388002507000000
002011066765861800109106973119000000000013129498320100001007250025000012250008550008550000000000000100000001000000860590260000101432000000888602600001014320000008886000000000000000000000300000000000000000000000000006360010800570197388002507000000
002011066765865900104162618808000000000025187218640400001039920025000012250008550008550000000000000100000001000000860590260000101432000000888602600001014320000008886000000000000000000000300000000000000000000000000006360010800570197388002507000000
002011066765875700104161108318000000000030158067920400001033730025000012250008550008550000000000000100000001000000860590260000101432000000888602600001014320000008886000000000000000000000300000000000000000000000000006360010800570197388002507000000
002011066765895300104151118477000000000025934280400400001003310025000012250008550008550000000000000100000001000000860590260000101432000000888602600001014320000008886000000000000000000000300000000000000000000000000006360010800570197388002507000000
0020020667658998003010010902810000000000032337442501000030000000250000000000250000000001000000010000008605902600001014320000008886026000010143200000088860063600108005701973880025070000
002011066765915600109079302425000000000028193946320100001000030025000012250008550008550000000000000100000001000000860590260000101432000000888602600001014320000008886000000000000000000000300000000000000000000000000006360010800570197388002507000000
002011066765916400104157233251000000000027475208400400001004680025000012250003950008550000000000000100000001000000860590260000101432000000888602600001014320000008886000000000000000000000300000000000000000000000000006360010800570197388002507000000
002011066765916400104157233251000000000027475208400400001004680025000012250004600008550000000000000100000001000000860590260000101432000000888602600001014320000008886000000000000000000000300000000000000000000000000006360010800570197388002507000000
002011066765917800109017586641000000000026448233680100001002460025000012250008550008550000000000000100000001000000860590260000101432000000888602600001014320000008886000000000000000000000300000000000000000000000000006360010800570197388002507000000
002011066765919200109072887444000000000028521232080100001000980025000012250008550008550000000000000100000001000000860590260000101432000000888602600001014320000008886000000000000000000000300000000000000000000000000006360010800570197388002507000000
002011066765919800104162689799000000000027709128400400001004310025000012250008550008550000000000000100000001000000860590260000101432000000888602600001014320000008886000000000000000000000300000000000000000000000000006360010800570197388002507000000
002011066765920400104152901991000000000026854938320400001031160025000012250008550008550000000000000100000001000000860590260000101432000000888602600001014320000008886000000000000000000000300000000000000000000000000006360010800570197388002507000000
002011066765921000109104997606000000000010738087120100001001640025000012250008550008550000000000000100000001000000860590260000101432000000888602600001014320000008886000000000000000000000300000000000000000000000000006360010800570197388002507000000
002011066765921800104160599751000000000026161954000400001039530025000012250008550008550000000000000100000001000000860590260000101432000000888602600001014320000008886000000000000000000000300000000000000000000000000006360010800570197388002507000000
002011066765922700104164248501000000000024095731920400001020850025000012250008550008550000000000000100000001000000860590260000101432000000888602600001014320000008886000000000000000000000300000000000000000000000000006360010800570197388002507000000
00200306676592370020401614537900000000000639103845080000200567002500000000000000000000010000000100000086059026000010143200000088860260000101432000000888600000000000000000000006360010800570197388002507000000
002011066765924800104163056171000000000019394122960400001033390025000012250002750008550000000000000100000001000000860590260000101432000000888602600001014320000008886000000000000000000000300000000000000000000000000006360010800570197388002507000000
002011066765924800104163056171000000000019394122960400001033390025000012250005800008550000000000000100000001000000860590260000101432000000888602600001014320000008886000000000000000000000300000000000000000000000000006360010800570197388002507000000
002011066765925400117035878391000000000001431741400400001023000025000012250008550008550000000000000100000001000000860590260000101432000000888602600001014320000008886000000000000000000000300000000000000000000000000006360010800570197388002507000000
002011066765926100109071088173000000000017918636240100001000740025000012250008550008550000000000000100000001000000860590260000101432000000888602600001014320000008886000000000000000000000300000010000000000000000000306360010800570197388002507000000
0020020667659266003010010902810000000000032337442501000030000000250000000000250000000001000000010000008605902600001014320000008886026000010143200000088860063600108005701973880025070000
002011066765927200109070885177000000000015547170000100001000380025000012250008550008550000000000000100000001000000860590260000101432000000888602600001014320000008886000000000000000000000300000000000000000000000000006360010800570197388002507000000
00200306676592780030400251806900000000003413556756080000305427002500000000000000000000010000000100000086059026000010143200000088860260000101432000000888600000000000000000000006360010800570197388002507000000
002011066765929100109107654572000000000013234865360100001001910025000012250008550008550000000000000100000001000000860590260000101432000000888602600001014320000008886000000000000000000000300000000000000000000000000006360010800570197388002507000000
0020020667659297003010010902810000000000032337442501000030000000250000000000250000000001000000010000008605902600001014320000008886026000010143200000088860063600108005701973880025070000
002011066765930200109057935808000000000008149338320100001004350025000012250008550008550000000000000100000001000000860590260000101432000000888602600001014320000008886000000000000000000000300000000000000000000000000006360010800570197388002507000000
0020020667659308003010010902810000000000032337442501000030000000250000000000250000000001000000010000008605902600001014320000008886026000010143200000088860063600108005701973880025070000
002011066765931500104160841674000000000030166715600400001048730025000012250008550008550000000000000100000001000000860590260000101432000000888602600001014320000008886000000000000000000000300000000000000000000000000006360010800570197388002507000000
00200306676594490020401457999100000000004190784393080000201230002500000000000000000000010000000100000086059026000010143200000088860260000101432000000888600000000000000000000006360010800570197388002507000000
002011066765946100104160488826000000000026391501520400001026730025000012250008550008550000000000000100000001000000860590260000101432000000888602600001014320000008886000000000000000000000300000000000000000000000000006360010800570197388002507000000
002011066765949700104088785297000000000027159803600400001003070025000025000025000000000000000000000100000001000000860590260000101432000000888602600001014320000008886000000000000000000000000000000000000000000000000006360010800570197388002507000000
002011066765960400104158713737000000000026287509200400001050330025000012250008550008550000000000000100000001000000860590260000101432000000888602600001014320000008886000000000000000000000300000000000000000000000000006360010800570197388002507000000
0020020667659795003010010902810000000000032337442501000030000000250000000000250000000001000000010000008605902600001014320000008886026000010143200000088860063600108005701973880025070000
002011066766015000104086517171000000000015689431760400001002640025000012250008550008550000000000000100000001000000860590260000101432000000888602600001014320000008886000000000000000000000300000000000000000000000000006360010800570197388002507000000
002011066766038000104150953011000000000022901612240400001002120025000012250008550008550000000000000100000001000000860590260000101432000000888602600001014320000008886000000000000000000000300000000000000000000000000006360010800570197388002507000000
002011066766038600109127042548000000000002380700880100001026720025000012250008550008550000000000000100000001000000860590260000101432000000888602600001014320000008886000000000000000000000300000000000000000000000000006360010800570197388002507000000
002011066766039300104163684855000000000018698414800400001058560025000012250008550008550000000000000100000001000000860590260000101432000000888602600001014320000008886000000000000000000000300000000000000000000000000006360010800570197388002507000000
00200306676604000050400161118100000000003239044912080000501202002500000000000000000000010000000100000086059026000010143200000088860260000101432000000888600000000000000000000006360010800570197388002507000000
002011066766041000109109009895000000000018355031760100001010630025000012250008550008550000000000000100000001000000860590260000101432000000888602600001014320000008886000000000000000000000300000000000000000000000000006360010800570197388002507000000
00200306676614790050400092566200000000003031576498080000506398002500000000000000000000010000000100000086059026000010143200000088860260000101432000000888600000000000000000000006360010800570197388002507000000
002011066766183400104164416791000000000024369575120400001058730025000012250008550008550000000000000100000001000000860590260000101432000000888602600001014320000008886000000000000000000000300000000000000000000000000006360010800570197388002507000000
002011066766184000104158309359000000000025422810320400001026790025000012250008550008550000000000000100000001000000860590260000101432000000888602600001014320000008886000000000000000000000300000000000000000000000000006360010800570197388002507000000
002011066766208300104162716001000000000026752584400400001042520025000012250008550008550000000000000100000001000000860590260000101432000000888602600001014320000008886000000000000000000000300000000000000000000000000006360010800570197388002507000000
005001066766377400301001090281000000000003233744250400001000150000
00300104000010002200204550000086059026000010143200000088860260000101432000000888606676637770000
00300101000010001100094050000086059026000010143200000088860260000101432000000888606676637770000
00300101000030000500125000000086059026000010143200000088860260000101432000000888606676637770000
00300108000020000200000000000086059026000010143200000088860260000101432000000888606676637770000
00300108000030000100000000000086059026000010143200000088860260000101432000000888606676637770000
00300108000050000200000000000086059026000010143200000088860260000101432000000888606676637770000
001001026000008605900406676637770260000101432000000888602600001014320000008886020430458800100120000
005001066766377800301001090281000000000003233744250400001000150000
001001026000008605900506676637830260000101432000000888602600001014320000008886020430458800100120000
002011066766424200104161869262000000000025196224720400001063710025000012250004500004500008550000000100000001000000860590260000101432000000888602600001014320000008886100000000000000000000300000000000000000000000000006360010800570197388002507000000
002011066766425100104085491144000000000016877056720400001007880025000012250008550008550000000000000100000001000000860590260000101432000000888602600001014320000008886000000000000000000000300000000000000000000000000006360010800570197388002507000000
002011066766425800109007752386000000000010044270800100001011770025000012250003550003550008550000000100000001000000860590260000101432000000888602600001014320000008886100000000000000000000300000000000000000000000000006360010800570197388002507000000
002011066766426400104086962051000000000016588834000400001004650025000025000025000000000000000000000100000001000000860590260000101432000000888602600001014320000008886000000000000000000000000000000000000000000000000006360010800570197388002507000000
002011066766427000104156318083000000000026530514640400001000930025000012250003550003550008550000000100000001000000860590260000101432000000888602600001014320000008886100000000000000000000300000000000000000000000000006360010800570197388002507000000
002011066766428500104156523418000000000026384400080400001052640025000012250008550008550000000000000100000001000000860590260000101432000000888602600001014320000008886000000000000000000000300000000000000000000000000006360010800570197388002507000000
002011066766442000104163127981000000000016308736720400001011540025000012250003550003550008550000000100000001000000860590260000101432000000888602600001014320000008886100000000000000000000300000000000000000000000000006360010800570197388002507000000
0020020667664425003010010902810000000000032337442501000030000000250000000000250000000001000000010000008605902600001014320000008886026000010143200000088860063600108005701973880025070000
002011066766492400104162277318000000000026689736400400001061590025000012250003800004500008550000000100000001000000860590260000101432000000888602600001014320000008886100000000000000000000300000000000000000000000000006360010800570197388002507000000
002011066766492400104162277318000000000026689736400400001061590025000012250000700004500008550000000100000001000000860590260000101432000000888602600001014320000008886100000000000000000000300000000000000000000000000006360010800570197388002507000000
002011066766493100104084025701000000000009348163280400001015030025000012250008550008550000000000000100000001000000860590260000101432000000888602600001014320000008886000000000000000000000300000000000000000000000000006360010800570197388002507000000
002011066766493900109071765531000000000029705088720100001004820025000012250000000000000008550000000100000001000000860590260000101432000000888602600001014320000008886100000000000000000000300000000000000000000000000006360010800570197388002507000000
00200306676649470030500042942300000000000202240242071000300717002500000000000000000000010000000100000086059026000010143200000088860260000101432000000888600000000000000000000006360010800570197388002507000000
002011066766495600109072204177000000000028190354640100001003910025000012250000000000000008550000000100000001000000860590260000101432000000888602600001014320000008886100000000000000000000300000000000000000000000000006360010800570197388002507000000
002011066766550000104088809552000000000029325189840400001001710025000012250000000000000008550000000100000001000000860590260000101432000000888602600001014320000008886100000000000000000000300000000000000000000000000006360010800570197388002507000000
005001066766635900301001069894000000000025252382660400001000150000
005001066766636200301001069894000000000025252382660400001000150000
00200306676663630030100106989400000000002525238266070000300370002500000000000000000000010000000100000086059026000010143200000088860260000101432000000888600000000000000000000006360010800570197388002507000000
002011066766646600109105852512000000000013680853200100001006930025000012250008550008550000000000000100000001000000860590260000101432000000888602600001014320000008886000000000000000000000300000000000000000000000000006360010800570197388002507000000
005001066766690500301001159494000000000035700461180400001000150000
005001066766690800301001159494000000000035700461180400001000150000
00200306676669100030100115949400000000003570046118070000300555002500000000000000000000010000000100000086059026000010143200000088860260000101432000000888600000000000000000000006360010800570197388002507000000
005001066766903300301001090281000000000003233744250400001000150000
00300104000010000900111900000086059026000010143200000088860260000101432000000888606676690360000
00300101000010000400045300000086059026000010143200000088860260000101432000000888606676690360000
00300101000030000100025000000086059026000010143200000088860260000101432000000888606676690360000
00300107100030000100000000000086059026000010143200000088860260000101432000000888606676690360000
00300107000030000200000000000086059026000010143200000088860260000101432000000888606676690360000
001001026000008605900406676690360260000101432000000888602600001014320000008886020430458800100020000
005001066766903700301001090281000000000003233744250400001000150000
001001026000008605900306676690400260000101432000000888602600001014320000008886020430458800100020000
02000100106676690500030100109028100000000000323374425026000010143200000088860064702000008605902600001014320000008886026000010143200000088860000
0210010300050000086059026000010143200000088860260000101432000000888606676690500000
0210010400020000086059026000010143200000088860260000101432000000888606676690500000
0210010500010000086059026000010143200000088860260000101432000000888606676690500000
0210010800020000086059026000010143200000088860260000101432000000888606676690500000
0210012500440000086059026000010143200000088860260000101432000000888606676690500000
010001001026000010143200000088860000086059066766905100500000
001001026000008605900206676690540260000101432000000888600000000000000000000000020430458800100020000
010001001026000010143200000088860000086059066766906000400000
001001026000008605900106676690660000000101432000000000000000000000000000000000020430458800100020000
03400667658212000008605900005C06676582120667663777000008605904588I00001014320000101432010000005002500000000001000000010100000110008550000000010000000104000001900085500000000100000001040000001002500000000001000000010400000010005800000000010000000104000000100027500000000100000001040000001000460000000001000000010400000010003950000000010000000108000000500000000000000100000001
03400667663783000008605900005C06676637830667669036000008605904588V00001014320000101432010000002000000100000001000000010100000010008550000000010000000101000000100250000000000100000001010000001000355100000001000000010400000010000001000000010000000104000000100007010000000100000001040000001000380100000001000000010400000020003551000000010000000104000000100250000000000100000001040000003000855000000001000000010400000010004501000000010000000107000000200000000000000100000001071000001000000000000001000000010710000010000000000000010000000107100000100000000000000100000001071000001000000000000001000000010710000010000000000000010000000107100000100000000000000100000001
