1000020260000086061005063600108048971128010018430000
0450010000000000000000000106674743180000
0450010000000002000000000106674755900000
0450010000000002000000000106675013750000
0450010000000002000000000106675080780000
0450010000000002000000000106675093670000
0450010000000002000000000106675106390000
0450010000000002000000000106675173410000
0450010000000002000000000106675240410000
0450010000000002000000000106675253130000
001001026000008606100206676624700000000093669000000000000000000000000000000000000000000000000000000
010001001026000009366900000083900000086061066766247600100000
010001001026000009366900000083900000086061066766248500200000
001001026000008606100306676624880260000093669000000839002600000936690000008390000000000000000020000
001001026000008606100406676624930260000093669000000839002600000936690000008390020430458800100020000
001001026000008606100506676624980260000093669000000839002600000936690000008390020430458800100020000
0020020667665309003010010050630000000000364855282601000030000000250000000000250000000001000000010000008606102600000936690000008390026000009366900000083900063600108048971128010018430000
002011066766578600104152999531000000000026252882640400001037720025000012250008550008550000000000000100000001000000860610260000093669000000839002600000936690000008390000000000000000000000300000000000000000000000000006360010804897112801001843000000
005001066766580100104153174072000000000027731244241023001002300000
002011066766580400104153174072000000000027731244240400001027010025000012250008550008550000000000000100000001000000860610260000093669000000839002600000936690000008390000000000000000000000300000000000000000000000000006360010804897112801001843000000
002011066766581100104156910535000000000027589261520400001081230025000012250008550008550000000000000100000001000000860610260000093669000000839002600000936690000008390000000000000000000000300000000000000000000000000006360010804897112801001843000000
005001066766582900117056498235000000000039067277821023001000150000
002011066766583000117056498235000000000039067277820400001025460025000012250008550008550000000000000100000001000000860610260000093669000000839002600000936690000008390000000000000000000000300000000000000000000000000006360010804897112801001843000000
002011066766584100109151745596000000000001607260880100001002880025000012250008550008550000000000000100000001000000860610260000093669000000839002600000936690000008390000000000000000000000300000000000000000000000000006360010804897112801001843000000
002011066766620400109054310424000000000015252329680100001001530025000012250008550008550000000000000100000001000000860610260000093669000000839002600000936690000008390000000000000000000000300000000000000000000000000006360010804897112801001843000000
00200306676668250030400494526600000000000456007625080000301459002500000000000000000000010000000100000086061026000009366900000083900260000093669000000839000000000000000000000006360010804897112801001843000000
00200306676671350150300319681200000000002778541465061201500557002500000000000000000000010000000100000086061026000009366900000083900260000093669000000839000000000000000000000006360010804897112801001843000000
002011066766855400104160873631000000000026967565520400001054480025000012250008550008550000000000000100000001000000860610260000093669000000839002600000936690000008390000000000000000000000300000000000000000000000000006360010804897112801001843000000
005001066766907400104151435294000000000025977810641023001002300000
002011066766907700104151435294000000000025977810640400001005220025000012250008550008550000000000000100000001000000860610260000093669000000839002600000936690000008390000000000000000000000300000000000000000000000000006360010804897112801001843000000
00300101000030000100025000000086061026000009366900000083900260000093669000000839006676705060000
00300104000010000600051300000086061026000009366900000083900260000093669000000839006676705060000
00300101000010000200017100000086061026000009366900000083900260000093669000000839006676705060000
00300108000030000100000000000086061026000009366900000083900260000093669000000839006676705060000
00300106120150000100000000000086061026000009366900000083900260000093669000000839006676705060000
001001026000008606100406676705060260000093669000000839002600000936690000008390020430458800100120000
001001026000008606100506676720220260000093669000000839002600000936690000008390020430458800100120000
002011066767203400104162990901000000000014939031760400001030670025000012250003550003550008550000000100000001000000860610260000093669000000839002600000936690000008390100000000000000000000300000000000000000000000000006360010804897112801001843000000
002011066767204100109125137266000000000004787118800100001014250025000012250008550008550000000000000100000001000000860610260000093669000000839002600000936690000008390000000000000000000000300000000000000000000000000006360010804897112801001843000000
002011066767204600109126145432000000000002271125200100001037700025000012250008550008550000000000000100000001000000860610260000093669000000839002600000936690000008390000000000000000000000300000000000000000000000000006360010804897112801001843000000
005001066767205400109123690243000000000002987643601023001002300000
002011066767205700109123690243000000000002987643600100001001450025000012250004750004750008550000000100000001000000860610260000093669000000839002600000936690000008390100000000000000000000300000000000000000000000000006360010804897112801001843000000
002011066767206300117059625939000000000013917819770400001007180025000025000025000000000000000000000100000001000000860610260000093669000000839002600000936690000008390000000000000000000000000000000000000000000000000006360010804897112801001843000000
002011066767207100104083168052000000000010900063440400001004880025000012250008550008550000000000000100000001000000860610260000093669000000839002600000936690000008390000000000000000000000300000000000000000000000000006360010804897112801001843000000
002011066767207700104152461973000000000027863908560400001038300025000012250008550008550000000000000100000001000000860610260000093669000000839002600000936690000008390000000000000000000000300000000000000000000000000006360010804897112801001843000000
002011066767214300104084270225000000000008649416400400001005040025000012250004500004500008550000000100000001000000860610260000093669000000839002600000936690000008390100000000000000000000300000000000000000000000000006360010804897112801001843000000
002011066767222100104166433063000000000023512679120400001008700025000012250003550003550008550000000100000001000000860610260000093669000000839002600000936690000008390100000000000000000000300000000000000000000000000006360010804897112801001843000000
002011066767282900109054441421000000000016395743440100001002730025000012250008550008550000000000000100000001000000860610260000093669000000839002600000936690000008390000000000000000000000300000000000000000000000000006360010804897112801001843000000
002011066767284100109057974561000000000008810471120100001002600025000012250008550008550000000000000100000001000000860610260000093669000000839002600000936690000008390000000000000000000000300000000000000000000000000006360010804897112801001843000000
002011066767284700109129007545000000000012356785360100001000440025000012250008550008550000000000000100000001000000860610260000093669000000839002600000936690000008390000000000000000000000300000000000000000000000000006360010804897112801001843000000
002011066767285400104150114184000000000025305864400400001003250025000012250008550008550000000000000100000001000000860610260000093669000000839002600000936690000008390000000000000000000000300000000000000000000000000006360010804897112801001843000000
002011066767286100109057974544000000000008817360080100001000510025000012250008550008550000000000000100000001000000860610260000093669000000839002600000936690000008390000000000000000000000300000000000000000000000000006360010804897112801001843000000
005001066767287100109057974536000000000008802035920000000000150000
002011066767287300109057974536000000000008802035920100001006310025000012250008550008550000000000000100000001000000860610260000093669000000839002600000936690000008390000000000000000000000300000000000000000000000000006360010804897112801001843000000
002011066767287900109006241434000000000010505554640100001014840025000012250008550008550000000000000100000001000000860610260000093669000000839002600000936690000008390000000000000000000000300000010000000000000000000206360010804897112801001843000000
002011066767288700109164582828000000000000267661520100001014420025000012250008550008550000000000000100000001000000860610260000093669000000839002600000936690000008390000000000000000000000300000010000000000000000000506360010804897112801001843000000
005001066767289300109123397805000000000010943906001023001002300000
002011066767289600109123397805000000000010943906000100001001510025000012250008550008550000000000000100000001000000860610260000093669000000839002600000936690000008390000000000000000000000300000010000000000000000000106360010804897112801001843000000
002011066767290300109167012305000000000007842739920100001002960025000012250008550008550000000000000100000001000000860610260000093669000000839002600000936690000008390000000000000000000000300000000000000000000000000006360010804897112801001843000000
002011066767290800109078661812000000000032082542800100001000330025000012250000000000000008550000000100000001000000860610260000093669000000839002600000936690000008390100000000000000000000300000000000000000000000000006360010804897112801001843000000
002011066767291400109127086316000000000001222538960100001004340025000012250000000000000008550000000100000001000000860610260000093669000000839002600000936690000008390100000000000000000000300000000000000000000000000006360010804897112801001843000000
002011066767292200109129007499000000000012344633040100001001060025000012250000000000000008550000000100000001000000860610260000093669000000839002600000936690000008390100000000000000000000300000000000000000000000000006360010804897112801001843000000
002011066767292900109129041182000000000010625114320100001002460025000012250002250002250008550000000100000001000000860610260000093669000000839002600000936690000008390100000000000000000000300000000000000000000000000006360010804897112801001843000000
00200306676729330020100425482300000000002678478387070000203140002500000000000000000000010000000100000086061026000009366900000083900260000093669000000839000000000000000000000006360010804897112801001843000000
00200306676729430020100477362600000000003569492918070000200746002500000000000000000000010000000100000086061026000009366900000083900260000093669000000839000000000000000000000006360010804897112801001843000000
002011066767350600104082314161000000000000431225040400001016890025000012250000000000000008550000000100000001000000860610260000093669000000839002600000936690000008390100000000000000000000300000000000000000000000000006360010804897112801001843000000
002011066767539600104156233568000000000025233470160400001015090025000012250004500004500008550000000100000001000000860610260000093669000000839002600000936690000008390100000000000000000000300000000000000000000000000006360010804897112801001843000000
00300104000010000900111900000086061026000009366900000083900260000093669000000839006676776150000
00300101000010001600155300000086061026000009366900000083900260000093669000000839006676776150000
00300107000020000200000000000086061026000009366900000083900260000093669000000839006676776150000
001001026000008606100406676776150260000093669000000839002600000936690000008390020430458800100020000
001001026000008606100306676776190260000093669000000839002600000936690000008390020430458800100020000
001001026000008606100206676776220260000093669000000839002600000936690000008390020430458800100020000
010001001026000009366900000083900000086061066767762800400000
02000100106676776350030100100506300000000003648552826026000009366900000083900122701000008606102600000936690000008390026000009366900000083900000
0210010300010000086061026000009366900000083900260000093669000000839006676776350000
0210010400010000086061026000009366900000083900260000093669000000839006676776350000
0210010800020000086061026000009366900000083900260000093669000000839006676776350000
0210010900010000086061026000009366900000083900260000093669000000839006676776350000
0210012500320000086061026000009366900000083900260000093669000000839006676776350000
010001001026000009366900000083900000086061066767763600500000
001001026000008606100106676776420000000093669000000000000000000000000000000000020430458800100020000
03400667662498000008606100005C06676624980667670506000008606104588I000009366900000936690100000010025000000000010000000101000000200085500000000100000001040000006000855000000001000000010612000010000000000000010000000108000000100000000000000100000001
03400667672022000008606100005C06676720220667677615000008606104588V00000936690000093669010000011000855000000001000000010100000010002251000000010000000101000000300000010000000100000001010000001000475100000001000000010400000020003551000000010000000104000000100250000000000100000001040000003000855000000001000000010400000020004501000000010000000104000000100000010000000100000001070000002000000000000001000000010700000020000000000000010000000107000000200000000000000100000001070000002000000000000001000000010700000020000000000000010000000107000000200000000000000100000001070000002000000000000001000000010700000020000000000000010000000107000000200000000000000100000001070000002000000000000001000000010700000020000000000000010000000107000000200000000000000100000001070000002000000000000001000000010700000020000000000000010000000107000000200000000000000100000001070000002000000000000001000000010700000020000000000000010000000107000000200000000000000100000001
