1000020260000086160005063600108048971144390016970000
005001066761425800301001141854000000000002525738170001003000150000
005001066761425900301001141854000000000002525738170001003000150000
005001066761425900301001141854000000000002525738170001003000150000
005001066761426000301001141854000000000002525738170001003000150000
005001066761426000301001141854000000000002525738170001003000150000
005001066761426000301001141854000000000002525738170001003000150000
005001066761426100301001141854000000000002525738170001003000150000
005001066761426200301001141854000000000002525738170001003000150000
005001066761426200301001141854000000000002525738170001003000150000
005001066761426200301001141854000000000002525738170001003000150000
005001066761426300301001141854000000000002525738170001003000150000
005001066761426300301001141854000000000002525738170001003000150000
005001066761426400301001141854000000000002525738170001003000150000
005001066761426400000000000000000000000002525738170000000000150000
005001066761426500301001141854000000000002525738170001003000150000
005001066761426500301001141854000000000002525738170001003000150000
005001066761426600301001141854000000000002525738170001003000150000
005001066761453300301001141854000000000002525738170001003000150000
005001066761453300301001141854000000000002525738170001003000150000
005001066761453400301001141854000000000002525738170001003000150000
005001066761453400301001141854000000000002525738170001003000150000
005001066761453400301001141854000000000002525738170001003000150000
005001066761453500301001141854000000000002525738170001003000150000
005001066761453800301001141854000000000002525738170001003000150000
005001066761453900301001141854000000000002525738170001003000150000
005001066761453900301001141854000000000002525738170001003000150000
005001066761454000301001141854000000000002525738170001003000150000
005001066761454000301001141854000000000002525738170001003000150000
005001066761454000301001141854000000000002525738170001003000150000
005001066761454100000000000000000000000002525738170000000000150000
005001066761454200301001141854000000000002525738170001003000150000
005001066761454200301001141854000000000002525738170001003000150000
005001066761454200301001141854000000000002525738170001003000150000
005001066761454300301001141854000000000002525738170001003000150000
005001066761454300301001141854000000000002525738170001003000150000
005001066761454400301001141854000000000002525738170001003000150000
005001066761454500301001141854000000000002525738170001003000150000
005001066761454500301001141854000000000002525738170001003000150000
005001066761454500301001141854000000000002525738170001003000150000
005001066761454600301001141854000000000002525738170001003000150000
005001066761454700301001141854000000000002525738170001003000150000
005001066761454800301001141854000000000002525738170000000000150000
005001066761466700301001104941000000000015737238100001003000150000
005001066761466800301001104941000000000015737238100001003000150000
005001066761466800301001104941000000000015737238100001003000150000
005001066761466900301001104941000000000015737238100001003000150000
005001066761466900301001104941000000000015737238100001003000150000
005001066761467000301001104941000000000015737238100001003000150000
0450010000000000000000000106676147910000
001001026000008616000206676148120000000073124000000000000000000000000000000000000000000000000000000
010001001026000007312400000071690000086160066761481800100000
010001001026000007312400000071690000086160066761482700200000
001001026000008616000306676148300260000073124000000716902600000731240000007169000000000000000010000
001001026000008616000406676161280260000073124000000716902600000731240000007169020590460400100010000
005001066761612900301001141854000000000002525738170400001000150000
001001026000008616000506676161340260000073124000000716902600000731240000007169020590460400100010000
002011066761639000104165634774000000000023008010960400001022020016850008650008550008550000000000000100000001000000861600260000073124000000716902600000731240000007169000000000000000000000300000000000000000000000000006360010804897114439001697000000
002011066761662500104150868944000000000023838674640400001002460016850016850016850000000000000000000100000001000000861600260000073124000000716902600000731240000007169000000000000000000000000000000000000000000000000006360010804897114439001697000000
002011066761683200104082832341000000000004090624720400001023430016850008650008550008550000000000000100000001000000861600260000073124000000716902600000731240000007169000000000000000000000300000000000000000000000000006360010804897114439001697000000
005001066761685000301000970751000000000010060657070400001000150000
005001066761685300301000970751000000000010060657070400001000150000
00200306676168540030100097075100000000001006065707070000305123001685000000000000000000010000000100000086160026000007312400000071690260000073124000000716900000000000000000000006360010804897114439001697000000
002011066761703200104162001241000000000028397218000400001056060016850008650008550008550000000000000100000001000000861600260000073124000000716902600000731240000007169000000000000000000000300000000000000000000000000006360010804897114439001697000000
0020020667617190003010011418540000000000025257381701000030000000168500000000168500000001000000010000008616002600000731240000007169026000007312400000071690063600108048971144390016970000
0020020667617215003010011418540000000000025257381701000030000000168500000000168500000001000000010000008616002600000731240000007169026000007312400000071690063600108048971144390016970000
002011066761722000104164111174000000000023378120400400001019880016850008650008550008550000000000000100000001000000861600260000073124000000716902600000731240000007169000000000000000000000300000000000000000000000000006360010804897114439001697000000
002011066761722700117045988082000000000011875278290400001059190016850008650008550008550000000000000100000001000000861600260000073124000000716902600000731240000007169000000000000000000000300000000000000000000000000006360010804897114439001697000000
005001066761723200104081916434000000000002849546961023001002300000
002011066761723500104081916434000000000002849546960400001007940016850016850016850000000000000000000100000001000000861600260000073124000000716902600000731240000007169000000000000000000000000000000000000000000000000006360010804897114439001697000000
002011066761738500104165706058000000000023268066000400001040340016850008650008550008550000000000000100000001000000861600260000073124000000716902600000731240000007169000000000000000000000300000000000000000000000000006360010804897114439001697000000
002011066761773300117054038423000000000032628953490400001037590016850008650008550008550000000000000100000001000000861600260000073124000000716902600000731240000007169000000000000000000000300000000000000000000000000006360010804897114439001697000000
002011066761817000104082712026000000000001957822160400001008470016850008650008550008550000000000000100000001000000861600260000073124000000716902600000731240000007169000000000000000000000300000000000000000000000000006360010804897114439001697000000
002011066761826200104151752796000000000023920249040400001001710016850008650008550008550000000000000100000001000000861600260000073124000000716902600000731240000007169000000000000000000000300000000000000000000000000006360010804897114439001697000000
005001066761826700104164194495000000000024068342481023001002300000
002011066761827000104164194495000000000024068342480400001050260016850008650008550008550000000000000100000001000000861600260000073124000000716902600000731240000007169000000000000000000000300000000000000000000000000006360010804897114439001697000000
002011066761828400104164371788000000000023270085840400001029090016850008650008550008550000000000000100000001000000861600260000073124000000716902600000731240000007169000000000000000000000300000000000000000000000000006360010804897114439001697000000
005001066761834400301001005608000000000036454231620400001000150000
005001066761834700301001005608000000000036454231620400001000150000
00200306676183480030100100560800000000003645423162070000305312001685000000000000000000010000000100000086160026000007312400000071690260000073124000000716900000000000000000000006360010804897114439001697000000
0020020667618361003010011418540000000000025257381701000030000000168500000000168500000001000000010000008616002600000731240000007169026000007312400000071690063600108048971144390016970000
005001066761882900104088809552000000000029325189841023001002300000
002011066761883100104088809552000000000029325189840400001001670016850008650008550008550000000000000100000001000000861600260000073124000000716902600000731240000007169000000000000000000000300000000000000000000000000006360010804897114439001697000000
002011066761889300104165953543000000000024414190800400001023400016850016850016850000000000000000000100000001000000861600260000073124000000716902600000731240000007169000000000000000000000000000000000000000000000000006360010804897114439001697000000
002011066761889800104085185371000000000015580122320400001015630016850008650008550008550000000000000100000001000000861600260000073124000000716902600000731240000007169000000000000000000000300000000000000000000000000006360010804897114439001697000000
002011066761890400104164165819000000000018642770640400001024110016850008650008550008550000000000000100000001000000861600260000073124000000716902600000731240000007169000000000000000000000300000000000000000000000000006360010804897114439001697000000
002011066761914700104166548863000000000023986821840400001015630016850008650008550008550000000000000100000001000000861600260000073124000000716902600000731240000007169000000000000000000000300000000000000000000000000006360010804897114439001697000000
005001066761920000301001159109000000000035716292540400001000150000
005001066761920300301001159109000000000035716292540400001000150000
00200306676192040030100115910900000000003571629254070000300563001685000000000000000000010000000100000086160026000007312400000071690260000073124000000716900000000000000000000006360010804897114439001697000000
002011066761926300104152592881000000000026163817680400001048680016850008650008550008550000000000000100000001000000861600260000073124000000716902600000731240000007169000000000000000000000300000000000000000000000000006360010804897114439001697000000
005001066762032600301001141854000000000002525738170400001000150000
00300104000010001900187350000086160026000007312400000071690260000073124000000716906676203290000
00300107000030000300000000000086160026000007312400000071690260000073124000000716906676203290000
00300101000030000300050550000086160026000007312400000071690260000073124000000716906676203290000
001001026000008616000406676203290260000073124000000716902600000731240000007169020590460400100110000
005001066762086100301001141854000000000002525738170400001000150000
001001026000008616000506676208650260000073124000000716902600000731240000007169020590460400100110000
0020020667620887003010011418540000000000025257381701000030000000168500000000168500000001000000010000008616002600000731240000007169026000007312400000071690063600108048971144390016970000
002011066762089200104084620773000000000016020493520400001007150016850008650004500004500008550000000100000001000000861600260000073124000000716902600000731240000007169100000000000000000000300000000000000000000000000006360010804897114439001697000000
00200306676209010030100098788100000000000844202331070100305639001685000000000000000000010000000100000086160026000007312400000071690260000073124000000716900000000000000000000006360010804897114439001697000000
005001066762091000103095314662000000000033514783441023001002300000
005001066762091300103095314662000000000033514783441023001002300000
005001066762091600103095314662000000000033514783441023001002300000
002011066762094700104150636202000000000025272548560400001004190016850008650004250004250008550000000100000001000000861600260000073124000000716902600000731240000007169100000000000000000000300000000000000000000000000006360010804897114439001697000000
005001066762213800301001047262000000000041429231790400001000150000
005001066762214100301001047262000000000041429231790400001000150000
00200306676221420030100104726200000000004142923179070000302996001685000000000000000000010000000100000086160026000007312400000071690260000073124000000716900000000000000000000006360010804897114439001697000000
00200306676239580030400527436500000000002523545530080000300099001685000000000000000000010000000100000086160026000007312400000071690260000073124000000716900000000000000000000006360010804897114439001697000000
005001066762450000301001141854000000000002525738170400001000150000
00300101000030000100016850000086160026000007312400000071690260000073124000000716906676245030000
00300104000010000200017300000086160026000007312400000071690260000073124000000716906676245030000
00300107010030000100000000000086160026000007312400000071690260000073124000000716906676245030000
00300107000030000100000000000086160026000007312400000071690260000073124000000716906676245030000
00300108000030000100000000000086160026000007312400000071690260000073124000000716906676245030000
001001026000008616000406676245030260000073124000000716902600000731240000007169020590460400100010000
005001066762450400301001141854000000000002525738170400001000150000
001001026000008616000506676245090260000073124000000716902600000731240000007169020590460400100010000
005001066762645300301001141854000000000002525738170400001000150000
001001026000008616000406676264560260000073124000000716902600000731240000007169020590460400100110000
005001066762645700301001141854000000000002525738170400001000150000
001001026000008616000506676264620260000073124000000716902600000731240000007169020590460400100110000
005001066762646400301001141854000000000002525738170400001000150000
001001026000008616000406676264660260000073124000000716902600000731240000007169020590460400100010000
005001066762646700301001141854000000000002525738170400001000150000
001001026000008616000506676264720260000073124000000716902600000731240000007169020590460400100010000
00200306676266820030400481073500000000001545948738080000300551001685000000000000000000010000000100000086160026000007312400000071690260000073124000000716900000000000000000000006360010804897114439001697000000
002011066762673700104164566104000000000023108787920400001060130016850008650008550008550000000000000100000001000000861600260000073124000000716902600000731240000007169000000000000000000000300000000000000000000000000006360010804897114439001697000000
00200306676267470030400408453800000000000572628915080000302422001685000000000000000000010000000100000086160026000007312400000071690260000073124000000716900000000000000000000006360010804897114439001697000000
002011066762683200109160690286000000000000093555920100001000470016850008650008550008550000000000000100000001000000861600260000073124000000716902600000731240000007169000000000000000000000300000000000000000000000000006360010804897114439001697000000
002011066762699700104165933712000000000023997095120400001047930016850008650008550008550000000000000100000001000000861600260000073124000000716902600000731240000007169000000000000000000000300000000000000000000000000006360010804897114439001697000000
002011066762711900104164974571000000000022926239440400001007170016850016850016850000000000000000000100000001000000861600260000073124000000716902600000731240000007169000000000000000000000000000000000000000000000000006360010804897114439001697000000
002011066762718700109008619639000000000012595116240100001005130016850008650008550008550000000000000100000001000000861600260000073124000000716902600000731240000007169000000000000000000000300000000000000000000000000006360010804897114439001697000000
00200306676272720030400485020600000000001545818594080000300262001685000000000000000000010000000100000086160026000007312400000071690260000073124000000716900000000000000000000006360010804897114439001697000000
002011066762740100104165791403000000000024111813840400001030550016850008650008550008550000000000000100000001000000861600260000073124000000716902600000731240000007169000000000000000000000300000000000000000000000000006360010804897114439001697000000
00200306676274110030400478177800000000002523786426080000300635001685000000000000000000010000000100000086160026000007312400000071690260000073124000000716900000000000000000000006360010804897114439001697000000
00200306676275070030400464774500000000002523762266080000300990001685000000000000000000010000000100000086160026000007312400000071690260000073124000000716900000000000000000000006360010804897114439001697000000
002011066762757700104164152512000000000017655560400400001050020016850008650008550008550000000000000100000001000000861600260000073124000000716902600000731240000007169000000000000000000000300000000000000000000000000006360010804897114439001697000000
002011066762770600109051296153000000000008668350160100001002460016850008650008550008550000000000000100000001000000861600260000073124000000716902600000731240000007169000000000000000000000300000000000000000000000000006360010804897114439001697000000
00200306676278460030400329582900000000003931761477080000303131001685000000000000000000010000000100000086160026000007312400000071690260000073124000000716900000000000000000000006360010804897114439001697000000
002011066762847500104165996552000000000024164793040400001053550016850016850016850000000000000000000100000001000000861600260000073124000000716902600000731240000007169000000000000000000000000000000000000000000000000006360010804897114439001697000000
0020020667628544003010011418540000000000025257381701000030000000168500000000168500000001000000010000008616002600000731240000007169026000007312400000071690063600108048971144390016970000
0020020667628564003010011418540000000000025257381701000030000000168500000000168500000001000000010000008616002600000731240000007169026000007312400000071690063600108048971144390016970000
005001066762862700104157911721000000000025650325200400001000360000
002011066762863100104157911721000000000025650325200400001072850016850008650008550008550000000000000100000001000000861600260000073124000000716902600000731240000007169000000000000000000000300000000000000000000000000006360010804897114439001697000000
002011066762864100109129740315000000000010907825360100001000910016850008650008550008550000000000000100000001000000861600260000073124000000716902600000731240000007169000000000000000000000300000000000000000000000000006360010804897114439001697000000
002011066762866300109127968981000000000004815593680100001001070016850008650008550008550000000000000100000001000000861600260000073124000000716902600000731240000007169000000000000000000000300000000000000000000000000006360010804897114439001697000000
002011066762968200104151994161000000000025784520400400001003800016850008650008550008550000000000000100000001000000861600260000073124000000716902600000731240000007169000000000000000000000300000000000000000000000000006360010804897114439001697000000
005001066763086700301001141854000000000002525738170400001000150000
00300108000030000600000000000086160026000007312400000071690260000073124000000716906676308700000
00300104000010000800085000000086160026000007312400000071690260000073124000000716906676308700000
00300101000010000500042750000086160026000007312400000071690260000073124000000716906676308700000
00300101000030000200033700000086160026000007312400000071690260000073124000000716906676308700000
001001026000008616000406676308700260000073124000000716902600000731240000007169020590460400100110000
005001066763087100301001141854000000000002525738170400001000150000
005001066763087100301001141854000000000002525738171007003000150000
005001066763087200301001141854000000000002525738170001003000150000
005001066763087500301001141854000000000002525738170400001000150000
001001026000008616000506676308800260000073124000000716902600000731240000007169020590460400100110000
0020020667632325003010011418540000000000025257381701000030000000168500000000168500000001000000010000008616002600000731240000007169026000007312400000071690063600108048971144390016970000
0020020667632341003010011418540000000000025257381701000030000000168500000000168500000001000000010000008616002600000731240000007169026000007312400000071690063600108048971144390016970000
0020020667632360003010011418540000000000025257381701000030000000168500000000168500000001000000010000008616002600000731240000007169026000007312400000071690063600108048971144390016970000
0020020667632371003010011418540000000000025257381701000030000000168500000000168500000001000000010000008616002600000731240000007169026000007312400000071690063600108048971144390016970000
002011066763237600104156898128000000000027510477520400001007970016850008650004250004250008550000000100000001000000861600260000073124000000716902600000731240000007169100000000000000000000300000000000000000000000000006360010804897114439001697000000
002011066763238500104079354491000000000026235041350400001014780016850016850016850000000000000000000100000001000000861600260000073124000000716902600000731240000007169000000000000000000000019300000000000000000000000006360010804897114439001697000000
002011066763239000104151232318000000000023809495760400001003180016850008650003400003400008550000000100000001000000861600260000073124000000716902600000731240000007169100000000000000000000300000000000000000000000000006360010804897114439001697000000
00200306676323980030400425137100000000001379954747080000300828001685000000000000000000010000000100000086160026000007312400000071690260000073124000000716900000000000000000000006360010804897114439001697000000
00200306676324310030400433091100000000002679661235080000302259001685000000000000000000010000000100000086160026000007312400000071690260000073124000000716900000000000000000000006360010804897114439001697000000
005001066763244600104165707968000000000023244549840400001000150000
005001066763244700104165707968000000000023244549841023001002300000
002011066763244900104165707968000000000023244549840400001087510016850008650004500004500008550000000100000001000000861600260000073124000000716902600000731240000007169100000000000000000000300000000000000000000000000006360010804897114439001697000000
002011066763245700109006940642000000000009093077200100001029750016850008650000000000000008550000000100000001000000861600260000073124000000716902600000731240000007169100000000000000000000300000000000000000000000000006360010804897114439001697000000
00200306676324640020401481850300000000002751925345080000201674001685000000000000000000010000000100000086160026000007312400000071690260000073124000000716900000000000000000000006360010804897114439001697000000
002011066763247700104166542555000000000023543509200400001035430016850016850016850000000000000000000100000001000000861600260000073124000000716902600000731240000007169000000000000000000000019000000000000000000000000006360010804897114439001697000000
002011066763249300104166722774000000000017015586000400001030280016850008650008550008550000000000000100000001000000861600260000073124000000716902600000731240000007169000000000000000000000300000000000000000000000000006360010804897114439001697000000
00200306676328030030400407635700000000000572194483080000303078001685000000000000000000010000000100000086160026000007312400000071690260000073124000000716900000000000000000000006360010804897114439001697000000
00200306676328140030400363042300000000001958113132080000307998001685000000000000000000010000000100000086160026000007312400000071690260000073124000000716900000000000000000000006360010804897114439001697000000
002011066763367300109126513881000000000004296633040100001007920016850008650000000000000008550000000100000001000000861600260000073124000000716902600000731240000007169100000000000000000000300000010000000000000000000306360010804897114439001697000000
002011066763368400109128857791000000000006286032080100001006240016850008650003000003000008550000000100000001000000861600260000073124000000716902600000731240000007169100000000000000000000300000010000000000000000001006360010804897114439001697000000
00200306676339390030400524887900000000002523804554080000300352001685000000000000000000010000000100000086160026000007312400000071690260000073124000000716900000000000000000000006360010804897114439001697000000
00200306676360520030400527429200000000001982892786080000300324001685000000000000000000010000000100000086160026000007312400000071690260000073124000000716900000000000000000000006360010804897114439001697000000
00200306676360660030400523034100000000001545936610080000300219001685000000000000000000010000000100000086160026000007312400000071690260000073124000000716900000000000000000000006360010804897114439001697000000
005001066763676600301001141854000000000002525738170400001000150000
00300101000030000400067400000086160026000007312400000071690260000073124000000716906676367690000
00300104000010000600068200000086160026000007312400000071690260000073124000000716906676367690000
00300108000030000700000000000086160026000007312400000071690260000073124000000716906676367690000
00300101000010000300025950000086160026000007312400000071690260000073124000000716906676367690000
00300108000020000100000000000086160026000007312400000071690260000073124000000716906676367690000
001001026000008616000406676367690260000073124000000716902600000731240000007169020590460400100010000
005001066763677000301001141854000000000002525738170400001000150000
001001026000008616000506676367750260000073124000000716902600000731240000007169020590460400100010000
00200306676377010020401682917100000000000332740299080000201145001685000000000000000000010000000100000086160026000007312400000071690260000073124000000716900000000000000000000006360010804897114439001697000000
002011066763788700109006835611000000000011312287440100001004230016850008650008550008550000000000000100000001000000861600260000073124000000716902600000731240000007169000000000000000000000300000000000000000000000000006360010804897114439001697000000
00200306676378980020401736810100000000000166789569080000200074001685000000000000000000010000000100000086160026000007312400000071690260000073124000000716900000000000000000000006360010804897114439001697000000
002011066763825300109054465975000000000016988549840100001004730016850008650008550008550000000000000100000001000000861600260000073124000000716902600000731240000007169000000000000000000000300000000000000000000000000006360010804897114439001697000000
005001066763935301503003271059000000000007469152080000000000150000
00200306676393570150300327105900000000003569216246061201500096001685000000000000000000010000000100000086160026000007312400000071690260000073124000000716900000000000000000000006360010804897114439001697000000
002011066763947000104152746871000000000027830198480400001025040016850008650008550008550000000000000100000001000000861600260000073124000000716902600000731240000007169000000000000000000000300000000000000000000000000006360010804897114439001697000000
002011066763947700109163154611000000000002615639760100001012660016850008650008550008550000000000000100000001000000861600260000073124000000716902600000731240000007169000000000000000000000300000010000000000000000001706360010804897114439001697000000
005001066764131000301001141854000000000002525738170400001000150000
00300108000020000200000000000086160026000007312400000071690260000073124000000716906676413130000
00300101000010000300025650000086160026000007312400000071690260000073124000000716906676413130000
00300106120150000100000000000086160026000007312400000071690260000073124000000716906676413130000
00300104000010000100008550000086160026000007312400000071690260000073124000000716906676413130000
001001026000008616000406676413130260000073124000000716902600000731240000007169020590460400100110000
005001066764131400301001141854000000000002525738170400001000150000
001001026000008616000506676413190260000073124000000716902600000731240000007169020590460400100110000
00200306676423580020401647790800000000000318548162080000200376001685000000000000000000010000000100000086160026000007312400000071690260000073124000000716900000000000000000000006360010804897114439001697000000
002011066764237200104152354921000000000024455867600400001000880016850008650004250004250008550000000100000001000000861600260000073124000000716902600000731240000007169100000000000000000000300000000000000000000000000006360010804897114439001697000000
0020020667642391003010011418540000000000025257381701000030000000168500000000168500000001000000010000008616002600000731240000007169026000007312400000071690063600108048971144390016970000
002011066764240200109074467931000000000032316544720100001001820016850008650008550008550000000000000100000001000000861600260000073124000000716902600000731240000007169000000000000000000000300000000000000000000000000006360010804897114439001697000000
005001066764241001503003137131000000000005200230810614015000840000
00200306676424100150300313713100000000000520023081061301500113001685000000000000000000010000000100000086160026000007312400000071690260000073124000000716900000000000000000000006360010804897114439001697000000
0020020667642416015030031371310000000000052002308106140150010400168500000000000000000001000000010000008616002600000731240000007169026000007312400000071690063600108048971144390016970000
002011066764242400104084471328000000000009145680080400001009570016850016850016850000000000000000000100000001000000861600260000073124000000716902600000731240000007169000000000000000000000000000000000000000000000000006360010804897114439001697000000
002011066764243400104152302859000000000026118549200400001000450016850016850016850000000000000000000100000001000000861600260000073124000000716902600000731240000007169000000000000000000000000000000000000000000000000006360010804897114439001697000000
00200306676424390030400374178100000000003489695564080000302253001685000000000000000000010000000100000086160026000007312400000071690260000073124000000716900000000000000000000006360010804897114439001697000000
002011066764245500109056400315000000000015164903120100001004770016850008650003000003000008550000000100000001000000861600260000073124000000716902600000731240000007169100000000000000000000300000000000000000000000000006360010804897114439001697000000
00200306676424650030100036295400000000002153153460070100305304001685000000000000000000010000000100000086160026000007312400000071690260000073124000000716900000000000000000000006360010804897114439001697000000
00200306676424730040400233858100000000003884445099080000405323001685000000000000000000010000000100000086160026000007312400000071690260000073124000000716900000000000000000000006360010804897114439001697000000
002011066764249000104088195163000000000017364416720400001001200016850008650004500004500008550000000100000001000000861600260000073124000000716902600000731240000007169100000000000000000000300000000000000000000000000006360010804897114439001697000000
005001066764251300301001102182000000000004565250810701003000360000
00200306676425250030100110218200000000000456525081070100301251001685000000000000000000010000000100000086160026000007312400000071690260000073124000000716900000000000000000000006360010804897114439001697000000
005001066764294000104164357254000000000022905539281023001002300000
002011066764294300104164357254000000000022905539280400001033510016850008650008550008550000000000000100000001000000861600260000073124000000716902600000731240000007169000000000000000000000300000000000000000000000000006360010804897114439001697000000
00200306676429700030400535534900000000001983035234080000300011001685000000000000000000010000000100000086160026000007312400000071690260000073124000000716900000000000000000000006360010804897114439001697000000
00200306676431120030400463323100000000002523905050080000300742001685000000000000000000010000000100000086160026000007312400000071690260000073124000000716900000000000000000000006360010804897114439001697000000
0020020667643127003010011418540000000000025257381701000030000000168500000000168500000001000000010000008616002600000731240000007169026000007312400000071690063600108048971144390016970000
00200306676437210030500026193100000000002290324187071000303187001685000000000000000000010000000100000086160026000007312400000071690260000073124000000716900000000000000000000006360010804897114439001697000000
005001066764411300301001142362000000000002527538330400001000150000
005001066764411600301001142362000000000002527538330400001000150000
00200306676441170030100114236200000000000252753833070000300959001685000000000000000000010000000100000086160026000007312400000071690260000073124000000716900000000000000000000006360010804897114439001697000000
005001066764459701503003041207000000000005722781950614015000840000
00200306676445970150300304120700000000000572278195061301500208001685000000000000000000010000000100000086160026000007312400000071690260000073124000000716900000000000000000000006360010804897114439001697000000
0020020667644605015030030412070000000000057227819506140150016400168500000000000000000001000000010000008616002600000731240000007169026000007312400000071690063600108048971144390016970000
005001066764661900301001141854000000000002525738170400001000150000
00300108000020000100000000000086160026000007312400000071690260000073124000000716906676466220000
00300104000010000500059550000086160026000007312400000071690260000073124000000716906676466220000
00300101000030000200033700000086160026000007312400000071690260000073124000000716906676466220000
00300101000010000200017200000086160026000007312400000071690260000073124000000716906676466220000
00300106130150000200000000000086160026000007312400000071690260000073124000000716906676466220000
00300106140150000200000000000086160026000007312400000071690260000073124000000716906676466220000
00300108000030000300000000000086160026000007312400000071690260000073124000000716906676466220000
00300107010030000200000000000086160026000007312400000071690260000073124000000716906676466220000
00300108000040000100000000000086160026000007312400000071690260000073124000000716906676466220000
00300107100030000100000000000086160026000007312400000071690260000073124000000716906676466220000
00300107000030000100000000000086160026000007312400000071690260000073124000000716906676466220000
001001026000008616000406676466220260000073124000000716902600000731240000007169020590460400100010000
005001066764662300301001141854000000000002525738170400001000150000
001001026000008616000306676466260260000073124000000716902600000731240000007169020590460400100010000
02000100106676466350030100114185400000000000252573817026000007312400000071690022101000008616002600000731240000007169026000007312400000071690000
0210010300220000086160026000007312400000071690260000073124000000716906676466350000
0210010400090000086160026000007312400000071690260000073124000000716906676466350000
0210010500010000086160026000007312400000071690260000073124000000716906676466350000
0210010800080000086160026000007312400000071690260000073124000000716906676466350000
0210010900010000086160026000007312400000071690260000073124000000716906676466350000
0210011000020000086160026000007312400000071690260000073124000000716906676466350000
0210011100020000086160026000007312400000071690260000073124000000716906676466350000
0210012500450000086160026000007312400000071690260000073124000000716906676466350000
010001001026000007312400000071690000086160066764663500500000
001001026000008616000206676466390260000073124000000716900000000000000000000000020590460400100010000
010001001026000007312400000071690000086160066764664400400000
005001066764664800301001141854000000000002525738170000000000150000
001001026000008616000106676466510000000073124000000000000000000000000000000000020590460400100010000
03400667616134000008616000005C06676161340667620329000008616004604I0000073124000007312401000000500168500000000100000001040000023000855000000001000000010400000050016850000000010000000107000000300000000000000100000001
03400667620865000008616000005C06676208650667624503000008616004604V00000731240000073124010000007001685000000001000000010400000030004251000000010000000104000000300045010000000100000001070000002000000000000001000000010701000030000000000000010000000108000001400000000000000100000001
