1000020260000086097005063600108048971127380017650000
0450010000000002000000000106676484290000
0450010000000002000000000106676497010000
0450010000000002000000000106676509720000
0450010000000002000000000106676522590000
0450010000000002000000000106676535470000
001001026000008609700206676535870000000101449000000000000000000000000000000000000000000000000000000
010001001026000010144900000088950000086097066765359400100000
010001001026000010144900000088950000086097066765360300200000
001001026000008609700306676536130260000101449000000889502600001014490000008895000000000000000020000
001001026000008609700406676536200260000101449000000889502600001014490000008895020280457300100120000
001001026000008609700506676546940260000101449000000889502600001014490000008895020280457300100120000
002011066765470600104085927601000000000016867822800400001014560025000012250004500004500008550000000100000001000000860970260000101449000000889502600001014490000008895100000000000000000000300000000000000000000000000006360010804897112738001765000000
00200306676547180030500026529300000000004028476411071000300339002500000000000000000000010000000100000086097026000010144900000088950260000101449000000889500000000000000000000006360010804897112738001765000000
002011066765473100104088964167000000000027156383440400001003240025000012250008550008550000000000000100000001000000860970260000101449000000889502600001014490000008895000000000000000000000300000000000000000000000000006360010804897112738001765000000
002011066765473600104086815441000000000016623818960400001003920025000012250003550003550008550000000100000001000000860970260000101449000000889502600001014490000008895100000000000000000000300000000000000000000000000006360010804897112738001765000000
0020020667654744003010010904860000000000252024140201000030000000250000000000250000000001000000010000008609702600001014490000008895026000010144900000088950063600108048971127380017650000
002011066765475200104162484811000000000028402622160400001022320025000012250008550008550000000000000100000001000000860970260000101449000000889502600001014490000008895000000000000000000000300000000000000000000000000006360010804897112738001765000000
005001066765491200104164349006000000000024356291280400001000150000
005001066765491300104164349006000000000024356291280400001000150000
002011066765491500104164349006000000000024356291280400001065560025000012250008550008550000000000000100000001000000860970260000101449000000889502600001014490000008895000000000000000000000300000000000000000000000000006360010804897112738001765000000
002011066765552200104156620588000000000027412293840400001009730025000012250004500004500008550000000100000001000000860970260000101449000000889502600001014490000008895100000000000000000000300000000000000000000000000006360010804897112738001765000000
00200306676555290020401094088600000000003052721426080000203529002500000000000000000000010000000100000086097026000010144900000088950260000101449000000889500000000000000000000006360010804897112738001765000000
002011066765554500109076125191000000000028706530000100001001110025000012250000000000000008550000000100000001000000860970260000101449000000889502600001014490000008895100000000000000000000300000000000000000000000000006360010804897112738001765000000
002011066765557000109123688036000000000010753892560100001000930025000012250000000000000008550000000100000001000000860970260000101449000000889502600001014490000008895100000000000000000000300000000000000000000000000006360010804897112738001765000000
005001066765557800109080999205000000000000120351440100001000150000
002011066765557900109080999205000000000000120351440100001011570025000012250000000000000008550000000100000001000000860970260000101449000000889502600001014490000008895100000000000000000000300000000000000000000000000006360010804897112738001765000000
002011066765742200109126279137000000000003366771920100001003940025000012250008550008550000000000000100000001000000860970260000101449000000889502600001014490000008895000000000000000000000300000000000000000000000000006360010804897112738001765000000
00300104000010000600062400000086097026000010144900000088950260000101449000000889506676590320000
00300107100030000100000000000086097026000010144900000088950260000101449000000889506676590320000
00300101000030000100025000000086097026000010144900000088950260000101449000000889506676590320000
00300108000020000100000000000086097026000010144900000088950260000101449000000889506676590320000
00300101000010000400045300000086097026000010144900000088950260000101449000000889506676590320000
001001026000008609700406676590320260000101449000000889502600001014490000008895020280457300100020000
005001066767054500301001090486000000000025202414021007003000150000
001001026000008609700306676705550260000101449000000889502600001014490000008895020280457300100020000
02000100106676705650030100109048600000000002520241402026000010144900000088950061401000008609702600001014490000008895026000010144900000088950000
0210010300010000086097026000010144900000088950260000101449000000889506676705650000
0210010500010000086097026000010144900000088950260000101449000000889506676705650000
0210012500100000086097026000010144900000088950260000101449000000889506676705650000
010001001026000010144900000088950000086097066767056600500000
001001026000008609700206676705680260000101449000000889500000000000000000000000020280457300100020000
010001001026000010144900000088950000086097066767057400400000
001001026000008609700106676705790000000101449000000000000000000000000000000000020280457300100020000
03400667654694000008609700005C06676546940667659032000008609704573V0000101449000010144901000000100250000000000100000001010000003000000100000001000000010100000010008550000000010000000104000000200045010000000100000001040000003000855000000001000000010400000010003551000000010000000107100000100000000000000100000001080000001000000000000001000000010800000010000000000000010000000108000000100000000000000100000001080000001000000000000001000000010800000010000000000000010000000108000000100000000000000100000001
