1000020260000086128005063600107447260281640037990000
0450010000000000000000000106674845330000
001001026000008612800206676175510000000052770000000000000000000000000000000000020280457300100000000
010001001026000005277000000063180000086128066761755700100000
010001001026000005277000000063180000086128066761756800200000
001001026000008612800306676175720260000052770000000631802600000527700000006318020280457300100010000
001001026000008612800406676175780260000052770000000631802600000527700000006318020280457300100010000
001001026000008612800506676195180260000052770000000631802600000527700000006318020280457300100010000
00200306676197540030400499568900000000001545921106080000300951002500000000000000000000010000000100000086128026000005277000000063180260000052770000000631800000000000000000000006360010744726028164003799000000
002011066761976500104084288507000000000009405443280400001007430025000012250008550008550000000000000100000001000000861280260000052770000000631802600000527700000006318000000000000000000000300000000000000000000000000006360010744726028164003799000000
0020020667619775003010008836610000000000196257012401000030000000250000000000250000000001000000010000008612802600000527700000006318026000005277000000063180063600107447260281640037990000
002011066761978000109128377446000000000007082780880100001002960025000012250008550008550000000000000100000001000000861280260000052770000000631802600000527700000006318000000000000000000000300000000000000000000000000006360010744726028164003799000000
002011066761978400109106722371000000000013554092240100001005450025000025000025000000000000000000000100000001000000861280260000052770000000631802600000527700000006318000000000000000000000000000000000000000000000000006360010744726028164003799000000
00200306676197950030500044138500000000002735056969071000300349002500000000000000000000010000000100000086128026000005277000000063180260000052770000000631800000000000000000000006360010744726028164003799000000
00600106676198080000000000143281389610230011200000000030000
002011066761981000109066825076000000000014328138960100001000880025000012250008550008550000000000000100000001000000861280260000052770000000631802600000527700000006318000000000000000000000300000000000000000000000000006360010744726028164003799000000
005001066761982200301001098878000000000003222501690400001000150000
005001066761982500301001098878000000000003222501690400001000150000
00200306676198270030100109887800000000000322250169070000300759002500000000000000000000010000000100000086128026000005277000000063180260000052770000000631800000000000000000000006360010744726028164003799000000
002011066761991100109072407736000000000029713549520100001004030025000012250008550008550000000000000100000001000000861280260000052770000000631802600000527700000006318000000000000000000000300000000000000000000000000006360010744726028164003799000000
00200306676203030030400504812800000000001546006050080000300652002500000000000000000000010000000100000086128026000005277000000063180260000052770000000631800000000000000000000006360010744726028164003799000000
002011066762031800104088204871000000000016497260240400001003840025000012250008550008550000000000000100000001000000861280260000052770000000631802600000527700000006318000000000000000000000300000000000000000000000000006360010744726028164003799000000
00200306676203430030500043719100000000000200922098071000300517002500000000000000000000010000000100000086128026000005277000000063180260000052770000000631800000000000000000000006360010744726028164003799000000
002011066762035800104161381367000000000028359795920400001074340025000012250008550008550000000000000100000001000000861280260000052770000000631802600000527700000006318000000000000000000000300000000000000000000000000006360010744726028164003799000000
002011066762050300117041269341000000000009257289970400001032180025000012250008550008550000000000000100000001000000861280260000052770000000631802600000527700000006318000000000000000000000300000000000000000000000000006360010744726028164003799000000
002011066762056500104160471508000000000025082734800400001008710025000012250008550008550000000000000100000001000000861280260000052770000000631802600000527700000006318000000000000000000000300000000000000000000000000006360010744726028164003799000000
002011066762072700104164380434000000000022979894480400001009280025000025000025000000000000000000000100000001000000861280260000052770000000631802600000527700000006318000000000000000000000000000000000000000000000000006360010744726028164003799000000
002011066762077100109109161018000000000018484898000100001004790025000012250008550008550000000000000100000001000000861280260000052770000000631802600000527700000006318000000000000000000000300000000000000000000000000006360010744726028164003799000000
0020020667620865003010008836610000000000196257012401000030000000250000000000250000000001000000010000008612802600000527700000006318026000005277000000063180063600107447260281640037990000
002011066762092400104084653906000000000019197514960400001007770025000025000025000000000000000000000100000001000000861280260000052770000000631802600000527700000006318000000000000000000000000000000000000000000000000006360010744726028164003799000000
002011066762112500104088355187000000000023477637840400001005210025000012250008550008550000000000000100000001000000861280260000052770000000631802600000527700000006318000000000000000000000300000000000000000000000000006360010744726028164003799000000
002011066762117400117048920799000000000019501068060400001025480025000012250008550008550000000000000100000001000000861280260000052770000000631802600000527700000006318000000000000000000000300000000000000000000000000006360010744726028164003799000000
002011066762139200104084542586000000000014732741840400001006410025000012250008550008550000000000000100000001000000861280260000052770000000631802600000527700000006318000000000000000000000300000000000000000000000000006360010744726028164003799000000
002011066762140600109054945071000000000014890857680100001006800025000012250008550008550000000000000100000001000000861280260000052770000000631802600000527700000006318000000000000000000000300000000000000000000000000006360010744726028164003799000000
002011066762216800104157476121000000000027514304720400001087790025000012250008550008550000000000000100000001000000861280260000052770000000631802600000527700000006318000000000000000000000300000000000000000000000000006360010744726028164003799000000
002011066762217800104156301891000000000026964014800400001049700025000012250008550008550000000000000100000001000000861280260000052770000000631802600000527700000006318000000000000000000000300000000000000000000000000006360010744726028164003799000000
002011066762284600117040266097000000000019200086440400001033150025000012250008550008550000000000000100000001000000861280260000052770000000631802600000527700000006318000000000000000000000300000000000000000000000000006360010744726028164003799000000
005001066762455100301001138713000000000008715314810400001000150000
00300108000030000200000000000086128026000005277000000063180260000052770000000631806676245530000
00300104000010001300144050000086128026000005277000000063180260000052770000000631806676245530000
00300101000030000200050000000086128026000005277000000063180260000052770000000631806676245530000
00300101000010000600067750000086128026000005277000000063180260000052770000000631806676245530000
00300107100030000200000000000086128026000005277000000063180260000052770000000631806676245530000
00300107000030000100000000000086128026000005277000000063180260000052770000000631806676245530000
001001026000008612800406676245530260000052770000000631802600000527700000006318020280457300100110000
005001066762456100301000883661000000000019625701241011003000150000
001001026000008612800506676259860260000052770000000631802600000527700000006318020280457300100110000
002011066762599400104161775942000000000027750167760400001042380025000012250004500004500008550000000100000001000000861280260000052770000000631802600000527700000006318100000000000000000000300000000000000000000000000006360010744726028164003799000000
002011066762599900104082139008000000000007254748880400001014860025000012250004500004500008550000000100000001000000861280260000052770000000631802600000527700000006318100000000000000000000300000000000000000000000000006360010744726028164003799000000
005001066762600401503002557587000000000034132588680614015000840000
00200306676260040150300255758700000000003413258868061301500147002500000000000000000000010000000100000086128026000005277000000063180260000052770000000631800000000000000000000006360010744726028164003799000000
002011066762601500104152913671000000000024947551440400001108020025000012250008550008550000000000000100000001000000861280260000052770000000631802600000527700000006318000000000000000000000300000000000000000000000000006360010744726028164003799000000
00200306676260200020401573794900000000001907679681080000200230002500000000000000000000010000000100000086128026000005277000000063180260000052770000000631800000000000000000000006360010744726028164003799000000
00200306676260300020401182339500000000002827972273080000204652002500000000000000000000010000000100000086128026000005277000000063180260000052770000000631800000000000000000000006360010744726028164003799000000
002011066762604100104157491889000000000026957141200400001044170025000012250008550008550000000000000100000001000000861280260000052770000000631802600000527700000006318000000000000000000000300000000000000000000000000006360010744726028164003799000000
002011066762604800104152086331000000000023186988240400001002170025000025000025000000000000000000000100000001000000861280260000052770000000631802600000527700000006318000000000000000000000000000000000000000000000000006360010744726028164003799000000
002011066762605400104164346996000000000022959383760400001018760025000025000025000000000000000000000100000001000000861280260000052770000000631802600000527700000006318000000000000000000000000000000000000000000000000006360010744726028164003799000000
002011066762606100104158156081000000000027244595920400001008240025000012250003850008550000000000000100000001000000861280260000052770000000631802600000527700000006318000000000000000000000300000000000000000000000000006360010744726028164003799000000
002011066762606100104158156081000000000027244595920400001008240025000012250004700008550000000000000100000001000000861280260000052770000000631802600000527700000006318000000000000000000000300000000000000000000000000006360010744726028164003799000000
0020020667626091003010008836610000000000196257012401000030000000250000000000250000000001000000010000008612802600000527700000006318026000005277000000063180063600107447260281640037990000
002011066762609600119009997308000000000037616643230400001011400025000012250008550008550000000000000100000001000000861280260000052770000000631802600000527700000006318000000000000000000000300000000000000000000000000006360010744726028164003799000000
002011066762610300117021077871000000000018566959900400001056340025000012250008550008550000000000000100000001000000861280260000052770000000631802600000527700000006318000000000000000000000300000000000000000000000000006360010744726028164003799000000
002011066762611200104080000932000000000026240361830400001014260025000025000025000000000000000000000100000001000000861280260000052770000000631802600000527700000006318000000000000000000000019300000000000000000000000006360010744726028164003799000000
005001066762611600104088204871000000000016497260240400001000800000
005001066762611900104088204871000000000016497260240400001000800000
002011066762618300109150535466000000000004603587280100001000460025000012250008550008550000000000000100000001000000861280260000052770000000631802600000527700000006318000000000000000000000300000000000000000000000000006360010744726028164003799000000
002011066762619200104086413171000000000016950208720400001001890025000012250004500004500008550000000100000001000000861280260000052770000000631802600000527700000006318100000000000000000000300000000000000000000000000006360010744726028164003799000000
005001066762620900103096189128000000000024612992720450001000340000
002011066762626800104164391185000000000022915643600400001066320025000025000025000000000000000000000100000001000000861280260000052770000000631802600000527700000006318000000000000000000000000000000000000000000000000006360010744726028164003799000000
002011066762683700109129043541000000000010623870160100001001150025000012250000000000000008550000000100000001000000861280260000052770000000631802600000527700000006318100000000000000000000300000000000000000000000000006360010744726028164003799000000
0020020667626855003010008836610000000000196257012401000030000000250000000000250000000001000000010000008612802600000527700000006318026000005277000000063180063600107447260281640037990000
002011066762686200109055259309000000000019404130000100001000450025000012250004500004500008550000000100000001000000861280260000052770000000631802600000527700000006318100000000000000000000300000000000000000000000000006360010744726028164003799000000
005001066762686700109074534522000000000041834908890000000000150000
002011066762686800109074534522000000000031284432080100001002800025000012250004500004500008550000000100000001000000861280260000052770000000631802600000527700000006318100000000000000000000300000000000000000000000000006360010744726028164003799000000
00200306676283630030400520712900000000003930961637080000300398002500000000000000000000010000000100000086128026000005277000000063180260000052770000000631800000000000000000000006360010744726028164003799000000
005001066762855000304003030931000000000020704081080800003000360000
00200306676285530030400303093100000000002070408108080000308430002500000000000000000000010000000100000086128026000005277000000063180260000052770000000631800000000000000000000006360010744726028164003799000000
002011066762939600104150991509000000000024580493520400001052900025000012250008550008550000000000000100000001000000861280260000052770000000631802600000527700000006318000000000000000000000300000000000000000000000000006360010744726028164003799000000
00200306676294390020401675000100000000000325030322080000202135002500000000000000000000010000000100000086128026000005277000000063180260000052770000000631800000000000000000000006360010744726028164003799000000
00300104000010001300188050000086128026000005277000000063180260000052770000000631806676306670000
00300106130150000100000000000086128026000005277000000063180260000052770000000631806676306670000
00300108000020000300000000000086128026000005277000000063180260000052770000000631806676306670000
00300101000030000200050000000086128026000005277000000063180260000052770000000631806676306670000
00300101000010000400045300000086128026000005277000000063180260000052770000000631806676306670000
00300108000030000200000000000086128026000005277000000063180260000052770000000631806676306670000
001001026000008612800406676306670260000052770000000631802600000527700000006318020280457300100010000
001001026000008612800506676317920260000052770000000631802600000527700000006318020280457300100010000
00200306676318010020401133324100000000000202075617080000202119002500000000000000000000010000000100000086128026000005277000000063180260000052770000000631800000000000000000000006360010744726028164003799000000
002011066763181200104152956654000000000026894234320400001009050025000012250008550008550000000000000100000001000000861280260000052770000000631802600000527700000006318000000000000000000000300000000000000000000000000006360010744726028164003799000000
00200306676318180020401392286200000000001330947718080000202759002500000000000000000000010000000100000086128026000005277000000063180260000052770000000631800000000000000000000006360010744726028164003799000000
002011066763182700104150942753000000000024219241680400001002320025000012250008550008550000000000000100000001000000861280260000052770000000631802600000527700000006318000000000000000000000300000000000000000000000000006360010744726028164003799000000
00200306676318360040400358524600000000001398346937080000400052002500000000000000000000010000000100000086128026000005277000000063180260000052770000000631800000000000000000000006360010744726028164003799000000
00200306676318510020401727397400000000001116423105080000200194002500000000000000000000010000000100000086128026000005277000000063180260000052770000000631800000000000000000000006360010744726028164003799000000
002011066763186200109068563541000000000015072126160100001012330025000025000025000000000000000000000100000001000000861280260000052770000000631802600000527700000006318000000000000000000000000000000000000000000000000006360010744726028164003799000000
002011066763186900109068588586000000000015326323920100001018970025000012250008550008550000000000000100000001000000861280260000052770000000631802600000527700000006318000000000000000000000300000010000000000000000000106360010744726028164003799000000
002011066763188000104162005296000000000026748391120400001009570025000012250008550008550000000000000100000001000000861280260000052770000000631802600000527700000006318000000000000000000000300000000000000000000000000006360010744726028164003799000000
002011066763189100104089072881000000000023452017360400001005610025000012250008550008550000000000000100000001000000861280260000052770000000631802600000527700000006318000000000000000000000300000000000000000000000000006360010744726028164003799000000
00200306676321590030400532020100000000002523888074080000300055002500000000000000000000010000000100000086128026000005277000000063180260000052770000000631800000000000000000000006360010744726028164003799000000
005001066763221500109152663585000000000002814142160100001000240000
005001066763221800109152663585000000000002814142160100001000240000
005001066763222400109152663585000000000002814142160000000000150000
005001066763222500109152663585000000000002814142160100001000240000
0020020667632238003010008836610000000000196257012401000030000000250000000000250000000001000000010000008612802600000527700000006318026000005277000000063180063600107447260281640037990000
00200306676322460020401526373400000000000047573815080000200455002500000000000000000000010000000100000086128026000005277000000063180260000052770000000631800000000000000000000006360010744726028164003799000000
005001066763228100109152663585000000000002814142160100001000240000
0020020667632287003010008836610000000000196257012401000030000000250000000000250000000001000000010000008612802600000527700000006318026000005277000000063180063600107447260281640037990000
00200306676324530030400525161600000000002523534906080000300411002500000000000000000000010000000100000086128026000005277000000063180260000052770000000631800000000000000000000006360010744726028164003799000000
00200306676325520050400167978900000000002433992899080000500977002500000000000000000000010000000100000086128026000005277000000063180260000052770000000631800000000000000000000006360010744726028164003799000000
005001066763256700104085765783000000000018953081040400001000150000
002011066763256800104085765783000000000018953081040400001001270025000025000025000000000000000000000100000001000000861280260000052770000000631802600000527700000006318000000000000000000000000000000000000000000000000006360010744726028164003799000000
00200306676326990030400522099100000000002523805370080000300121002500000000000000000000010000000100000086128026000005277000000063180260000052770000000631800000000000000000000006360010744726028164003799000000
002011066763283700104165727144000000000023748194000400001061850025000012250008550008550000000000000100000001000000861280260000052770000000631802600000527700000006318000000000000000000000300000000000000000000000000006360010744726028164003799000000
00200306676328880030400524737600000000002601445381080000300338002500000000000000000000010000000100000086128026000005277000000063180260000052770000000631800000000000000000000006360010744726028164003799000000
00200306676329690020100418734400000000002610692542070000204209002500000000000000000000010000000100000086128026000005277000000063180260000052770000000631800000000000000000000006360010744726028164003799000000
002011066763301800104156894971000000000027590871760400001018640025000012250008550008550000000000000100000001000000861280260000052770000000631802600000527700000006318000000000000000000000300000000000000000000000000006360010744726028164003799000000
002011066763340500109064125191000000000011108588240100001010490025000012250008550008550000000000000100000001000000861280260000052770000000631802600000527700000006318000000000000000000000300000010000000000000000000106360010744726028164003799000000
002011066763341000109127288091000000000003502718160100001005010025000012250008550008550000000000000100000001000000861280260000052770000000631802600000527700000006318000000000000000000000300000000000000000000000000006360010744726028164003799000000
002011066763341400104088336311000000000023697186000400001001620025000025000025000000000000000000000100000001000000861280260000052770000000631802600000527700000006318000000000000000000000000000000000000000000000000006360010744726028164003799000000
0020020667633426003010008836610000000000196257012401000030000000250000000000250000000001000000010000008612802600000527700000006318026000005277000000063180063600107447260281640037990000
00200306676335050020400940229900000000003693201155080000210734002500000000000000000000010000000100000086128026000005277000000063180260000052770000000631800000000000000000000006360010744726028164003799000000
00200306676335610030100088461600000000002138496860070100302706002500000000000000000000010000000100000086128026000005277000000063180260000052770000000631800000000000000000000006360010744726028164003799000000
002011066763376900104084776781000000000019290701520400001006120025000012250008550008550000000000000100000001000000861280260000052770000000631802600000527700000006318000000000000000000000300000000000000000000000000006360010744726028164003799000000
005001066763409301503002935034000000000026596215870614015000840000
00200306676340930150300293503400000000002659621587061301500853002500000000000000000000010000000100000086128026000005277000000063180260000052770000000631800000000000000000000006360010744726028164003799000000
0020020667634103015030029350340000000000265962158706140150049900250000000000000000000001000000010000008612802600000527700000006318026000005277000000063180063600107447260281640037990000
002011066763440400104160414301000000000026978281680400001029630025000012250008550008550000000000000100000001000000861280260000052770000000631802600000527700000006318000000000000000000000300000000000000000000000000006360010744726028164003799000000
002011066763441100104083020063000000000011128423120400001006850025000012250008550008550000000000000100000001000000861280260000052770000000631802600000527700000006318000000000000000000000300000000000000000000000000006360010744726028164003799000000
002011066763451300104084262745000000000008717955280400001002490025000012250008550008550000000000000100000001000000861280260000052770000000631802600000527700000006318000000000000000000000300000000000000000000000000006360010744726028164003799000000
0020020667634518003010008836610000000000196257012401000030000000250000000000250000000001000000010000008612802600000527700000006318026000005277000000063180063600107447260281640037990000
002011066763459500117042835781000000000019773599430400001024850025000012250008550008550000000000000100000001000000861280260000052770000000631802600000527700000006318000000000000000000000300000000000000000000000000006360010744726028164003799000000
002011066763460300104159294428000000000024672927440400001036420025000012250008550008550000000000000100000001000000861280260000052770000000631802600000527700000006318000000000000000000000300000000000000000000000000006360010744726028164003799000000
00200306676348080020100465249700000000001574559106070000201704002500000000000000000000010000000100000086128026000005277000000063180260000052770000000631800000000000000000000006360010744726028164003799000000
002011066763495700104084075449000000000009108058320400001009170025000012250008550008550000000000000100000001000000861280260000052770000000631802600000527700000006318000000000000000000000300000000000000000000000000006360010744726028164003799000000
002011066763496200104162039298000000000025169895120400001032340025000012250008550008550000000000000100000001000000861280260000052770000000631802600000527700000006318000000000000000000000300000000000000000000000000006360010744726028164003799000000
002011066763525900117054212164000000000042051237390400001034410025000012250008550008550000000000000100000001000000861280260000052770000000631802600000527700000006318000000000000000000000300000000000000000000000000006360010744726028164003799000000
00200306676352670040400307468300000000001909045409080000401208002500000000000000000000010000000100000086128026000005277000000063180260000052770000000631800000000000000000000006360010744726028164003799000000
002011066763528200109000976467000000000000670239440100001031940025000012250008550008550000000000000100000001000000861280260000052770000000631802600000527700000006318000000000000000000000300000000000000000000000000006360010744726028164003799000000
002011066763542900104156494795000000000026878692560400001000610025000012250008550008550000000000000100000001000000861280260000052770000000631802600000527700000006318000000000000000000000300000000000000000000000000006360010744726028164003799000000
002011066763543500104089802081000000000033299784400400001003060025000012250008550008550000000000000100000001000000861280260000052770000000631802600000527700000006318000000000000000000000300000000000000000000000000006360010744726028164003799000000
002011066763544000104163646899000000000017691592400400001092420025000012250008550008550000000000000100000001000000861280260000052770000000631802600000527700000006318000000000000000000000300000000000000000000000000006360010744726028164003799000000
002011066763565400104157683699000000000027132680400400001027450025000012250000000000000008550000000100000001000000861280260000052770000000631802600000527700000006318100000000000000000000300000000000000000000000000006360010744726028164003799000000
002011066763629900104161574149000000000027817488080400001018590025000012250000000000000008550000000100000001000000861280260000052770000000631802600000527700000006318100000000000000000000300000000000000000000000000006360010744726028164003799000000
00300108000020000500000000000086128026000005277000000063180260000052770000000631806676369070000
00300104000010002200228400000086128026000005277000000063180260000052770000000631806676369070000
00300108000040000200000000000086128026000005277000000063180260000052770000000631806676369070000
00300101000010000500059200000086128026000005277000000063180260000052770000000631806676369070000
00300108000030000400000000000086128026000005277000000063180260000052770000000631806676369070000
00300101000030000400100000000086128026000005277000000063180260000052770000000631806676369070000
00300108000050000100000000000086128026000005277000000063180260000052770000000631806676369070000
00300107000020000200000000000086128026000005277000000063180260000052770000000631806676369070000
00300107010030000100000000000086128026000005277000000063180260000052770000000631806676369070000
00300106130150000100000000000086128026000005277000000063180260000052770000000631806676369070000
00300106140150000100000000000086128026000005277000000063180260000052770000000631806676369070000
001001026000008612800406676369070260000052770000000631802600000527700000006318020280457300100110000
001001026000008612800506676381870260000052770000000631802600000527700000006318020280457300100110000
002011066763819900104158470788000000000024705319120400001007860025000012250003550003550008550000000100000001000000861280260000052770000000631802600000527700000006318100000000000000000000300000000000000000000000000006360010744726028164003799000000
00200306676382240020401473363100000000002752051777080000202220002500000000000000000000010000000100000086128026000005277000000063180260000052770000000631800000000000000000000006360010744726028164003799000000
002011066763823900109055102086000000000017007670480100001002470025000012250003550003550008550000000100000001000000861280260000052770000000631802600000527700000006318100000000000000000000300000000000000000000000000006360010744726028164003799000000
002011066763824700109054923175000000000019405883600100001002000025000012250003550003550008550000000100000001000000861280260000052770000000631802600000527700000006318100000000000000000000300000000000000000000000000006360010744726028164003799000000
005001066763825400204009557543000000000023461891330800002000360000
00200306676382580020400955754300000000002346189133080000202604002500000000000000000000010000000100000086128026000005277000000063180260000052770000000631800000000000000000000006360010744726028164003799000000
002011066763826800109129415961000000000006492941520100001004760025000012250008550008550000000000000100000001000000861280260000052770000000631802600000527700000006318000000000000000000000300000000000000000000000000006360010744726028164003799000000
002011066763827400109053405375000000000018016233680100001008910025000012250008550008550000000000000100000001000000861280260000052770000000631802600000527700000006318000000000000000000000300000000000000000000000000006360010744726028164003799000000
002011066763828100109007725206000000000012538122960100001001640025000025000025000000000000000000000100000001000000861280260000052770000000631802600000527700000006318000000000000000000000000000000000000000000000000006360010744726028164003799000000
002011066763828900104151024171000000000025311795920400001002720025000012250004500004500008550000000100000001000000861280260000052770000000631802600000527700000006318100000000000000000000300000000000000000000000000006360010744726028164003799000000
002011066763829900104158943015000000000026853322960400001068310025000012250001200003550008550000000100000001000000861280260000052770000000631802600000527700000006318100000000000000000000300000000000000000000000000006360010744726028164003799000000
002011066763829900104158943015000000000026853322960400001068310025000012250002350003550008550000000100000001000000861280260000052770000000631802600000527700000006318100000000000000000000300000000000000000000000000006360010744726028164003799000000
002011066763830900109109056559000000000016457782480100001000920025000025000025000000000000000000000100000001000000861280260000052770000000631802600000527700000006318000000000000000000000000000000000000000000000000006360010744726028164003799000000
0020020667638317003010008836610000000000196257012401000030000000250000000000250000000001000000010000008612802600000527700000006318026000005277000000063180063600107447260281640037990000
002011066763832200104161397131000000000026429182160400001023000025000025000002800000000000000000000100000001000000861280260000052770000000631802600000527700000006318000000000000000000000000000000000000000000000000006360010744726028164003799000000
002011066763832200104161397131000000000026429182160400001023000025000025000022200000000000000000000100000001000000861280260000052770000000631802600000527700000006318000000000000000000000000000000000000000000000000006360010744726028164003799000000
005001066763861200104166309885000000000024421182161023001002300000
002011066763861500104166309885000000000024421182160400001071520025000012250008550008550000000000000100000001000000861280260000052770000000631802600000527700000006318000000000000000000000300000000000000000000000000006360010744726028164003799000000
002011066763861900104085221661000000000015692478160400001010310025000012250008550008550000000000000100000001000000861280260000052770000000631802600000527700000006318000000000000000000000300000000000000000000000000006360010744726028164003799000000
002011066763863000104084382856000000000009604826320400001006060025000012250004750004750008550000000100000001000000861280260000052770000000631802600000527700000006318100000000000000000000300000000000000000000000000006360010744726028164003799000000
002011066763896200109124999132000000000003548286160100001009150025000012250004500004500008550000000100000001000000861280260000052770000000631802600000527700000006318100000000000000000000300000010000000000000000000906360010744726028164003799000000
002011066763896800104157251161000000000026935703760400001038580025000012250004500004500008550000000100000001000000861280260000052770000000631802600000527700000006318100000000000000000000300000000000000000000000000006360010744726028164003799000000
002011066763897300109126517607000000000001593549520100001017410025000012250008550008550000000000000100000001000000861280260000052770000000631802600000527700000006318000000000000000000000300000010000000000000000000406360010744726028164003799000000
002011066763897700109055013504000000000019379950800100001007860025000012250000950000950008550000000100000001000000861280260000052770000000631802600000527700000006318100000000000000000000300000000000000000000000000006360010744726028164003799000000
002011066763898400109164047906000000000007267799760100001036160025000012250004500004500008550000000100000001000000861280260000052770000000631802600000527700000006318100000000000000000000300000010000000000000000000106360010744726028164003799000000
005001066763898900301001136052000000000008714966330400001000150000
005001066763899200301001136052000000000008714966330400001000150000
00200306676389940030100113605200000000000871496633070000300800002500000000000000000000010000000100000086128026000005277000000063180260000052770000000631800000000000000000000006360010744726028164003799000000
005001066763900400304003782932000000000039319131411023003000150000
00200306676390090030400378293200000000003931913141080000300200002500000000000000000000010000000100000086128026000005277000000063180260000052770000000631800000000000000000000006360010744726028164003799000000
002011066763902700104082461716000000000000966905040400001027700025000012250000000000000008550000000100000001000000861280260000052770000000631802600000527700000006318100000000000000000000300000000000000000000000000006360010744726028164003799000000
002011066763903300109081250895000000000008835251920100001001440025000012250000000000000008550000000100000001000000861280260000052770000000631802600000527700000006318100000000000000000000300000000000000000000000000006360010744726028164003799000000
002011066763903800117049513445000000000016927688380400001017080025000025000025000000000000000000000100000001000000861280260000052770000000631802600000527700000006318000000000000000000000000000000000000000000000000006360010744726028164003799000000
002011066763904300117055461842000000000029566281340400001012210025000012250004500004500008550000000100000001000000861280260000052770000000631802600000527700000006318100000000000000000000300000000000000000000000000006360010744726028164003799000000
002011066763904800109128750163000000000003081546960100001007050025000012250008550008550000000000000100000001000000861280260000052770000000631802600000527700000006318000000000000000000000300000000000000000000000000006360010744726028164003799000000
00200306676396420030400489218900000000000455947401080000301063002500000000000000000000010000000100000086128026000005277000000063180260000052770000000631800000000000000000000006360010744726028164003799000000
005001066764063700301001146333000000000002526778810400001000150000
005001066764064000301001146333000000000002526778810400001000150000
00200306676406420030100114633300000000000252677881070000300942002500000000000000000000010000000100000086128026000005277000000063180260000052770000000631800000000000000000000006360010744726028164003799000000
002011066764068700109053229038000000000018925002960100001024260025000012250000000000000008550000000100000001000000861280260000052770000000631802600000527700000006318100000000000000000000300000010000000000000000000506360010744726028164003799000000
00200306676407290030400267157600000000001116532810080000304302002500000000000000000000010000000100000086128026000005277000000063180260000052770000000631800000000000000000000006360010744726028164003799000000
00200306676407520030400431901200000000002517041914080000303043002500000000000000000000010000000100000086128026000005277000000063180260000052770000000631800000000000000000000006360010744726028164003799000000
00300104000010001100152850000086128026000005277000000063180260000052770000000631806676432450000
00300108000020000200000000000086128026000005277000000063180260000052770000000631806676432450000
00300101000010001300169950000086128026000005277000000063180260000052770000000631806676432450000
00300101000030000100025000000086128026000005277000000063180260000052770000000631806676432450000
00300107000030000200000000000086128026000005277000000063180260000052770000000631806676432450000
00300108000030000400000000000086128026000005277000000063180260000052770000000631806676432450000
001001026000008612800406676432450260000052770000000631802600000527700000006318020280457300100010000
001001026000008612800306676432500260000052770000000631802600000527700000006318020280457300100010000
02000100106676432670030100088366100000000001962570124026000005277000000063180120401000008612802600000527700000006318026000005277000000063180000
0210010300250000086128026000005277000000063180260000052770000000631806676432670000
0210010400100000086128026000005277000000063180260000052770000000631806676432670000
0210010500020000086128026000005277000000063180260000052770000000631806676432670000
0210010800060000086128026000005277000000063180260000052770000000631806676432670000
0210011000020000086128026000005277000000063180260000052770000000631806676432670000
0210011100010000086128026000005277000000063180260000052770000000631806676432670000
0210011800040000086128026000005277000000063180260000052770000000631806676432670000
0210012500730000086128026000005277000000063180260000052770000000631806676432670000
010001001026000005277000000063180000086128066764326700500000
001001026000008612800206676433050260000052770000000631800000000000000000000000020280457300100010000
010001001026000005277000000063180000086128066764331400400000
005001066764331700301000883661000000000019625701241007003000150000
001001026000008612800106676433230000000052770000000000000000000000000000000000020280457300100010000
03400667619518000008612800005C06676195180667624553000008612804573I0000052770000005277001000000900085500000000100000001010000008002500000000001000000010400000290008550000000010000000104000000400250000000000100000001070000003000000000000001000000010710000020000000000000010000000108000001400000000000000100000001
03400667625986000008612800005C06676259860667630667000008612804573V000005277000000527700100000050025000000000010000000101000000300000010000000100000001010000004000450100000001000000010100000050008550000000010000000104000000500250000000000100000001040000006000450100000001000000010400000070008550000000010000000104000000100047000000000100000001040000001000385000000001000000010613000010000000000000010000000108000001100000000000000100000001080000011000000000000001000000010800000110000000000000010000000108000001100000000000000100000001080000011000000000000001000000010800000110000000000000010000000108000001100000000000000100000001080000011000000000000001000000010800000110000000000000010000000108000001100000000000000100000001080000011000000000000001000000010800000110000000000000010000000108000001100000000000000100000001080000011000000000000001000000010800000110000000000000010000000108000001100000000000000100000001
