1000020260000086018005063600108005701906050026930000
001001026000008601800206676173150000000092178000000000000000000000000000000000020230456800100000000
010001001026000009217800000083380000086018066761732100100000
010001001026000009217800000083380000086018066761732900200000
001001026000008601800306676173330260000092178000000833802600000921780000008338020230456800100010000
001001026000008601800406676173380260000092178000000833802600000921780000008338020230456800100010000
005001066761733900301000990939000000000039520747780400001000150000
001001026000008601800506676173440260000092178000000833802600000921780000008338020230456800100010000
005001066761801800104164336427000000000023084662481023001002300000
002011066761802100104164336427000000000023084662480400001013880016850008650008550008550000000000000100000001000000860180260000092178000000833802600000921780000008338000000000000000000000300000000000000000000000000006360010800570190605002693000000
002011066761802900104162743262000000000026746202320400001028440016850008650008550008550000000000000100000001000000860180260000092178000000833802600000921780000008338000000000000000000000300000000000000000000000000006360010800570190605002693000000
005001066761804100109064696201000000000011625165521023001002300000
002011066761804500109064696201000000000011625165520100001000220016850008650008550008550000000000000100000001000000860180260000092178000000833802600000921780000008338000000000000000000000300000000000000000000000000006360010800570190605002693000000
002011066761889600104162998031000000000017827280080400001021150016850008650008550008550000000000000100000001000000860180260000092178000000833802600000921780000008338000000000000000000000300000000000000000000000000006360010800570190605002693000000
002011066761894900104152613072000000000027876383440400001050680016850008650008550008550000000000000100000001000000860180260000092178000000833802600000921780000008338000000000000000000000300000000000000000000000000006360010800570190605002693000000
005001066761895500301001161537000000000026723448260400001000150000
005001066761895700301001161537000000000026723448260400001000150000
00200306676189590030100116153700000000002672344826070000300361001685000000000000000000010000000100000086018026000009217800000083380260000092178000000833800000000000000000000006360010800570190605002693000000
002011066761896900109017590524000000000028819103440100001005390016850008650008550008550000000000000100000001000000860180260000092178000000833802600000921780000008338000000000000000000000300000000000000000000000000006360010800570190605002693000000
002011066761905200109008897851000000000010044744400100001011710016850008650008550008550000000000000100000001000000860180260000092178000000833802600000921780000008338000000000000000000000300000000000000000000000000006360010800570190605002693000000
002011066761913400104152736638000000000026876409040400001025190016850008650008550008550000000000000100000001000000860180260000092178000000833802600000921780000008338000000000000000000000300000000000000000000000000006360010800570190605002693000000
002011066761938300104081026935000000000013870107130400001012960016850008650008550008550000000000000100000001000000860180260000092178000000833802600000921780000008338000000000000000000000300000000000000000000000000006360010800570190605002693000000
002011066761943300104164573615000000000022958265040400001024630016850008650008550008550000000000000100000001000000860180260000092178000000833802600000921780000008338000000000000000000000300000000000000000000000000006360010800570190605002693000000
002011066761943900104161325092000000000026237699280400001043470016850016850016850000000000000000000100000001000000860180260000092178000000833802600000921780000008338000000000000000000000000000000000000000000000000006360010800570190605002693000000
00200306676194430030400452549600000000001109347786080000301592001685000000000000000000010000000100000086018026000009217800000083380260000092178000000833800000000000000000000006360010800570190605002693000000
0020020667619454003010009909390000000000395207477801000030000000168500000000168500000001000000010000008601802600000921780000008338026000009217800000083380063600108005701906050026930000
005001066761946400104162284659000000000026761326800400001000150000
005001066761946400104162284659000000000026761326800400001000150000
005001066761946400104162284659000000000026761326800400001000150000
005001066761946600104162284659000000000026761326800400001000150000
002011066761946700104162284659000000000026761326800400001034450016850016850016850000000000000000000100000001000000860180260000092178000000833802600000921780000008338000000000000000000000000000000000000000000000000006360010800570190605002693000000
002011066761951600117038235601000000000006693830130400001045280016850008650008550008550000000000000100000001000000860180260000092178000000833802600000921780000008338000000000000000000000300000000000000000000000000006360010800570190605002693000000
002011066761952200109008875643000000000006642555600100001005700016850008650008550008550000000000000100000001000000860180260000092178000000833802600000921780000008338000000000000000000000300000000000000000000000000006360010800570190605002693000000
002011066761953200104156232821000000000024841659600400001056460016850016850016850000000000000000000100000001000000860180260000092178000000833802600000921780000008338000000000000000000000000000000000000000000000000006360010800570190605002693000000
002011066761959400117007514915000000000038591068510400001046380016850008650008550008550000000000000100000001000000860180260000092178000000833802600000921780000008338000000000000000000000300000000000000000000000000006360010800570190605002693000000
005001066762142600301000990939000000000039520747780400001000150000
00300104000010001200127500000086018026000009217800000083380260000092178000000833806676214290000
00300101000010000400034200000086018026000009217800000083380260000092178000000833806676214290000
00300107000030000100000000000086018026000009217800000083380260000092178000000833806676214290000
00300108000030000100000000000086018026000009217800000083380260000092178000000833806676214290000
00300101000030000100016850000086018026000009217800000083380260000092178000000833806676214290000
001001026000008601800406676214290260000092178000000833802600000921780000008338020230456800100110000
005001066762143000301000990939000000000039520747780400001000150000
001001026000008601800506676214340260000092178000000833802600000921780000008338020230456800100110000
005001066762169300104156427419000000000024853538001023001002300000
005001066762169600104156427419000000000024853538001023001002300000
002011066762169900104156427419000000000024853538000400001000130016850016850016850000000000000000000100000001000000860180260000092178000000833802600000921780000008338000000000000000000000000000000000000000000000000006360010800570190605002693000000
002011066762171200104163758174000000000014953731280400001026050016850008650005950008550000000000000100000001000000860180260000092178000000833802600000921780000008338000000000000000000000300000000000000000000000000006360010800570190605002693000000
002011066762171200104163758174000000000014953731280400001026050016850008650002600008550000000000000100000001000000860180260000092178000000833802600000921780000008338000000000000000000000300000000000000000000000000006360010800570190605002693000000
005001066762171800109076967426000000000029806003921023001002300000
005001066762172100109076967426000000000029806003921023001002300000
002011066762172500109076967426000000000029806003920100001000170016850016850016850000000000000000000100000001000000860180260000092178000000833802600000921780000008338000000000000000000000000000000000000000000000000006360010800570190605002693000000
002011066762173200104088259706000000000018097316560400001000700016850016850016850000000000000000000100000001000000860180260000092178000000833802600000921780000008338000000000000000000000000000000000000000000000000006360010800570190605002693000000
005001066762192100109070410871000000000015538770641023001002300000
002011066762192400109070410871000000000015538770640100001008430016850008650008550008550000000000000100000001000000860180260000092178000000833802600000921780000008338000000000000000000000300000000000000000000000000006360010800570190605002693000000
005001066762197600109166126242000000000007930212560100001000360000
002011066762198000109166126242000000000007930212560100001038330016850008650004250004250008550000000100000001000000860180260000092178000000833802600000921780000008338100000000000000000000300000010000000000000000000106360010800570190605002693000000
002011066762204000104164348085000000000022897034960400001014670016850016850016850000000000000000000100000001000000860180260000092178000000833802600000921780000008338000000000000000000000000000000000000000000000000006360010800570190605002693000000
00200306676226070030400533696400000000001983543298080000300050001685000000000000000000010000000100000086018026000009217800000083380260000092178000000833800000000000000000000006360010800570190605002693000000
00200306676227620030400504134400000000000252236041080000301602001685000000000000000000010000000100000086018026000009217800000083380260000092178000000833800000000000000000000006360010800570190605002693000000
005001066762282700104166069507000000000023494940881023001000150000
002011066762282800104166069507000000000023494940880400001018030016850008650004600004600008550000000100000001000000860180260000092178000000833802600000921780000008338100000000000000000000300000000000000000000000000006360010800570190605002693000000
002011066762292400104151904634000000000024720085200400001021080016850008650004100004100008550000000100000001000000860180260000092178000000833802600000921780000008338100000000000000000000300000000000000000000000000006360010800570190605002693000000
00200306676229310030400487180700000000000322325305080000302584001685000000000000000000010000000100000086018026000009217800000083380260000092178000000833800000000000000000000006360010800570190605002693000000
005001066762294000104167430891000000000024253773521023001002300000
002011066762294300104167430891000000000024253773520400001021720016850008650004100004100008550000000100000001000000860180260000092178000000833802600000921780000008338100000000000000000000300000000000000000000000000006360010800570190605002693000000
002011066762298600109161526668000000000004455765200100001006150016850008650008550008550000000000000100000001000000860180260000092178000000833802600000921780000008338000000000000000000000300000000000000000000000000006360010800570190605002693000000
002011066762321800104085007587000000000016953544400400001008020016850016850016850000000000000000000100000001000000860180260000092178000000833802600000921780000008338000000000000000000000000000000000000000000000000006360010800570190605002693000000
005001066762327700104152085319000000000024527319760400001000150000
005001066762327700104152085319000000000024527319760400001000150000
005001066762327800104152085319000000000024527319761023001002300000
005001066762328000104152085319000000000024527319761023001002300000
005001066762328200104152085319000000000024527319760400001000150000
002011066762328300104152085319000000000024527319760400001018510016850008650004500004500008550000000100000001000000860180260000092178000000833802600000921780000008338100000000000000000000300000000000000000000000000006360010800570190605002693000000
005001066762380300104089582251000000000029341143761023001002300000
002011066762380600104089582251000000000029341143760400001001320016850016850016850000000000000000000100000001000000860180260000092178000000833802600000921780000008338000000000000000000000000000000000000000000000000006360010800570190605002693000000
005001066762412500104086343963000000000019130604241023001002300000
002011066762412800104086343963000000000019130604240400001008070016850016850016850000000000000000000100000001000000860180260000092178000000833802600000921780000008338000000000000000000000000000000000000000000000000006360010800570190605002693000000
005001066762466000104151459959000000000026104947921023001002300000
005001066762466300104151459959000000000026104947921023001002300000
005001066762466500104151459959000000000026104947921022001000150000
005001066762466800104151459959000000000026104947921022001000150000
002011066762467700104151459959000000000026104947920400001000130016850016850006900000000000000000000100000001000000860180260000092178000000833802600000921780000008338000000000000000000000000000000000000000000000000006360010800570190605002693000000
002011066762467700104151459959000000000026104947920400001000130016850016850009950000000000000000000100000001000000860180260000092178000000833802600000921780000008338000000000000000000000000000000000000000000000000006360010800570190605002693000000
005001066762514200301000738113000000000040786011480400001000150000
00300104000010001200161100000086018026000009217800000083380260000092178000000833806676251480000
00300101000010000400042600000086018026000009217800000083380260000092178000000833806676251480000
00300108000030000300000000000086018026000009217800000083380260000092178000000833806676251480000
001001026000008601800406676251480260000092178000000833802600000921780000008338020230456800100010000
005001066762642800301000990939000000000039520747780400001000150000
001001026000008601800506676264320260000092178000000833802600000921780000008338020230456800100010000
002011066762677600109104561719000000000013089866960100001002850016850008650008550008550000000000000100000001000000860180260000092178000000833802600000921780000008338000000000000000000000300000010000000000000000000106360010800570190605002693000000
002011066762678200104149944314000000000025459541200400001002490016850016850016850000000000000000000100000001000000860180260000092178000000833802600000921780000008338000000000000000000000000000000000000000000000000006360010800570190605002693000000
005001066762696200305000446824000000000003196239060400001000150000
005001066762696300305000446824000000000003196239060400001000150000
00200306676269640030500044682400000000000319623906071000300139001685000000000000000000010000000100000086018026000009217800000083380260000092178000000833800000000000000000000006360010800570190605002693000000
002011066762714800109008889891000000000012617959120100001000940016850016850016850000000000000000000100000001000000860180260000092178000000833802600000921780000008338000000000000000000000000000000000000000000000000006360010800570190605002693000000
002011066762740400109109209071000000000015978911440100001005020016850008650008550008550000000000000100000001000000860180260000092178000000833802600000921780000008338000000000000000000000300000000000000000000000000006360010800570190605002693000000
00200306676277370030400487032100000000000455706825080000301059001685000000000000000000010000000100000086018026000009217800000083380260000092178000000833800000000000000000000006360010800570190605002693000000
002011066762774900109058559141000000000005170020560100001001900016850008650008550008550000000000000100000001000000860180260000092178000000833802600000921780000008338000000000000000000000300000000000000000000000000006360010800570190605002693000000
00200306676278100150300238080600000000000572047587061201502192001685000000000000000000010000000100000086018026000009217800000083380260000092178000000833800000000000000000000006360010800570190605002693000000
005001066762790100109054898316000000000017619528401023001002300000
002011066762790400109054898316000000000017619528400100001001920016850008650008550008550000000000000100000001000000860180260000092178000000833802600000921780000008338000000000000000000000300000000000000000000000000006360010800570190605002693000000
002011066762791400104166131466000000000023741522640400001040270016850008650002650008550000000000000100000001000000860180260000092178000000833802600000921780000008338000000000000000000000300000000000000000000000000006360010800570190605002693000000
002011066762791500104166131466000000000023741522640400001040270016850008650005900008550000000000000100000001000000860180260000092178000000833802600000921780000008338000000000000000000000300000000000000000000000000006360010800570190605002693000000
005001066762849000104157643001000000000024886418641023001002300000
002011066762849400104157643001000000000024886418640400001019410016850008650008550008550000000000000100000001000000860180260000092178000000833802600000921780000008338000000000000000000000300000000000000000000000000006360010800570190605002693000000
00200306676286280030400457434900000000001114756362080000302815001685000000000000000000010000000100000086018026000009217800000083380260000092178000000833800000000000000000000006360010800570190605002693000000
00200306676286420150300328645500000000003569867302061201500096001685000000000000000000010000000100000086018026000009217800000083380260000092178000000833800000000000000000000006360010800570190605002693000000
005001066762974000301000990939000000000039520747780400001000150000
00300101000010000500051050000086018026000009217800000083380260000092178000000833806676297430000
00300104000010000300033950000086018026000009217800000083380260000092178000000833806676297430000
00300107100030000100000000000086018026000009217800000083380260000092178000000833806676297430000
00300108000030000200000000000086018026000009217800000083380260000092178000000833806676297430000
00300106120150000200000000000086018026000009217800000083380260000092178000000833806676297430000
001001026000008601800406676297430260000092178000000833802600000921780000008338020230456800100110000
005001066762974400301000990939000000000039520747780400001000150000
001001026000008601800506676297490260000092178000000833802600000921780000008338020230456800100110000
005001066762989400104163975868000000000024359885521023001002300000
002011066762989600104163975868000000000024359885520400001048420016850008650004500004500008550000000100000001000000860180260000092178000000833802600000921780000008338100000000000000000000300000000000000000000000000006360010800570190605002693000000
0020020667629915003010009909390000000000395207477801000030000000168500000000168500000001000000010000008601802600000921780000008338026000009217800000083380063600108005701906050026930000
005001066762992200109069886327000000000009888082641023001002300000
002011066762992500109069886327000000000009888082640100001016330016850008650004500004500008550000000100000001000000860180260000092178000000833802600000921780000008338100000000000000000000300000000000000000000000000006360010800570190605002693000000
0020020667629937003010009909390000000000395207477801000030000000168500000000168500000001000000010000008601802600000921780000008338026000009217800000083380063600108005701906050026930000
002011066762994500117056740265000000000039004385340400001013620016850016850016850000000000000000000100000001000000860180260000092178000000833802600000921780000008338000000000000000000000000000000000000000000000000006360010800570190605002693000000
002011066762995400109127361651000000000001229732560100001019350016850008650004500004500008550000000100000001000000860180260000092178000000833802600000921780000008338100000000000000000000300000010000000000000000000606360010800570190605002693000000
002011066762996200104166769401000000000023713075920400001038340016850008650004500004500008550000000100000001000000860180260000092178000000833802600000921780000008338100000000000000000000300000000000000000000000000006360010800570190605002693000000
002011066762997000109054466106000000000017869776080100001002710016850008650001450001450008550000000100000001000000860180260000092178000000833802600000921780000008338100000000000000000000300000000000000000000000000006360010800570190605002693000000
0020020667629981003010009909390000000000395207477801000030000000168500000000168500000001000000010000008601802600000921780000008338026000009217800000083380063600108005701906050026930000
002011066762998700104163632855000000000016573514960400001065390016850008650001450001450008550000000100000001000000860180260000092178000000833802600000921780000008338100000000000000000000300000000000000000000000000006360010800570190605002693000000
002011066762999500104162233591000000000025110562000400001024290016850008650004500004500008550000000100000001000000860180260000092178000000833802600000921780000008338100000000000000000000300000000000000000000000000006360010800570190605002693000000
005001066763000200104156498162000000000027110050000400001000150000
002011066763000200104156498162000000000027110050000400001000720016850008650004500004500008550000000100000001000000860180260000092178000000833802600000921780000008338100000000000000000000300000000000000000000000000006360010800570190605002693000000
00200306676300080030400375172700000000003385170148080000301004001685000000000000000000010000000100000086018026000009217800000083380260000092178000000833800000000000000000000006360010800570190605002693000000
002011066763002200109078786631000000000028504745680100001000740016850008650004100004100008550000000100000001000000860180260000092178000000833802600000921780000008338100000000000000000000300000000000000000000000000006360010800570190605002693000000
002011066763002800104087870347000000000018438311120400001005350016850008650004100004100008550000000100000001000000860180260000092178000000833802600000921780000008338100000000000000000000300000000000000000000000000006360010800570190605002693000000
002011066763003600104157508803000000000027421727440400001039480016850008650008550008550000000000000100000001000000860180260000092178000000833802600000921780000008338000000000000000000000300000000000000000000000000006360010800570190605002693000000
00200306676300430030400450116300000000001109215450080000306320001685000000000000000000010000000100000086018026000009217800000083380260000092178000000833800000000000000000000006360010800570190605002693000000
0020020667630307003010009909390000000000395207477801000030000000168500000000168500000001000000010000008601802600000921780000008338026000009217800000083380063600108005701906050026930000
002011066763032300104087536341000000000018093911760400001002470016850016850013950000000000000000000100000001000000860180260000092178000000833802600000921780000008338000000000000000000000000000000000000000000000000006360010800570190605002693000000
002011066763032300104087536341000000000018093911760400001002470016850016850002900000000000000000000100000001000000860180260000092178000000833802600000921780000008338000000000000000000000000000000000000000000000000006360010800570190605002693000000
00200306676307100030400397897700000000003442615659080000303042001685000000000000000000010000000100000086018026000009217800000083380260000092178000000833800000000000000000000006360010800570190605002693000000
002011066763091300104082578575000000000007221714640400001005810016850008650004500004500008550000000100000001000000860180260000092178000000833802600000921780000008338100000000000000000000300000000000000000000000000006360010800570190605002693000000
00200306676321860030400525158600000000002523590330080000300031001685000000000000000000010000000100000086018026000009217800000083380260000092178000000833800000000000000000000006360010800570190605002693000000
005001066763357200301000990939000000000039520747780400001000150000
00300104000010001000102800000086018026000009217800000083380260000092178000000833806676335750000
00300101000030000400067400000086018026000009217800000083380260000092178000000833806676335750000
00300101000010000400034600000086018026000009217800000083380260000092178000000833806676335750000
00300108000030000400000000000086018026000009217800000083380260000092178000000833806676335750000
001001026000008601800406676335750260000092178000000833802600000921780000008338020230456800100010000
005001066763357600301000990939000000000039520747780400001000150000
001001026000008601800506676335810260000092178000000833802600000921780000008338020230456800100010000
00200306676338050030400532842200000000001063695330080000300008001685000000000000000000010000000100000086018026000009217800000083380260000092178000000833800000000000000000000006360010800570190605002693000000
0020020667633820003010009909390000000000395207477801000030000000168500000000168500000001000000010000008601802600000921780000008338026000009217800000083380063600108005701906050026930000
00200306676338370050400196419100000000002961808230080000500007001685000000000000000000010000000100000086018026000009217800000083380260000092178000000833800000000000000000000006360010800570190605002693000000
00200306676338470030400434933700000000002517846250080000304584001685000000000000000000010000000100000086018026000009217800000083380260000092178000000833800000000000000000000006360010800570190605002693000000
0020020667633863003010009909390000000000395207477801000030000000168500000000168500000001000000010000008601802600000921780000008338026000009217800000083380063600108005701906050026930000
002011066763387300109166284808000000000005449969360100001007430016850008650008550008550000000000000100000001000000860180260000092178000000833802600000921780000008338000000000000000000000300000000000000000000000000006360010800570190605002693000000
00200306676338810030400390196600000000001011438139080000303801001685000000000000000000010000000100000086018026000009217800000083380260000092178000000833800000000000000000000006360010800570190605002693000000
00200306676341590070400015580100000000000916516949080000703049001685000000000000000000010000000100000086018026000009217800000083380260000092178000000833800000000000000000000006360010800570190605002693000000
00200306676341760070400053992700000000000332870059080000700142001685000000000000000000010000000100000086018026000009217800000083380260000092178000000833800000000000000000000006360010800570190605002693000000
005001066763434200104151022011000000000023850087121023001002300000
002011066763434500104151022011000000000023850087120400001002720016850008650008550008550000000000000100000001000000860180260000092178000000833802600000921780000008338000000000000000000000300000000000000000000000000006360010800570190605002693000000
00200306676347030030400449328400000000003413125876080000302700001685000000000000000000010000000100000086018026000009217800000083380260000092178000000833800000000000000000000006360010800570190605002693000000
002011066763471400104165145749000000000023030613200400001034240016850008650008550008550000000000000100000001000000860180260000092178000000833802600000921780000008338000000000000000000000300000000000000000000000000006360010800570190605002693000000
00200306676347990030400501930600000000001545873122080000300557001685000000000000000000010000000100000086018026000009217800000083380260000092178000000833800000000000000000000006360010800570190605002693000000
005001066763500500304004583224000000000006586254360001003000150000
005001066763500600304004583224000000000006586254360000000000150000
00200306676350070030400458322400000000000658625436080000300501001685000000000000000000010000000100000086018026000009217800000083380260000092178000000833800000000000000000000006360010800570190605002693000000
002011066763508100109124306021000000000003634215120100001024020016850008650008550008550000000000000100000001000000860180260000092178000000833802600000921780000008338000000000000000000000300000000000000000000000000006360010800570190605002693000000
00200306676351590030400530071400000000001983107986080000300064001685000000000000000000010000000100000086018026000009217800000083380260000092178000000833800000000000000000000006360010800570190605002693000000
005001066763516900109057345636000000000011052662481023001002300000
005001066763517100109057345636000000000011052662481023001002300000
002011066763517300109057345636000000000011052662480100001012570016850008650008550008550000000000000100000001000000860180260000092178000000833802600000921780000008338000000000000000000000300000000000000000000000000006360010800570190605002693000000
00200306676352340030400402693700000000001011590443080000310828001685000000000000000000010000000100000086018026000009217800000083380260000092178000000833800000000000000000000006360010800570190605002693000000
00200306676352430030400528180900000000001063586514080000300080001685000000000000000000010000000100000086018026000009217800000083380260000092178000000833800000000000000000000006360010800570190605002693000000
002011066763531800104156236443000000000027512489680400001031750016850008650008550008550000000000000100000001000000860180260000092178000000833802600000921780000008338000000000000000000000300000000000000000000000000006360010800570190605002693000000
005001066763727500301000990939000000000039520747780400001000150000
00300108000030000900000000000086018026000009217800000083380260000092178000000833806676372790000
00300101000030000200033700000086018026000009217800000083380260000092178000000833806676372790000
00300108000050000100000000000086018026000009217800000083380260000092178000000833806676372790000
00300101000010000300025650000086018026000009217800000083380260000092178000000833806676372790000
00300108000070000200000000000086018026000009217800000083380260000092178000000833806676372790000
00300104000010000300025650000086018026000009217800000083380260000092178000000833806676372790000
001001026000008601800406676372790260000092178000000833802600000921780000008338020230456800100110000
005001066763727900301000990939000000000039520747780400001000150000
001001026000008601800506676372840260000092178000000833802600000921780000008338020230456800100110000
002011066763743500104164081216000000000023141049040400001016490016850016850016850000000000000000000100000001000000860180260000092178000000833802600000921780000008338000000000000000000000000000000000000000000000000006360010800570190605002693000000
00200306676374410030400465508100000000000519837123080000300898001685000000000000000000010000000100000086018026000009217800000083380260000092178000000833800000000000000000000006360010800570190605002693000000
00200306676374490150300254127300000000002051712428061201500879001685000000000000000000010000000100000086018026000009217800000083380260000092178000000833800000000000000000000006360010800570190605002693000000
0020020667637457003010009909390000000000395207477801000030000000168500000000168500000001000000010000008601802600000921780000008338026000009217800000083380063600108005701906050026930000
0020020667637486003010009909390000000000395207477801000030000000168500000000168500000001000000010000008601802600000921780000008338026000009217800000083380063600108005701906050026930000
00200306676374930030400516579500000000003533699078080000300597001685000000000000000000010000000100000086018026000009217800000083380260000092178000000833800000000000000000000006360010800570190605002693000000
00200306676375090030400501065100000000000456122809080000300297001685000000000000000000010000000100000086018026000009217800000083380260000092178000000833800000000000000000000006360010800570190605002693000000
005001066763752100109078060011000000000034102354641023001002300000
002011066763752300109078060011000000000034102354640100001000900016850008650008550008550000000000000100000001000000860180260000092178000000833802600000921780000008338000000000000000000000300000000000000000000000000006360010800570190605002693000000
00200306676375310030400393170900000000003442629339080000304435001685000000000000000000010000000100000086018026000009217800000083380260000092178000000833800000000000000000000006360010800570190605002693000000
00200306676375480030400504860800000000000252995209080000300202001685000000000000000000010000000100000086018026000009217800000083380260000092178000000833800000000000000000000006360010800570190605002693000000
0020020667637608003010009909390000000000395207477801000030000000168500000000168500000001000000010000008601802600000921780000008338026000009217800000083380063600108005701906050026930000
002011066763761800109124305459000000000004174201040100001037070016850008650004500004500008550000000100000001000000860180260000092178000000833802600000921780000008338100000000000000000000300000010000000000000000000206360010800570190605002693000000
002011066763762700104149941455000000000024590771920400001001400016850016850016850000000000000000000100000001000000860180260000092178000000833802600000921780000008338000000000000000000000000000000000000000000000000006360010800570190605002693000000
002011066763763300109106567862000000000010470787280100001004440016850008650004500004500008550000000100000001000000860180260000092178000000833802600000921780000008338100000000000000000000300000000000000000000000000006360010800570190605002693000000
00200306676376400030400480800500000000000456401465080000303403001685000000000000000000010000000100000086018026000009217800000083380260000092178000000833800000000000000000000006360010800570190605002693000000
00200306676376540030400357674700000000003390348774080000304232001685000000000000000000010000000100000086018026000009217800000083380260000092178000000833800000000000000000000006360010800570190605002693000000
002011066763766600104080460951000000000007540791770400001003840016850016850009350000000000000000000100000001000000860180260000092178000000833802600000921780000008338000000000000000000000019300000000000000000000000006360010800570190605002693000000
002011066763766600104080460951000000000007540791770400001003840016850016850007500000000000000000000100000001000000860180260000092178000000833802600000921780000008338000000000000000000000019300000000000000000000000006360010800570190605002693000000
002011066763767300109124355669000000000005864356560100001014230016850008650004500004500008550000000100000001000000860180260000092178000000833802600000921780000008338100000000000000000000300000000000000000000000000006360010800570190605002693000000
005001066763769400301001158935000000000035719500380400001000150000
005001066763769900301001158935000000000035719500380400001000150000
00200306676377000030100115893500000000003571950038070000300061001685000000000000000000010000000100000086018026000009217800000083380260000092178000000833800000000000000000000006360010800570190605002693000000
002011066763771100104162268106000000000026692122320400001017980016850016850007950000000000000000000100000001000000860180260000092178000000833802600000921780000008338000000000000000000000000000000000000000000000000006360010800570190605002693000000
002011066763771100104162268106000000000026692122320400001017980016850016850008900000000000000000000100000001000000860180260000092178000000833802600000921780000008338000000000000000000000000000000000000000000000000006360010800570190605002693000000
0020020667637735003010009909390000000000395207477801000030000000168500000000168500000001000000010000008601802600000921780000008338026000009217800000083380063600108005701906050026930000
005001066763773900301001135366000000000008714224730400001000150000
005001066763774200301001135366000000000008714224730400001000150000
00200306676377440030100113536600000000000871422473070000300477001685000000000000000000010000000100000086018026000009217800000083380260000092178000000833800000000000000000000006360010800570190605002693000000
00200306676383420030400381969100000000003442759291080000304023001685000000000000000000010000000100000086018026000009217800000083380260000092178000000833800000000000000000000006360010800570190605002693000000
005001066763881100104152874984000000000026882092241023001002300000
002011066763881400104152874984000000000026882092240400001034020016850008650004600004600008550000000100000001000000860180260000092178000000833802600000921780000008338100000000000000000000300000000000000000000000000006360010800570190605002693000000
002011066763882200104087140977000000000015291853520400001003700016850008650000790004600008550000000100000001000000860180260000092178000000833802600000921780000008338100000000000000000000300000000000000000000000000006360010800570190605002693000000
002011066763882200104087140977000000000015291853520400001003700016850008650003810004600008550000000100000001000000860180260000092178000000833802600000921780000008338100000000000000000000300000000000000000000000000006360010800570190605002693000000
00200306676388890030400495493100000000000454037641080000300721001685000000000000000000010000000100000086018026000009217800000083380260000092178000000833800000000000000000000006360010800570190605002693000000
002011066763921300109056229039000000000005404767440100001003050016850008650004600004600008550000000100000001000000860180260000092178000000833802600000921780000008338100000000000000000000300000000000000000000000000106360010800570190605002693000000
002011066763924100104162296258000000000027722709200400001034250016850008650004500004500008550000000100000001000000860180260000092178000000833802600000921780000008338100000000000000000000300000000000000000000000000006360010800570190605002693000000
005001066763931300104163944083000000000022763797201023001002300000
002011066763931600104163944083000000000022763797200400001057690016850008650004500004500008550000000100000001000000860180260000092178000000833802600000921780000008338100000000000000000000300000000000000000000000000006360010800570190605002693000000
005001066763932600109054023085000000000017013276881023001002300000
002011066763933400109054023085000000000017013276880100001000800016850008650004500004500008550000000100000001000000860180260000092178000000833802600000921780000008338100000000000000000000300000000000000000000000000006360010800570190605002693000000
005001066764136800301000990939000000000039520747780400001000150000
00300104000010000800102000000086018026000009217800000083380260000092178000000833806676413710000
00300108000030000900000000000086018026000009217800000083380260000092178000000833806676413710000
00300106120150000100000000000086018026000009217800000083380260000092178000000833806676413710000
00300101000030000400067400000086018026000009217800000083380260000092178000000833806676413710000
00300101000010000600051800000086018026000009217800000083380260000092178000000833806676413710000
00300107000030000200000000000086018026000009217800000083380260000092178000000833806676413710000
001001026000008601800406676413710260000092178000000833802600000921780000008338020230456800100010000
005001066764137300301000990939000000000039520747780400001000150000
005001066764137400301000990939000000000039520747781011003000150000
005001066764137500301000990939000000000039520747780400001000150000
001001026000008601800306676413780260000092178000000833802600000921780000008338020230456800100010000
02000100106676422730030100099093900000000003952074778026000009217800000083380147901000008601802600000921780000008338026000009217800000083380000
0210010300310000086018026000009217800000083380260000092178000000833806676422730000
0210010400170000086018026000009217800000083380260000092178000000833806676422730000
0210010500010000086018026000009217800000083380260000092178000000833806676422730000
0210010800030000086018026000009217800000083380260000092178000000833806676422730000
0210010900030000086018026000009217800000083380260000092178000000833806676422730000
0210011800020000086018026000009217800000083380260000092178000000833806676422730000
0210012500550000086018026000009217800000083380260000092178000000833806676422730000
010001001026000009217800000083380000086018066764227300500000
001001026000008601800206676422820260000092178000000833800000000000000000000000020230456800100010000
010001001026000009217800000083380000086018066764228900400000
001001026000008601800106676422940000000092178000000000000000000000000000000000020230456800100010000
03400667617344000008601800005C06676173440667621429000008601804568I00000921780000092178010000011000855000000001000000010100000040016850000000010000000104000001300085500000000100000001040000004001685000000001000000010700000010000000000000010000000108000001500000000000000100000001
03400667621434000008601800005C06676214340667625148000008601804568V00000921780000092178010000001000425100000001000000010100000030008550000000010000000101000000900168500000000100000001040000009001685000000001000000010400000030004101000000010000000104000000800045010000000100000001040000001000690000000001000000010400000010009950000000010000000104000000100026000000000100000001040000001000595000000001000000010400000020004601000000010000000108000001600000000000000100000001080000016000000000000001000000010800000160000000000000010000000108000001600000000000000100000001080000016000000000000001000000010800000160000000000000010000000108000001600000000000000100000001080000016000000000000001000000010800000160000000000000010000000108000001600000000000000100000001
