1000020260000086025005063600113503259900550032490000
001001026000008602500206676506940000000091955000000000000000000000000000000000020590460400100000000
010001001026000009195500000002800000086025066765070100100000
010001001026000009195500000002800000086025066765071100200000
001001026000008602500306676507160260000091955000000028002600000919550000000280020590460400100020000
001001026000008602500406676507220260000091955000000028002600000919550000000280020590460400100020000
005001066765072400301001039987000000000034748288540400001000150000
001001026000008602500506676507280260000091955000000028002600000919550000000280020590460400100020000
005001066765142900301001115471000000000024751613170400001000150000
005001066765143300301001115471000000000024751613170400001000150000
00200306676514350030100111547100000000002475161317070000301312001685000000000000000000010000000100000086025026000009195500000002800260000091955000000028000000000000000000000006360011350325990055003249000000
00200306676515420030400468391100000000000656902060080000301570001685000000000000000000010000000100000086025026000009195500000002800260000091955000000028000000000000000000000006360011350325990055003249000000
002011066765174800104088834361000000000029320758480400001006480016850008650008550008550000000000000100000001000000860250260000091955000000028002600000919550000000280000000000000000000000300000000000000000000000000006360011350325990055003249000000
005001066765189000104162677081000000000025064799441023001002300000
002011066765189300104162677081000000000025064799440400001056720016850008650008550008550000000000000100000001000000860250260000091955000000028002600000919550000000280000000000000000000000300000000000000000000000000006360011350325990055003249000000
005001066765222801503002070009000000000034431583630614015000840000
00200306676522280150300207000900000000003443158363061301502984001685000000000000000000010000000100000086025026000009195500000002800260000091955000000028000000000000000000000006360011350325990055003249000000
0020020667652237015030020700090000000000344315836306140150225700168500000000000000000001000000010000008602502600000919550000000280026000009195500000002800063600113503259900550032490000
002011066765224500104153142391000000000027749363920400001009800016850008650000550008550000000000000100000001000000860250260000091955000000028002600000919550000000280000000000000000000000300000000000000000000000000006360011350325990055003249000000
002011066765224500104153142391000000000027749363920400001009800016850008650008000008550000000000000100000001000000860250260000091955000000028002600000919550000000280000000000000000000000300000000000000000000000000006360011350325990055003249000000
002011066765284300104166709531000000000023530747600400001034970016850008650008550008550000000000000100000001000000860250260000091955000000028002600000919550000000280000000000000000000000300000000000000000000000000006360011350325990055003249000000
005001066765344900301001139949000000000002526383130400001000150000
005001066765345100301001139949000000000002526383130400001000150000
00200306676534530030100113994900000000000252638313070000300086001685000000000000000000010000000100000086025026000009195500000002800260000091955000000028000000000000000000000006360011350325990055003249000000
005001066765373900301001102476000000000004561904410400001000150000
005001066765374200301001102476000000000004561904410400001000150000
00200306676537440030100110247600000000000456190441070000301753001685000000000000000000010000000100000086025026000009195500000002800260000091955000000028000000000000000000000006360011350325990055003249000000
002011066765380800104087619911000000000016735872720400001002680016850008650008550008550000000000000100000001000000860250260000091955000000028002600000919550000000280000000000000000000000300000000000000000000000000006360011350325990055003249000000
002011066765409300104088769623000000000029354368720400001003730016850016850016850000000000000000000100000001000000860250260000091955000000028002600000919550000000280000000000000000000000000000000000000000000000000006360011350325990055003249000000
005001066765432100104156401576000000000027109133521023001002300000
002011066765432300104156401576000000000027109133520400001000990016850008650008550008550000000000000100000001000000860250260000091955000000028002600000919550000000280000000000000000000000300000000000000000000000000006360011350325990055003249000000
005001066765521100301001039987000000000034748288540400001000150000
00300107000030000300000000000086025026000009195500000002800260000091955000000028006676552140000
00300108000030000100000000000086025026000009195500000002800260000091955000000028006676552140000
00300104000010000700068150000086025026000009195500000002800260000091955000000028006676552140000
00300106130150000100000000000086025026000009195500000002800260000091955000000028006676552140000
00300106140150000100000000000086025026000009195500000002800260000091955000000028006676552140000
001001026000008602500406676552140260000091955000000028002600000919550000000280020590460400100120000
002011066765571200104164111174000000000023378120400400001019890016850008650000200008550000000000000100000001000000860250260000091955000000028002600000919550000000280000000000000000000000300000000000000000000000000006360011350325990055003249000000
002011066765571200104164111174000000000023378120400400001019890016850008650008350008550000000000000100000001000000860250260000091955000000028002600000919550000000280000000000000000000000300000000000000000000000000006360011350325990055003249000000
0020020667655718003010010399870000000000347482885401000030000000168500000000168500000001000000010000008602502600000919550000000280026000009195500000002800063600113503259900550032490000
002011066765572700109063725372000000000011410627280100001009010016850008650008550008550000000000000100000001000000860250260000091955000000028002600000919550000000280000000000000000000000300000000000000000000000000006360011350325990055003249000000
002011066765573400117054666122000000000031500974580400001009420016850008650004500004500008550000000100000001000000860250260000091955000000028002600000919550000000280100000000000000000000300000000000000000000000000006360011350325990055003249000000
002011066765574200104164887873000000000024139269840400001010420016850008650004500004500008550000000100000001000000860250260000091955000000028002600000919550000000280100000000000000000000300000000000000000000000000006360011350325990055003249000000
0020020667655748003010010399870000000000347482885401000030000000168500000000168500000001000000010000008602502600000919550000000280026000009195500000002800063600113503259900550032490000
002011066765575700104152591036000000000026126426320400001118270016850008650000000000000008550000000100000001000000860250260000091955000000028002600000919550000000280100000000000000000000300000000000000000000000000006360011350325990055003249000000
0020020667655792003010010399870000000000347482885401000030000000168500000000168500000001000000010000008602502600000919550000000280026000009195500000002800063600113503259900550032490000
005001066765580300301001039987000000000034748288540400001000150000
00300104000010000400034500000086025026000009195500000002800260000091955000000028006676558080000
00300101000030000300050550000086025026000009195500000002800260000091955000000028006676558080000
00300101000010000100008550000086025026000009195500000002800260000091955000000028006676558080000
001001026000008602500506676558080260000091955000000028002600000919550000000280020590460400100120000
005001066765714300109070791504000000000014415140561023001002300000
005001066765714500109070791504000000000014415140560100001000360000
002011066765714900109070791504000000000014415140560100001002270016850008650004100004100008550000000100000001000000860250260000091955000000028002600000919550000000280100000000000000000000300000000000000000000000000006360011350325990055003249000000
005001066765989400301001039987000000000034748288540001003000150000
005001066765989600301001039987000000000034748288540400001000150000
00300101000010000100008650000086025026000009195500000002800260000091955000000028006676598990000
001001026000008602500406676598990260000091955000000028002600000919550000000280020590460400100020000
005001066765990100301001039987000000000034748288540400001000150000
001001026000008602500506676599060260000091955000000028002600000919550000000280020590460400100020000
0020020667662656003010010399870000000000347482885401000030000000168500000000168500000001000000010000008602502600000919550000000280026000009195500000002800063600113503259900550032490000
005001066766274700104084038829000000000009133507280400001000150000
005001066766274700104084038829000000000009133507280400001000150000
002011066766275400104084038829000000000009133507280400001005540016850008650008550008550000000000000100000001000000860250260000091955000000028002600000919550000000280000000000000000000000300000000000000000000000000006360011350325990055003249000000
002011066766289200104085323926000000000016844032720400001005950016850008650008550008550000000000000100000001000000860250260000091955000000028002600000919550000000280000000000000000000000300000000000000000000000000006360011350325990055003249000000
002011066766298300104162579179000000000025081646800400001028320016850016850016850000000000000000000100000001000000860250260000091955000000028002600000919550000000280000000000000000000000000000000000000000000000000006360011350325990055003249000000
005001066766299600109015970311000000000032176374481023001002300000
002011066766299900109015970311000000000032176374480100001001690016850008650008550008550000000000000100000001000000860250260000091955000000028002600000919550000000280000000000000000000000300000000000000000000000000006360011350325990055003249000000
005001066766307300104082058008000000000000880720081023001002300000
002011066766307500104082058008000000000000880720080400001004460016850008650008550008550000000000000100000001000000860250260000091955000000028002600000919550000000280000000000000000000000300000000000000000000000000006360011350325990055003249000000
0020020667663084003010010399870000000000347482885401000030000000168500000000168500000001000000010000008602502600000919550000000280026000009195500000002800063600113503259900550032490000
0020020667663101003010010399870000000000347482885401000030000000168500000000168500000001000000010000008602502600000919550000000280026000009195500000002800063600113503259900550032490000
002011066766314100109056344377000000000016437640400100001001210016850008650008550008550000000000000100000001000000860250260000091955000000028002600000919550000000280000000000000000000000300000000000000000000000000006360011350325990055003249000000
0020020667663172003010010399870000000000347482885401000030000000168500000000168500000001000000010000008602502600000919550000000280026000009195500000002800063600113503259900550032490000
005001066766324901503003258524000000000010633402580614015000840000
00200306676632500150300325852400000000001063340258061301500188001685000000000000000000010000000100000086025026000009195500000002800260000091955000000028000000000000000000000006360011350325990055003249000000
00200306676633360030400409150100000000002659828883080000304651001685000000000000000000010000000100000086025026000009195500000002800260000091955000000028000000000000000000000006360011350325990055003249000000
002011066766335100109069875945000000000014378499280100001006830016850008650008550008550000000000000100000001000000860250260000091955000000028002600000919550000000280000000000000000000000300000010000000000000000000106360011350325990055003249000000
00200306676633590030400493390100000000000323569049080000300209001685000000000000000000010000000100000086025026000009195500000002800260000091955000000028000000000000000000000006360011350325990055003249000000
00200306676633690030400523099600000000004147235435080000300159001685000000000000000000010000000100000086025026000009195500000002800260000091955000000028000000000000000000000006360011350325990055003249000000
002011066766337900104162680414000000000027708782800400001013300016850008650008550008550000000000000100000001000000860250260000091955000000028002600000919550000000280000000000000000000000300000000000000000000000000006360011350325990055003249000000
005001066766338500104158943015000000000026853322961023001002300000
005001066766338800104158943015000000000026853322961023001002300000
005001066766339100104158943015000000000026853322961023001002300000
002011066766339700104158943015000000000026853322960400001068320016850008650008550008550000000000000100000001000000860250260000091955000000028002600000919550000000280000000000000000000000300000000000000000000000000006360011350325990055003249000000
0020020667663562003010010399870000000000347482885401000030000000168500000000000000000001000000011000008602502600000919550000000280026000009195500000002800063600113503259900550032490000
0040010306676635770000
0020020667663582003010010399870000000000347482885401000030000000168500000000168500000001000000010000008602502600000919550000000280026000009195500000002800063600113503259900550032490000
002011066766359700109126531308000000000003186729680100001031290016850008650008550008550000000000000100000001000000860250260000091955000000028002600000919550000000280000000000000000000000300000010000000000000000000106360011350325990055003249000000
002011066766375300104150989131000000000024563185360400001041350016850008650008550008550000000000000100000001000000860250260000091955000000028002600000919550000000280000000000000000000000300000000000000000000000000006360011350325990055003249000000
00200306676638120030400374178100000000003489695564080000302254001685000000000000000000010000000100000086025026000009195500000002800260000091955000000028000000000000000000000006360011350325990055003249000000
002011066766385400109106719611000000000013045996240100001000990016850008650008550008550000000000000100000001000000860250260000091955000000028002600000919550000000280000000000000000000000300000000000000000000000000006360011350325990055003249000000
002011066766398200117059124697000000000042402795430400001019650016850008650008550008550000000000000100000001000000860250260000091955000000028002600000919550000000280000000000000000000000300000000000000000000000000006360011350325990055003249000000
002011066766408200109125107677000000000006267405520100001016650016850008650008550008550000000000000100000001000000860250260000091955000000028002600000919550000000280000000000000000000000300000000000000000000000000006360011350325990055003249000000
005001066766441000104151250642000000000023854746321023001002300000
002011066766441200104151250642000000000023854746320400001001140016850016850016850000000000000000000100000001000000860250260000091955000000028002600000919550000000280000000000000000000000000000000000000000000000000006360011350325990055003249000000
00200306676646900030500041569400000000000959743689071000300534001685000000000000000000010000000100000086025026000009195500000002800260000091955000000028000000000000000000000006360011350325990055003249000000
0020020667664746003010010399870000000000347482885401000030000000168500000000168500000001000000010000008602502600000919550000000280026000009195500000002800063600113503259900550032490000
005001066766475200109055023437000000000014909064401022001000150000
002011066766475500109055023437000000000014909064400100001002450016850008650008550008550000000000000100000001000000860250260000091955000000028002600000919550000000280000000000000000000000300000000000000000000000000006360011350325990055003249000000
002011066766482700104163789509000000000024075441360400001023900016850008650008550008550000000000000100000001000000860250260000091955000000028002600000919550000000280000000000000000000000300000000000000000000000000006360011350325990055003249000000
002011066766575200117051453391000000000024608918610400001026400016850008650008550008550000000000000100000001000000860250260000091955000000028002600000919550000000280000000000000000000000300000000000000000000000000006360011350325990055003249000000
005001066766723800301001039987000000000034748288540400001000150000
00300101000030000600101100000086025026000009195500000002800260000091955000000028006676672410000
00300104000010001100110650000086025026000009195500000002800260000091955000000028006676672410000
00300101000010000700059850000086025026000009195500000002800260000091955000000028006676672410000
00300106130150000100000000000086025026000009195500000002800260000091955000000028006676672410000
00300108000030000400000000000086025026000009195500000002800260000091955000000028006676672410000
00300107100030000100000000000086025026000009195500000002800260000091955000000028006676672410000
001001026000008602500406676672410260000091955000000028002600000919550000000280020590460400100120000
00200306676678960030400410683300000000000572104771080000303056001685000000000000000000010000000100000086025026000009195500000002800260000091955000000028000000000000000000000006360011350325990055003249000000
005001066766790700109160690286000000000000093555921023001002300000
005001066766791100109160690286000000000000093555920100001000150000
002011066766791500109160690286000000000000093555920100001000500016850008650004500004500008550000000100000001000000860250260000091955000000028002600000919550000000280100000000000000000000300000000000000000000000000006360011350325990055003249000000
00200306676679240030400433097100000000002679643283080000301266001685000000000000000000010000000100000086025026000009195500000002800260000091955000000028000000000000000000000006360011350325990055003249000000
002011066766793500104162660881000000000025187088080400001029680016850008650004500004500008550000000100000001000000860250260000091955000000028002600000919550000000280100000000000000000000300000000000000000000000000006360011350325990055003249000000
0020020667667951003010010399870000000000347482885401000030000000168500000000168500000001000000010000008602502600000919550000000280026000009195500000002800063600113503259900550032490000
005001066766795600109107674361000000000012884754641023001002300000
002011066766796300109107674361000000000012884754640100001000510016850008650004500004500008550000000100000001000000860250260000091955000000028002600000919550000000280100000000000000000000300000000000000000000000000006360011350325990055003249000000
005001066766797400109076929338000000000031696909521023001002300000
002011066766797900109076929338000000000031696909520100001000120016850008650000000000000008550000000100000001000000860250260000091955000000028002600000919550000000280100000000000000000000300000000000000000000000000006360011350325990055003249000000
002011066766799200109104507366000000000009690770640100001001420016850008650000000000000008550000000100000001000000860250260000091955000000028002600000919550000000280100000000000000000000300000000000000000000000000006360011350325990055003249000000
002011066766800000104164566104000000000023108787920400001060150016850008650004250004250008550000000100000001000000860250260000091955000000028002600000919550000000280100000000000000000000300000000000000000000000000006360011350325990055003249000000
002011066766800700104083884793000000000009148534480400001016100016850008650004500004500008550000000100000001000000860250260000091955000000028002600000919550000000280100000000000000000000300000000000000000000000000006360011350325990055003249000000
002011066766801800104157688984000000000026945114320400001000020016850016850016850000000000000000000100000001000000860250260000091955000000028002600000919550000000280000000000000000000000000000000000000000000000000006360011350325990055003249000000
005001066766802500104089152085000000000034936131281023001002300000
002011066766802800104089152085000000000034936131280400001000690016850016850016850000000000000000000100000001000000860250260000091955000000028002600000919550000000280000000000000000000000000000000000000000000000000006360011350325990055003249000000
005001066766803400301001039987000000000034748288540400001000150000
00300108000030000200000000000086025026000009195500000002800260000091955000000028006676680390000
00300101000010000400034600000086025026000009195500000002800260000091955000000028006676680390000
00300104000010000500059650000086025026000009195500000002800260000091955000000028006676680390000
00300101000030000100016850000086025026000009195500000002800260000091955000000028006676680390000
001001026000008602500506676680390260000091955000000028002600000919550000000280020590460400100120000
00200306676680440030500025034200000000002289728843071000303033001685000000000000000000010000000100000086025026000009195500000002800260000091955000000028000000000000000000000006360011350325990055003249000000
005001066766811500104088858456000000000029328574160400001000150000
005001066766811600104088858456000000000029328574160400001000360000
002011066766811900104088858456000000000029328574160400001005990016850008650004500004500008550000000100000001000000860250260000091955000000028002600000919550000000280100000000000000000000300000000000000000000000000006360011350325990055003249000000
002011066766839400104165634774000000000023008010960400001022030016850008650008550008550000000000000100000001000000860250260000091955000000028002600000919550000000280000000000000000000000300000000000000000000000000006360011350325990055003249000000
00200306676698030030100114399700000000000454426073070100300731001685000000000000000000010000000100000086025026000009195500000002800260000091955000000028000000000000000000000006360011350325990055003249000000
00200306676702870150300299611400000000002659415939061201500539001685000000000000000000010000000100000086025026000009195500000002800260000091955000000028000000000000000000000006360011350325990055003249000000
002011066767087200104084010908000000000009347397840400001010610016850008650008550008550000000000000100000001000000860250260000091955000000028002600000919550000000280000000000000000000000300000000000000000000000000006360011350325990055003249000000
005001066767217700301001039987000000000034748288540400001000150000
00300107100030000100000000000086025026000009195500000002800260000091955000000028006676721810000
00300104000010000300025750000086025026000009195500000002800260000091955000000028006676721810000
00300107010030000100000000000086025026000009195500000002800260000091955000000028006676721810000
00300106120150000100000000000086025026000009195500000002800260000091955000000028006676721810000
001001026000008602500406676721810260000091955000000028002600000919550000000280020590460400100020000
005001066767218200301001039987000000000034748288540400001000150000
001001026000008602500506676721870260000091955000000028002600000919550000000280020590460400100020000
005001066767336800104152592873000000000026159880401023001002300000
005001066767337100104152592873000000000026159880401023001002300000
002011066767337800104152592873000000000026159880400400001130480016850008650008550008550000000000000100000001000000860250260000091955000000028002600000919550000000280000000000000000000000300000000000000000000000000006360011350325990055003249000000
002011066767388900109053259646000000000017946683600100001015480016850008650008550008550000000000000100000001000000860250260000091955000000028002600000919550000000280000000000000000000000300000000000000000000000000006360011350325990055003249000000
002011066767389300104086430981000000000023761854160400001004660016850016850016850000000000000000000100000001000000860250260000091955000000028002600000919550000000280000000000000000000000000000000000000000000000000006360011350325990055003249000000
002011066767390100109108832466000000000018359929040100001015450016850008650008550008550000000000000100000001000000860250260000091955000000028002600000919550000000280000000000000000000000300000000000000000000000000006360011350325990055003249000000
002011066767390800104163877131000000000022988337360400001011410016850016850016850000000000000000000100000001000000860250260000091955000000028002600000919550000000280000000000000000000000000000000000000000000000000006360011350325990055003249000000
002011066767392200109106920686000000000013799972560100001021080016850008650008550008550000000000000100000001000000860250260000091955000000028002600000919550000000280000000000000000000000300000000000000000000000000006360011350325990055003249000000
002011066767466700104165911107000000000023153344720400001029690016850008650008550008550000000000000100000001000000860250260000091955000000028002600000919550000000280000000000000000000000300000000000000000000000000006360011350325990055003249000000
002011066767467200104157321142000000000026577421520400001048050016850008650008550008550000000000000100000001000000860250260000091955000000028002600000919550000000280000000000000000000000300000000000000000000000000006360011350325990055003249000000
0020020667674931003010010399870000000000347482885401000030000000168500000000168500000001000000010000008602502600000919550000000280026000009195500000002800063600113503259900550032490000
005001066767493800104087536341000000000018093911761023001002300000
002011066767494000104087536341000000000018093911760400001002480016850016850016850000000000000000000100000001000000860250260000091955000000028002600000919550000000280000000000000000000000000000000000000000000000000006360011350325990055003249000000
005001066767683600301001039987000000000034748288540400001000150000
00300104000010000600076200000086025026000009195500000002800260000091955000000028006676768390000
00300101000010000300025650000086025026000009195500000002800260000091955000000028006676768390000
00300101000030000100016850000086025026000009195500000002800260000091955000000028006676768390000
001001026000008602500406676768390260000091955000000028002600000919550000000280020590460400100120000
002011066767686400104165933712000000000023997095120400001047940016850008650008550008550000000000000100000001000000860250260000091955000000028002600000919550000000280000000000000000000000300000000000000000000000000006360011350325990055003249000000
002011066767687000104165706058000000000023268066000400001040370016850008650008550008550000000000000100000001000000860250260000091955000000028002600000919550000000280000000000000000000000300000000000000000000000000006360011350325990055003249000000
002011066767688000104156236443000000000027512489680400001031760016850008650008550008550000000000000100000001000000860250260000091955000000028002600000919550000000280000000000000000000000300000000000000000000000000006360011350325990055003249000000
005001066767698900301001159346000000000035700769340400001000150000
005001066767699200301001159346000000000035700769340400001000150000
00200306676769940030100115934600000000003570076934070000300407001685000000000000000000010000000100000086025026000009195500000002800260000091955000000028000000000000000000000006360011350325990055003249000000
002011066767700300104083571582000000000011913728720400001013570016850008650008550008550000000000000100000001000000860250260000091955000000028002600000919550000000280000000000000000000000300000000000000000000000000006360011350325990055003249000000
005001066767700900301001165443000000000008915983770400001000150000
005001066767701200301001165443000000000008915983770400001000150000
00200306676770130030100116544300000000000891598377070000300032001685000000000000000000010000000100000086025026000009195500000002800260000091955000000028000000000000000000000006360011350325990055003249000000
005001066767724300301001163513000000000025252980420400001000150000
005001066767724600301001163513000000000025252980420400001000150000
00200306676772470030100116351300000000002525298042070000300226001685000000000000000000010000000100000086025026000009195500000002800260000091955000000028000000000000000000000006360011350325990055003249000000
005001066767747900301001129528000000000008714664090400001000150000
005001066767748200301001129528000000000008714664090400001000150000
00200306676774840030100112952800000000000871466409070000301629001685000000000000000000010000000100000086025026000009195500000002800260000091955000000028000000000000000000000006360011350325990055003249000000
005001066767757100104084776781000000000019290701521023001002300000
005001066767757300104084776781000000000019290701521023001002300000
005001066767757400104084776781000000000019290701521023001002300000
005001066767757700104084776781000000000019290701521022001000150000
002011066767758000104084776781000000000019290701520400001006150016850008650004500004500008550000000100000001000000860250260000091955000000028002600000919550000000280100000000000000000000300000000000000000000000000006360011350325990055003249000000
002011066767812300117058419499000000000010707785770400001021800016850008650008550008550000000000000100000001000000860250260000091955000000028002600000919550000000280000000000000000000000300000000000000000000000000006360011350325990055003249000000
005001066767854600104150529597000000000023900936401023001002300000
002011066767854800104150529597000000000023900936400400001005670016850008650004500004500008550000000100000001000000860250260000091955000000028002600000919550000000280100000000000000000000300000000000000000000000000006360011350325990055003249000000
005001066768058800301001039987000000000034748288540400001000150000
00300104000010000700060050000086025026000009195500000002800260000091955000000028006676805910000
00300107000030000400000000000086025026000009195500000002800260000091955000000028006676805910000
001001026000008602500306676805910260000091955000000028002600000919550000000280020590460400100120000
02000100106676822160030100103998700000000003474828854026000009195500000002800044601000008602502600000919550000000280026000009195500000002800000
0210010300070000086025026000009195500000002800260000091955000000028006676822160000
0210010400080000086025026000009195500000002800260000091955000000028006676822160000
0210010500020000086025026000009195500000002800260000091955000000028006676822160000
0210010800080000086025026000009195500000002800260000091955000000028006676822160000
0210010900010000086025026000009195500000002800260000091955000000028006676822160000
0210011000020000086025026000009195500000002800260000091955000000028006676822160000
0210011100010000086025026000009195500000002800260000091955000000028006676822160000
0210012500510000086025026000009195500000002800260000091955000000028006676822160000
010001001026000009195500000002800000086025066768221600500000
001001026000008602500206676822190260000091955000000028000000000000000000000000020590460400100120000
010001001026000009195500000002800000086025066768222600400000
001001026000008602500106676822320000000091955000000000000000000000000000000000020590460400100120000
03400667655214000008602500004T06676552140667655808000008602504604V00000919550000091955010000001000855000000001000000010100000040016850000000010000000104000000100000010000000100000001040000006000450100000001000000010400000010008350000000010000000104000000100002000000000100000001
03400667650728000008602500005C06676507280667655214000008602504604I000009195500000919550400000170008550000000010000000104000000600168500000000100000001040000001000800000000001000000010400000010000550000000010000000106130000200000000000000100000001061400001000000000000001000000010700000030000000000000010000000108000000500000000000000100000001
03400667655808000008602500005C06676558080667659899000008602504604V0000091955000009195501000000100041010000000100000001
