1000020260000086097005063600108048971127380017640000
001001026000008609700206676273030000000078938000000000000000000000000000000000000000000000000000000
010001001026000007893800000075820000086097066762731200100000
010001001026000007893800000075820000086097066762732100200000
001001026000008609700306676273240260000078938000000758202600000789380000007582000000000000000010000
001001026000008609700406676279810260000078938000000758202600000789380000007582020280457300100010000
001001026000008609700506676292690260000078938000000758202600000789380000007582020280457300100010000
002011066762930100109129752399000000000010932332240100001005930025000012250008550008550000000000000100000001000000860970260000078938000000758202600000789380000007582000000000000000000000300000010000000000000000000706360010804897112738001764000000
002011066762931300109162468246000000000000449603280100001050260025000012250008550008550000000000000100000001000000860970260000078938000000758202600000789380000007582000000000000000000000300000010000000000000000000106360010804897112738001764000000
005001066762942100104082191344000000000000705029840400001000340000
005001066762942400104082191344000000000000705029840400001000340000
0020020667629454003010009698410000000000364550722601000030000000250000000000250000000001000000010000008609702600000789380000007582026000007893800000075820063600108048971127380017640000
002011066762960600109105203506000000000013511995600100001006170025000012250008550008550000000000000100000001000000860970260000078938000000758202600000789380000007582000000000000000000000300000010000000000000000001306360010804897112738001764000000
00200306676298110020401422941900000000001948672902080000204135002500000000000000000000010000000100000086097026000007893800000075820260000078938000000758200000000000000000000006360010804897112738001764000000
00200306676299500020401469124400000000003776805089080000201340002500000000000000000000010000000100000086097026000007893800000075820260000078938000000758200000000000000000000006360010804897112738001764000000
002011066762999200109069260894000000000017487004880100001002660025000012250008550008550000000000000100000001000000860970260000078938000000758202600000789380000007582000000000000000000000300000000000000000000000000006360010804897112738001764000000
00200306676300690020100465347700000000001573467858070000201441002500000000000000000000010000000100000086097026000007893800000075820260000078938000000758200000000000000000000006360010804897112738001764000000
005001066763034000109070282235000000000017468337361023001000150000
002011066763034200109070282235000000000017468337360100001006840025000012250008550008550000000000000100000001000000860970260000078938000000758202600000789380000007582000000000000000000000300000000000000000000000000006360010804897112738001764000000
00200306676303970150300316409100000000000872174873061201500073002500000000000000000000010000000100000086097026000007893800000075820260000078938000000758200000000000000000000006360010804897112738001764000000
00200306676304120030400362661200000000002138089404080000301258002500000000000000000000010000000100000086097026000007893800000075820260000078938000000758200000000000000000000006360010804897112738001764000000
0020020667630789003010009698410000000000364550722601000030000000250000000000250000000001000000010000008609702600000789380000007582026000007893800000075820063600108048971127380017640000
0020020667630870003010009698410000000000364550722601000030000000250000000000250000000001000000010000008609702600000789380000007582026000007893800000075820063600108048971127380017640000
00200306676308800030400484108800000000001545894050080000300741002500000000000000000000010000000100000086097026000007893800000075820260000078938000000758200000000000000000000006360010804897112738001764000000
002011066763325900109018735551000000000025118201040100001006950025000012250000000000000008550000000100000001000000860970260000078938000000758202600000789380000007582100000000000000000000300000000000000000000000000006360010804897112738001764000000
002011066763326600109077982232000000000033349642960100001003700025000012250000000000000008550000000100000001000000860970260000078938000000758202600000789380000007582100000000000000000000300000000000000000000000000006360010804897112738001764000000
00300101000010000700067250000086097026000007893800000075820260000078938000000758206676339900000
00300101000030000300075000000086097026000007893800000075820260000078938000000758206676339900000
00300108000020000200000000000086097026000007893800000075820260000078938000000758206676339900000
00300107000020000100000000000086097026000007893800000075820260000078938000000758206676339900000
00300106120150000100000000000086097026000007893800000075820260000078938000000758206676339900000
00300108000030000200000000000086097026000007893800000075820260000078938000000758206676339900000
001001026000008609700406676339900260000078938000000758202600000789380000007582020280457300100110000
001001026000008609700506676357540260000078938000000758202600000789380000007582020280457300100110000
00200306676357620020401311099100000000002283059931080000206242002500000000000000000000010000000100000086097026000007893800000075820260000078938000000758200000000000000000000006360010804897112738001764000000
002011066763577100104159459028000000000027251689680400001006670025000012250004500004500008550000000100000001000000860970260000078938000000758202600000789380000007582100000000000000000000300000000000000000000000000006360010804897112738001764000000
005001066763578100109059097941000000000008597681361023001002300000
002011066763578300109059097941000000000008597681360100001013520025000012250004500004500008550000000100000001000000860970260000078938000000758202600000789380000007582100000000000000000000300000010000000000000000000106360010804897112738001764000000
0020020667635805003010009698410000000000364550722601000030000000250000000000250000000001000000010000008609702600000789380000007582026000007893800000075820063600108048971127380017640000
002011066763581100109124528342000000000011089628880100001040260025000012250008550008550000000000000100000001000000860970260000078938000000758202600000789380000007582000000000000000000000300000000000000000000000000006360010804897112738001764000000
005001066763581500104084151889000000000009288648401023001002300000
002011066763581800104084151889000000000009288648400400001003190025000025000025000000000000000000000100000001000000860970260000078938000000758202600000789380000007582000000000000000000000000000000000000000000000000006360010804897112738001764000000
002011066763582500117043769405000000000024271315980400001034010025000012250004500004500008550000000100000001000000860970260000078938000000758202600000789380000007582100000000000000000000300000000000000000000000000006360010804897112738001764000000
00200306676358290030400527546900000000001544340882080000300266002500000000000000000000010000000100000086097026000007893800000075820260000078938000000758200000000000000000000006360010804897112738001764000000
002011066763583900109001356926000000000000606538960100001001190025000012250008550008550000000000000100000001000000860970260000078938000000758202600000789380000007582000000000000000000000300000000000000000000000000206360010804897112738001764000000
0020020667635848003010009698410000000000364550722601000030000000250000000000250000000001000000010000008609702600000789380000007582026000007893800000075820063600108048971127380017640000
0020020667635853003010009698410000000000364550722601000030000000250000000000250000000001000000010000008609702600000789380000007582026000007893800000075820063600108048971127380017640000
00200306676358580030400511096600000000001545934466080000300580002500000000000000000000010000000100000086097026000007893800000075820260000078938000000758200000000000000000000006360010804897112738001764000000
0020020667635879003010009698410000000000364550722601000030000000250000000000250000000001000000010000008609702600000789380000007582026000007893800000075820063600108048971127380017640000
002011066763598000104085100196000000000018938414800400001003940025000025000025000000000000000000000100000001000000860970260000078938000000758202600000789380000007582000000000000000000000019000000000000000000000000006360010804897112738001764000000
002011066763663900109056470658000000000016382981840100001005330025000012250000000000000008550000000100000001000000860970260000078938000000758202600000789380000007582100000000000000000000300000010000000000000000000106360010804897112738001764000000
00200306676366440040100062087900000000000687367741070500406287002500000000000000000000010000000100000086097026000007893800000075820260000078938000000758200000000000000000000006360010804897112738001764000000
00200306676366510020100481057200000000001573638162070100200011002500000000000000000000010000000100000086097026000007893800000075820260000078938000000758200000000000000000000006360010804897112738001764000000
00200306676366610020401727446600000000001416044825080000200340002500000000000000000000010000000100000086097026000007893800000075820260000078938000000758200000000000000000000006360010804897112738001764000000
002011066763807100109128270811000000000004528615120100001046020025000012250008550008550000000000000100000001000000860970260000078938000000758202600000789380000007582000000000000000000000300000000000000000000000000006360010804897112738001764000000
00200306676380830030400265863400000000003413719812080000302784002500000000000000000000010000000100000086097026000007893800000075820260000078938000000758200000000000000000000006360010804897112738001764000000
00200306676382330030400480292900000000000456489705080000302983002500000000000000000000010000000100000086097026000007893800000075820260000078938000000758200000000000000000000006360010804897112738001764000000
00200306676383240030400395661200000000000988810091080000301854002500000000000000000000010000000100000086097026000007893800000075820260000078938000000758200000000000000000000006360010804897112738001764000000
00300108000020000200000000000086097026000007893800000075820260000078938000000758206676405360000
00300104000010000400074500000086097026000007893800000075820260000078938000000758206676405360000
00300101000010000500050150000086097026000007893800000075820260000078938000000758206676405360000
00300101000030000400100000000086097026000007893800000075820260000078938000000758206676405360000
00300108000030000500000000000086097026000007893800000075820260000078938000000758206676405360000
00300107050040000100000000000086097026000007893800000075820260000078938000000758206676405360000
00300107010020000100000000000086097026000007893800000075820260000078938000000758206676405360000
001001026000008609700406676405360260000078938000000758202600000789380000007582020280457300100010000
001001026000008609700506676413110260000078938000000758202600000789380000007582020280457300100010000
00200306676413350020401339389400000000001978703079080000201488002500000000000000000000010000000100000086097026000007893800000075820260000078938000000758200000000000000000000006360010804897112738001764000000
0020020667641345003010009698410000000000364550722601000030000000250000000000250000000001000000010000008609702600000789380000007582026000007893800000075820063600108048971127380017640000
002011066764136200104082333505000000000002468368080400001010330025000012250008550008550000000000000100000001000000860970260000078938000000758202600000789380000007582000000000000000000000300000000000000000000000000006360010804897112738001764000000
0020020667641378003010009698410000000000364550722601000030000000250000000000250000000001000000010000008609702600000789380000007582026000007893800000075820063600108048971127380017640000
005001066764143200104082333505000000000002468368080400001000800000
005001066764146600301001125931000000000008722577850400001000150000
005001066764146900301001125931000000000008722577850400001000150000
00200306676414700030100112593100000000000872257785070000300386002500000000000000000000010000000100000086097026000007893800000075820260000078938000000758200000000000000000000006360010804897112738001764000000
0020020667641801003010009698410000000000364550722601000030000000250000000000250000000001000000010000008609702600000789380000007582026000007893800000075820063600108048971127380017640000
00200306676419830150300264522200000000003511394453061201500534002500000000000000000000010000000100000086097026000007893800000075820260000078938000000758200000000000000000000006360010804897112738001764000000
00200306676419960040400246174800000000001981332071080000401502002500000000000000000000010000000100000086097026000007893800000075820260000078938000000758200000000000000000000006360010804897112738001764000000
0020020667642009003010009698410000000000364550722601000030000000250000000000250000000001000000010000008609702600000789380000007582026000007893800000075820063600108048971127380017640000
00200306676422060020400915753700000000001660668003080000205559002500000000000000000000010000000100000086097026000007893800000075820260000078938000000758200000000000000000000006360010804897112738001764000000
005001066764234300301001163513000000000025252980420400001000150000
005001066764234500301001163513000000000025252980420400001000150000
00200306676423470030100116351300000000002525298042070000300224002500000000000000000000010000000100000086097026000007893800000075820260000078938000000758200000000000000000000006360010804897112738001764000000
002011066764251100109057415936000000000005073267920100001015700025000012250008550008550000000000000100000001000000860970260000078938000000758202600000789380000007582000000000000000000000300000000000000000000000000006360010804897112738001764000000
002011066764252100109059419122000000000010525558480100001005560025000012250008550008550000000000000100000001000000860970260000078938000000758202600000789380000007582000000000000000000000300000000000000000000000000006360010804897112738001764000000
005001066764273800301000274877000000000022398486460400001000150000
005001066764274100301000274877000000000022398486460400001000150000
00200306676427420030100027487700000000002239848646070000320998002500000000000000000000010000000100000086097026000007893800000075820260000078938000000758200000000000000000000006360010804897112738001764000000
005001066764284800000000000000000000000024840528080000000000150000
005001066764284900000000000000000000000000000000000000000000150000
005001066764285300000000000000000000000000000000000000000000150000
002011066764285900104156298937000000000024840528080400001046300025000012250008550008550000000000000100000001000000860970260000078938000000758202600000789380000007582000000000000000000000300000000000000000000000000006360010804897112738001764000000
005001066764287500304002479411000000000034084860040800003000360000
00200306676428880030400247941100000000003408486004080000302496002500000000000000000000010000000100000086097026000007893800000075820260000078938000000758200000000000000000000006360010804897112738001764000000
0020020667642896003010009698410000000000364550722601000030000000250000000000250000000001000000010000008609702600000789380000007582026000007893800000075820063600108048971127380017640000
005001066764303001503003233611000000000005722772990614015000840000
00200306676430310150300323361100000000000572277299061301500293002500000000000000000000010000000100000086097026000007893800000075820260000078938000000758200000000000000000000006360010804897112738001764000000
0020020667643037015030032336110000000000057227729906140150026500250000000000000000000001000000010000008609702600000789380000007582026000007893800000075820063600108048971127380017640000
002011066764335800109070472506000000000014744295120100001001020025000012250006200008550000000000000100000001000000860970260000078938000000758202600000789380000007582000000000000000000000300000010000000000000000000806360010804897112738001764000000
002011066764335800109070472506000000000014744295120100001001020025000012250002350008550000000000000100000001000000860970260000078938000000758202600000789380000007582000000000000000000000300000010000000000000000000806360010804897112738001764000000
002011066764377400104163087792000000000018736464080400001053350025000012250008550008550000000000000100000001000000860970260000078938000000758202600000789380000007582000000000000000000000300000000000000000000000000006360010804897112738001764000000
002011066764385900104082578737000000000000022723280400001016590025000012250008550008550000000000000100000001000000860970260000078938000000758202600000789380000007582000000000000000000000300000000000000000000000000006360010804897112738001764000000
002011066764395700117007576333000000000036251679230400001118390025000012250003000003000008550000000100000001000000860970260000078938000000758202600000789380000007582100000000000000000000300000000000000000000000000006360010804897112738001764000000
00200306676443920020100470020300000000003533091046070000201512002500000000000000000000010000000100000086097026000007893800000075820260000078938000000758200000000000000000000006360010804897112738001764000000
005001066764485900104089527585000000000027157056720400001000150000
005001066764486000104089527585000000000027157056720400001000360000
005001066764486300104089527585000000000027157056721022001000150000
002011066764486700104089527585000000000027157056720400001002590025000012250000000000000008550000000100000001000000860970260000078938000000758202600000789380000007582100000000000000000000300000000000000000000000000006360010804897112738001764000000
005001066764547100104165236221000000000016310444240400001000360000
002011066764547500104165236221000000000016310444240400001038150025000012250000000000000008550000000100000001000000860970260000078938000000758202600000789380000007582100000000000000000000300000000000000000000000000006360010804897112738001764000000
00300108000020000200000000000086097026000007893800000075820260000078938000000758206676461340000
00300101000030000500125000000086097026000007893800000075820260000078938000000758206676461340000
00300104000010000700070950000086097026000007893800000075820260000078938000000758206676461340000
00300107000030000300000000000086097026000007893800000075820260000078938000000758206676461340000
00300106120150000100000000000086097026000007893800000075820260000078938000000758206676461340000
00300108000040000100000000000086097026000007893800000075820260000078938000000758206676461340000
00300101000010000300025650000086097026000007893800000075820260000078938000000758206676461340000
00300108000030000100000000000086097026000007893800000075820260000078938000000758206676461340000
00300106130150000100000000000086097026000007893800000075820260000078938000000758206676461340000
00300106140150000100000000000086097026000007893800000075820260000078938000000758206676461340000
00300107000020000100000000000086097026000007893800000075820260000078938000000758206676461340000
001001026000008609700406676461340260000078938000000758202600000789380000007582020280457300100110000
001001026000008609700306676471270260000078938000000758202600000789380000007582020280457300100110000
001001026000008609700206676471310260000078938000000758202600000789380000007582020280457300100110000
010001001026000007893800000075820000086097066764713700400000
02000100106676471450030100096984100000000003645507226026000007893800000075820093001000008609702600000789380000007582026000007893800000075820000
0210010300150000086097026000007893800000075820260000078938000000758206676471450000
0210010400020000086097026000007893800000075820260000078938000000758206676471450000
0210010800060000086097026000007893800000075820260000078938000000758206676471450000
0210010900020000086097026000007893800000075820260000078938000000758206676471450000
0210011000010000086097026000007893800000075820260000078938000000758206676471450000
0210011100010000086097026000007893800000075820260000078938000000758206676471450000
0210012500240000086097026000007893800000075820260000078938000000758206676471450000
0210012600010000086097026000007893800000075820260000078938000000758206676471450000
010001001026000007893800000075820000086097066764714600500000
001001026000008609700106676471490000000078938000000000000000000000000000000000020280457300100110000
03400667629269000008609700005C06676292690667633990000008609704573I00000789380000078938010000007000855000000001000000010100000020000001000000010000000101000000800250000000000100000001061200002000000000000001000000010700000050000000000000010000000108000000800000000000000100000001
03400667635754000008609700005C06676357540667640536000008609704573V0000078938000007893801000000100000010000000100000001010000003000855000000001000000010100000040025000000000010000000101000000100045010000000100000001040000002002500000000001000000010400000020004501000000010000000107010000100000000000000100000001070500001000000000000001000000010800000070000000000000010000000108000000700000000000000100000001080000007000000000000001000000010800000070000000000000010000000108000000700000000000000100000001080000007000000000000001000000010800000070000000000000010000000108000000700000000000000100000001080000007000000000000001000000010800000070000000000000010000000108000000700000000000000100000001080000007000000000000001000000010800000070000000000000010000000108000000700000000000000100000001
