1000020260000086133005063600113546209549650019050000
001001026000008613300206676574400000000095156000000000000000000000000000000000020280457300100000000
010001001026000009515600000084410000086133066765744700100000
010001001026000009515600000084410000086133066765745700200000
001001026000008613300306676574610260000095156000000844102600000951560000008441020280457300100020000
001001026000008613300406676574670260000095156000000844102600000951560000008441020280457300100020000
001001026000008613300506676574730260000095156000000844102600000951560000008441020280457300100020000
00200306676574850020401676990900000000001605126379080000200684002500000000000000000000010000000100000086133026000009515600000084410260000095156000000844100000000000000000000006360011354620954965001905000000
002011066765749800104157831019000000000026300862160400001027960025000012250008550008550000000000000100000001000000861330260000095156000000844102600000951560000008441000000000000000000000300000000000000000000000000006360011354620954965001905000000
00200306676575030030400518737300000000003570045222080000301075002500000000000000000000010000000100000086133026000009515600000084410260000095156000000844100000000000000000000006360011354620954965001905000000
0020020667657520003010010206660000000000336432447401000030000000250000000000250000000001000000010000008613302600000951560000008441026000009515600000084410063600113546209549650019050000
002011066765753400104152919082000000000026162005200400001025370025000025000025000000000000000000000100000001000000861330260000095156000000844102600000951560000008441000000000000000000000000000000000000000000000000006360011354620954965001905000000
002011066765754000109068182059000000000019107469520100001001090025000012250008550008550000000000000100000001000000861330260000095156000000844102600000951560000008441000000000000000000000300000010000000000000000000106360011354620954965001905000000
002011066765754600109124623086000000000003142818000100001012040025000012250008550008550000000000000100000001000000861330260000095156000000844102600000951560000008441000000000000000000000300000010000000000000000003106360011354620954965001905000000
002011066765755100109150957832000000000003228626640100001001330025000012250008550008550000000000000100000001000000861330260000095156000000844102600000951560000008441000000000000000000000300000000000000000000000000006360011354620954965001905000000
002011066765755600109079598545000000000029867500240100001000070025000012250008550008550000000000000100000001000000861330260000095156000000844102600000951560000008441000000000000000000000300000000000000000000000000006360011354620954965001905000000
002011066765756100104163267162000000000017620503760400001047090025000012250008550008550000000000000100000001000000861330260000095156000000844102600000951560000008441000000000000000000000300000000000000000000000000006360011354620954965001905000000
005001066765757200000000000000000000000002006172340000000000150000
00200306676575750030500043729900000000000200617234071000300735002500000000000000000000010000000100000086133026000009515600000084410260000095156000000844100000000000000000000006360011354620954965001905000000
00200306676575880020100474809500000000000252544521070000200814002500000000000000000000010000000100000086133026000009515600000084410260000095156000000844100000000000000000000006360011354620954965001905000000
00200306676578060030100107382400000000003413353300070100302488002500000000000000000000010000000100000086133026000009515600000084410260000095156000000844100000000000000000000006360011354620954965001905000000
002011066765781600109075116571000000000033883136720100001000590025000012250008550008550000000000000100000001000000861330260000095156000000844102600000951560000008441000000000000000000000300000000000000000000000000006360011354620954965001905000000
002011066765796700104089506821000000000034939620560400001002760025000012250008550008550000000000000100000001000000861330260000095156000000844102600000951560000008441000000000000000000000300000000000000000000000000006360011354620954965001905000000
005001066765828200104151739854000000000025321733840000000000150000
005001066765828300104151739854000000000025321733840400001000150000
002011066765828400104151739854000000000025321733840400001001710025000012250008550008550000000000000100000001000000861330260000095156000000844102600000951560000008441000000000000000000000300000000000000000000000000006360011354620954965001905000000
005001066765851301503002450881000000000005722199390614015000840000
00200306676585130150300245088100000000000572219939061301500315002500000000000000000000010000000100000086133026000009515600000084410260000095156000000844100000000000000000000006360011354620954965001905000000
0020020667658521015030024508810000000000057221993906140150031400250000000000000000000001000000010000008613302600000951560000008441026000009515600000084410063600113546209549650019050000
00200306676585340030100094776600000000000888417171070100303581002500000000000000000000010000000100000086133026000009515600000084410260000095156000000844100000000000000000000006360011354620954965001905000000
002011066765873100104157550443000000000027127102160400001000230025000012250008550008550000000000000100000001000000861330260000095156000000844102600000951560000008441000000000000000000000300000000000000000000000000006360011354620954965001905000000
00200306676589910030400518734900000000002523849338080000300500002500000000000000000000010000000100000086133026000009515600000084410260000095156000000844100000000000000000000006360011354620954965001905000000
002011066765905700117047042925000000000012037528060400001020810025000012250008550008550000000000000100000001000000861330260000095156000000844102600000951560000008441000000000000000000000300000000000000000000000000006360011354620954965001905000000
005001066765907000109075705398000000000031383821520100001000340000
005001066765907300109075705398000000000031383821520100001000340000
005001066765907700109075705398000000000031383821520100001000340000
002011066765908300104082368678000000000002768535760400001013290025000012250008550008550000000000000100000001000000861330260000095156000000844102600000951560000008441000000000000000000000300000000000000000000000000006360011354620954965001905000000
002011066765916300104153296771000000000030126213840400001039160025000012250008550008550000000000000100000001000000861330260000095156000000844102600000951560000008441000000000000000000000300000000000000000000000000006360011354620954965001905000000
0020020667659177003010010206660000000000336432447401000030000000250000000000250000000001000000010000008613302600000951560000008441026000009515600000084410063600113546209549650019050000
0020020667659185003010010206660000000000336432447401000030000000250000000000250000000001000000010000008613302600000951560000008441026000009515600000084410063600113546209549650019050000
002011066765919100109007268484000000000012534208720100001000830025000012250008550008550000000000000100000001000000861330260000095156000000844102600000951560000008441000000000000000000000300000000000000000000000000006360011354620954965001905000000
002011066765919600109078718891000000000029608876240100001000020025000012250008550008550000000000000100000001000000861330260000095156000000844102600000951560000008441000000000000000000000300000000000000000000000000006360011354620954965001905000000
00200306676592050040400276164400000000002890521061080000401944002500000000000000000000010000000100000086133026000009515600000084410260000095156000000844100000000000000000000006360011354620954965001905000000
002011066765921700104089431715000000000033089831120400001000500025000025000025000000000000000000000100000001000000861330260000095156000000844102600000951560000008441000000000000000000000000000000000000000000000000006360011354620954965001905000000
002011066765922700104161383009000000000030155236560400001021390025000012250003660008550000000000000100000001000000861330260000095156000000844102600000951560000008441000000000000000000000300000000000000000000000000006360011354620954965001905000000
002011066765922700104161383009000000000030155236560400001021390025000012250004890008550000000000000100000001000000861330260000095156000000844102600000951560000008441000000000000000000000300000000000000000000000000006360011354620954965001905000000
002011066765925000104085553948000000000016032517840400001005280025000012250008550008550000000000000100000001000000861330260000095156000000844102600000951560000008441000000000000000000000300000000000000000000000000006360011354620954965001905000000
002011066765935400104159819521000000000026666512080400001032190025000012250008550008550000000000000100000001000000861330260000095156000000844102600000951560000008441000000000000000000000300000000000000000000000000006360011354620954965001905000000
00200306676594090030400447971100000000004141876075080000301074002500000000000000000000010000000100000086133026000009515600000084410260000095156000000844100000000000000000000006360011354620954965001905000000
005001066765950400109070878839000000000016104761041023001002300000
002011066765950700109070878839000000000016104761040100001013010025000012250008550008550000000000000100000001000000861330260000095156000000844102600000951560000008441000000000000000000000300000000000000000000000000006360011354620954965001905000000
002011066765962100104159606136000000000026631158480400001108080025000012250008550008550000000000000100000001000000861330260000095156000000844102600000951560000008441000000000000000000000300000000000000000000000000006360011354620954965001905000000
00200306676599390030400480292900000000000456489705080000302984002500000000000000000000010000000100000086133026000009515600000084410260000095156000000844100000000000000000000006360011354620954965001905000000
002011066766012800104160868319000000000025096115920400001046910025000012250008550008550000000000000100000001000000861330260000095156000000844102600000951560000008441000000000000000000000300000000000000000000000000006360011354620954965001905000000
002011066766013500117010569814000000000038577914910400001036830025000012250008550008550000000000000100000001000000861330260000095156000000844102600000951560000008441000000000000000000000300000000000000000000000000006360011354620954965001905000000
002011066766055100117003962123000000000026231905470400001091140025000012250008550008550000000000000100000001000000861330260000095156000000844102600000951560000008441000000000000000000000300000000000000000000000000006360011354620954965001905000000
00200306676612620070400029230100000000001977250150080000701139002500000000000000000000010000000100000086133026000009515600000084410260000095156000000844100000000000000000000006360011354620954965001905000000
00200306676612810050400178429900000000002739242377080000501462002500000000000000000000010000000100000086133026000009515600000084410260000095156000000844100000000000000000000006360011354620954965001905000000
00200306676612940020401741839500000000001342099851080000200098002500000000000000000000010000000100000086133026000009515600000084410260000095156000000844100000000000000000000006360011354620954965001905000000
00200306676613060020401735897100000000002962842038080000200042002500000000000000000000010000000100000086133026000009515600000084410260000095156000000844100000000000000000000006360011354620954965001905000000
00300108000020000300000000000086133026000009515600000084410260000095156000000844106676628940000
00300104000010001700178250000086133026000009515600000084410260000095156000000844106676628940000
00300108000030000400000000000086133026000009515600000084410260000095156000000844106676628940000
00300101000030000300075000000086133026000009515600000084410260000095156000000844106676628940000
00300101000010000800068400000086133026000009515600000084410260000095156000000844106676628940000
00300107100030000100000000000086133026000009515600000084410260000095156000000844106676628940000
00300107000020000100000000000086133026000009515600000084410260000095156000000844106676628940000
00300107010030000200000000000086133026000009515600000084410260000095156000000844106676628940000
00300106130150000100000000000086133026000009515600000084410260000095156000000844106676628940000
00300106140150000100000000000086133026000009515600000084410260000095156000000844106676628940000
00300108000040000100000000000086133026000009515600000084410260000095156000000844106676628940000
00300108000070000100000000000086133026000009515600000084410260000095156000000844106676628940000
00300108000050000100000000000086133026000009515600000084410260000095156000000844106676628940000
001001026000008613300406676628940260000095156000000844102600000951560000008441020280457300100120000
001001026000008613300506676633340260000095156000000844102600000951560000008441020280457300100120000
002011066766334800104160463475000000000026689762000400001023240025000012250003550003550008550000000100000001000000861330260000095156000000844102600000951560000008441100000000000000000000300000000000000000000000000006360011354620954965001905000000
002011066766335500109057415936000000000005073267920100001015730025000012250003550003550008550000000100000001000000861330260000095156000000844102600000951560000008441100000000000000000000300000000000000000000000000006360011354620954965001905000000
002011066766336100109063379041000000000011408955600100001006220025000012250004500004500008550000000100000001000000861330260000095156000000844102600000951560000008441100000000000000000000300000010000000000000000000706360011354620954965001905000000
002011066766336800109076135498000000000029769531600100001000260025000012250004750004750008550000000100000001000000861330260000095156000000844102600000951560000008441100000000000000000000300000000000000000000000000006360011354620954965001905000000
005001066766337400109074353821000000000031409193681023001002300000
002011066766337700109074353821000000000031409193680100001001690025000012250008550008550000000000000100000001000000861330260000095156000000844102600000951560000008441000000000000000000000300000000000000000000000000006360011354620954965001905000000
0020020667663389003010010206660000000000336432447401000030000000250000000000250000000001000000010000008613302600000951560000008441026000009515600000084410063600113546209549650019050000
002011066766339800104161381367000000000028359795920400001074360025000012250008550008550000000000000100000001000000861330260000095156000000844102600000951560000008441000000000000000000000300000000000000000000000000006360011354620954965001905000000
002011066766340400104164235388000000000024041741520400001078120025000012250003550003550008550000000100000001000000861330260000095156000000844102600000951560000008441100000000000000000000300000000000000000000000000006360011354620954965001905000000
002011066766340900109105549135000000000010714719440100001002650025000012250003550003550008550000000100000001000000861330260000095156000000844102600000951560000008441100000000000000000000300000010000000000000000000106360011354620954965001905000000
002011066766342500104166674583000000000020130775760400001079500025000012250003550003550008550000000100000001000000861330260000095156000000844102600000951560000008441100000000000000000000300000000000000000000000000006360011354620954965001905000000
005001066766437900104087298724000000000016232469201023001002300000
002011066766438200104087298724000000000016232469200400001010900025000012250004500004500008550000000100000001000000861330260000095156000000844102600000951560000008441100000000000000000000300000000000000000000000000006360011354620954965001905000000
002011066766438700117036644732000000000001432574840400001017440025000012250008550008550000000000000100000001000000861330260000095156000000844102600000951560000008441000000000000000000000300000000000000000000000000006360011354620954965001905000000
002011066766439100104087175479000000000015876406480400001001820025000025000025000000000000000000000100000001000000861330260000095156000000844102600000951560000008441000000000000000000000000000000000000000000000000006360011354620954965001905000000
002011066766439600109108586899000000000016360901840100001001790025000012250000000000000008550000000100000001000000861330260000095156000000844102600000951560000008441100000000000000000000300000000000000000000000000006360011354620954965001905000000
002011066766440200117044236184000000000019832423750400001010970025000012250004500004500008550000000100000001000000861330260000095156000000844102600000951560000008441100000000000000000000300000000000000000000000000006360011354620954965001905000000
005001066766440800109074564537000000000032485425360100001000150000
005001066766440800109074564537000000000032485425360100001000150000
005001066766440800109074564537000000000032485425360100001000150000
002011066766441300109074564537000000000032485425360100001001440025000012250008550008550000000000000100000001000000861330260000095156000000844102600000951560000008441000000000000000000000300000000000000000000000000006360011354620954965001905000000
002011066766442000104165645512000000000024031120080400001107430025000012250008550008550000000000000100000001000000861330260000095156000000844102600000951560000008441000000000000000000000300000000000000000000000000006360011354620954965001905000000
005001066766443500104163356483000000000014888369361023001002300000
002011066766443800104163356483000000000014888369360400001011710025000012250008550008550000000000000100000001000000861330260000095156000000844102600000951560000008441000000000000000000000300000000000000000000000000006360011354620954965001905000000
002011066766444700109081261668000000000006715554000100001029810025000012250008550008550000000000000100000001000000861330260000095156000000844102600000951560000008441000000000000000000000300000010000000000000000000106360011354620954965001905000000
00200306676650160030400441184900000000002679672771080000301573002500000000000000000000010000000100000086133026000009515600000084410260000095156000000844100000000000000000000006360011354620954965001905000000
00200306676650260020100476626300000000003571843750070000200868002500000000000000000000010000000100000086133026000009515600000084410260000095156000000844100000000000000000000006360011354620954965001905000000
002011066766503900109109363231000000000016806646480100001000350025000012250002250002250008550000000100000001000000861330260000095156000000844102600000951560000008441100000000000000000000300000010000000000000000000206360011354620954965001905000000
00200306676660480030400502163700000000001547930306080000300422002500000000000000000000010000000100000086133026000009515600000084410260000095156000000844100000000000000000000006360011354620954965001905000000
00200306676662180030500042775700000000000202914386071000300779002500000000000000000000010000000100000086133026000009515600000084410260000095156000000844100000000000000000000006360011354620954965001905000000
00200306676665320030400393624700000000003442583307080000302790002500000000000000000000010000000100000086133026000009515600000084410260000095156000000844100000000000000000000006360011354620954965001905000000
00200306676665530030400507198700000000000252875417080000301208002500000000000000000000010000000100000086133026000009515600000084410260000095156000000844100000000000000000000006360011354620954965001905000000
005001066766689101503002770108000000000019590656120614015000840000
00200306676668910150300277010800000000001959065612061301500497002500000000000000000000010000000100000086133026000009515600000084410260000095156000000844100000000000000000000006360011354620954965001905000000
00300104000010001000120450000086133026000009515600000084410260000095156000000844106676685640000
00300101000010000900099150000086133026000009515600000084410260000095156000000844106676685640000
00300101000030000100025000000086133026000009515600000084410260000095156000000844106676685640000
00300108000030000400000000000086133026000009515600000084410260000095156000000844106676685640000
00300107000020000100000000000086133026000009515600000084410260000095156000000844106676685640000
00300107100030000100000000000086133026000009515600000084410260000095156000000844106676685640000
00300106130150000100000000000086133026000009515600000084410260000095156000000844106676685640000
001001026000008613300406676685640260000095156000000844102600000951560000008441020280457300100020000
001001026000008613300306676685680260000095156000000844102600000951560000008441020280457300100020000
02000100106676685780030100102066600000000003364324474026000009515600000084410107601000008613302600000951560000008441026000009515600000084410000
0210010300140000086133026000009515600000084410260000095156000000844106676685780000
0210010400030000086133026000009515600000084410260000095156000000844106676685780000
0210010500020000086133026000009515600000084410260000095156000000844106676685780000
0210010800040000086133026000009515600000084410260000095156000000844106676685780000
0210011000020000086133026000009515600000084410260000095156000000844106676685780000
0210011100010000086133026000009515600000084410260000095156000000844106676685780000
0210012500410000086133026000009515600000084410260000095156000000844106676685780000
010001001026000009515600000084410000086133066766857800500000
001001026000008613300206676695640260000095156000000844100000000000000000000000020230456800100020000
010001001026000009515600000084410000086133066766957600200000
001001026000008613300306676695780260000095156000000844102600000951560000008441020230456800100020000
001001026000008613300406676695840260000095156000000844102600000951560000008441020230456800100020000
001001026000008613300506676695900260000095156000000844102600000951560000008441020230456800100020000
005001066766960100109055162232000000000014952064720100001000150000
005001066766960100109055162232000000000014952064720100001000360000
005001066766960500109055162232000000000014952064720100001000360000
002011066766961000109055162232000000000014952064720100001010690016850008650008550008550000000000000100000001000000861330260000095156000000844102600000951560000008441000000000000000000000300000000000000000000000000006360011354620954965001905000000
0020020667669640003010010206660000000000336432447401000030000000168500000000168500000001000000010000008613302600000951560000008441026000009515600000084410063600113546209549650019050000
002011066766964600104162578946000000000025191381200400001007580016850008650008550008550000000000000100000001000000861330260000095156000000844102600000951560000008441000000000000000000000300000000000000000000000000006360011354620954965001905000000
0020020667669659003010010206660000000000336432447401000030000000168500000000168500000001000000010000008613302600000951560000008441026000009515600000084410063600113546209549650019050000
002011066766966600109073663337000000000025230528720100001001240016850008650008550008550000000000000100000001000000861330260000095156000000844102600000951560000008441000000000000000000000300000000000000000000000000006360011354620954965001905000000
002011066766967200104153137215000000000027691282640400001033490016850008650008550008550000000000000100000001000000861330260000095156000000844102600000951560000008441000000000000000000000300000000000000000000000000006360011354620954965001905000000
002011066766968100109127361651000000000001229732560100001019360016850008650008550008550000000000000100000001000000861330260000095156000000844102600000951560000008441000000000000000000000300000010000000000000000000606360011354620954965001905000000
0020020667669698003010010206660000000000336432447401000030000000168500000000168500000001000000010000008613302600000951560000008441026000009515600000084410063600113546209549650019050000
0020020667669708003010010206660000000000336432447401000030000000168500000000168500000001000000010000008613302600000951560000008441026000009515600000084410063600113546209549650019050000
002011066766971600104087870347000000000018438311120400001005360016850008650008550008550000000000000100000001000000861330260000095156000000844102600000951560000008441000000000000000000000300000000000000000000000000006360011354620954965001905000000
0020020667669730003010010206660000000000336432447401000030000000168500000000168500000001000000010000008613302600000951560000008441026000009515600000084410063600113546209549650019050000
002011066766973700104150372175000000000025900401360400001002030016850008650008550008550000000000000100000001000000861330260000095156000000844102600000951560000008441000000000000000000000300000000000000000000000000006360011354620954965001905000000
002011066766974200104163752461000000000014907996880400001068770016850008650008550008550000000000000100000001000000861330260000095156000000844102600000951560000008441000000000000000000000300000000000000000000000000006360011354620954965001905000000
0020020667669763003010010206660000000000336432447401000030000000168500000000168500000001000000010000008613302600000951560000008441026000009515600000084410063600113546209549650019050000
0020020667669774003010010206660000000000336432447401000030000000168500000000168500000001000000010000008613302600000951560000008441026000009515600000084410063600113546209549650019050000
00200306676697770030400475533500000000001545940866080000301167001685000000000000000000010000000100000086133026000009515600000084410260000095156000000844100000000000000000000006360011354620954965001905000000
005001066766978900301001127878000000000008713631770400001000150000
005001066766979200301001127878000000000008713631770400001000150000
00200306676697940030100112787800000000000871363177070000301572001685000000000000000000010000000100000086133026000009515600000084410260000095156000000844100000000000000000000006360011354620954965001905000000
002011066766980800109064324592000000000011644816080100001002030016850008650008550008550000000000000100000001000000861330260000095156000000844102600000951560000008441000000000000000000000300000000000000000000000000006360011354620954965001905000000
002011066766982300109108797181000000000016645514960100001001650016850008650008550008550000000000000100000001000000861330260000095156000000844102600000951560000008441000000000000000000000300000000000000000000000000006360011354620954965001905000000
0020020667669849003010010206660000000000336432447401000030000000168500000000168500000001000000010000008613302600000951560000008441026000009515600000084410063600113546209549650019050000
00200306676701650030400289290400000000002074029644080000304056001685000000000000000000010000000100000086133026000009515600000084410260000095156000000844100000000000000000000006360011354620954965001905000000
002011066767063900104088259706000000000018097316560400001000710016850016850016850000000000000000000100000001000000861330260000095156000000844102600000951560000008441000000000000000000000000000000000000000000000000006360011354620954965001905000000
002011066767081400104166722774000000000017015586000400001030290016850008650008550008550000000000000100000001000000861330260000095156000000844102600000951560000008441000000000000000000000300000000000000000000000000006360011354620954965001905000000
00200306676708250030400491364100000000000455558217080000300819001685000000000000000000010000000100000086133026000009515600000084410260000095156000000844100000000000000000000006360011354620954965001905000000
002011066767087900104088022366000000000018490883280400001004070016850016850016850000000000000000000100000001000000861330260000095156000000844102600000951560000008441000000000000000000000000000000000000000000000000006360011354620954965001905000000
0020020667670890003010010206660000000000336432447401000030000000168500000000168500000001000000010000008613302600000951560000008441026000009515600000084410063600113546209549650019050000
002011066767117700109129166112000000000010683356880100001007430016850016850016850000000000000000000100000001000000861330260000095156000000844102600000951560000008441000000000000000000000000000010000000000000000000306360011354620954965001905000000
002011066767118300104087183421000000000017356921040400001004160016850016850016850000000000000000000100000001000000861330260000095156000000844102600000951560000008441000000000000000000000000000000000000000000000000006360011354620954965001905000000
002011066767119300104164243861000000000023269358800400001051480016850008650008550008550000000000000100000001000000861330260000095156000000844102600000951560000008441000000000000000000000300000000000000000000000000006360011354620954965001905000000
00200306676712450030400495018900000000000323346265080000301366001685000000000000000000010000000100000086133026000009515600000084410260000095156000000844100000000000000000000006360011354620954965001905000000
002011066767126100104156467381000000000026341937360400001011040016850008650008550008550000000000000100000001000000861330260000095156000000844102600000951560000008441000000000000000000000300000000000000000000000000006360011354620954965001905000000
0020020667671354003010010206660000000000336432447401000030000000168500000000168500000001000000010000008613302600000951560000008441026000009515600000084410063600113546209549650019050000
00200306676713630030400483893100000000000322939993080000301400001685000000000000000000010000000100000086133026000009515600000084410260000095156000000844100000000000000000000006360011354620954965001905000000
002011066767230800117024529321000000000019363389500400001089570016850008650008550008550000000000000100000001000000861330260000095156000000844102600000951560000008441000000000000000000000300000000000000000000000000006360011354620954965001905000000
00300101000010000600059600000086133026000009515600000084410260000095156000000844106676735250000
00300101000030001000168500000086133026000009515600000084410260000095156000000844106676735250000
00300104000010001200127500000086133026000009515600000084410260000095156000000844106676735250000
00300108000030000500000000000086133026000009515600000084410260000095156000000844106676735250000
00300107000030000100000000000086133026000009515600000084410260000095156000000844106676735250000
001001026000008613300406676735250260000095156000000844102600000951560000008441020230456800100120000
0020020667673650003010010206660000000000336432447401000030000000168500000000168500000001000000010000008613302600000951560000008441026000009515600000084410063600113546209549650019050000
0020020667673690003010010206660000000000336432447401000030000000168500000000168500000001000000010000008613302600000951560000008441026000009515600000084410063600113546209549650019050000
0020020667673733003010010206660000000000336432447401000030000000168500000000168500000001000000010000008613302600000951560000008441026000009515600000084410063600113546209549650019050000
002011066767374000104164141031000000000023069415120400001066190016850008650008550008550000000000000100000001000000861330260000095156000000844102600000951560000008441000000000000000000000300000000000000000000000000006360011354620954965001905000000
002011066767374600104083999736000000000009403497680400001005360016850016850016850000000000000000000100000001000000861330260000095156000000844102600000951560000008441000000000000000000000000000000000000000000000000006360011354620954965001905000000
002011066767375300109124356861000000000005833401040100001021210016850008650008550008550000000000000100000001000000861330260000095156000000844102600000951560000008441000000000000000000000300000000000000000000000000006360011354620954965001905000000
0020020667673770003010010206660000000000336432447401000030000000168500000000168500000001000000010000008613302600000951560000008441026000009515600000084410063600113546209549650019050000
002011066767377800104163942234000000000023256287440400001043210016850008650008550008550000000000000100000001000000861330260000095156000000844102600000951560000008441000000000000000000000300000000000000000000000000006360011354620954965001905000000
0020020667673803003010010206660000000000336432447401000030000000168500000000168500000001000000010000008613302600000951560000008441026000009515600000084410063600113546209549650019050000
005001066767380500301001156479000000000035717074140400001000150000
005001066767380800301001156479000000000035717074140400001000150000
00200306676738100030100115647900000000003571707414070000300448001685000000000000000000010000000100000086133026000009515600000084410260000095156000000844100000000000000000000006360011354620954965001905000000
00200306676738200030400530460400000000001545836802080000300034001685000000000000000000010000000100000086133026000009515600000084410260000095156000000844100000000000000000000006360011354620954965001905000000
005001066767383800301001165907000000000008915551610400001000150000
00300101000030000500084250000086133026000009515600000084410260000095156000000844106676738410000
00300104000010000300033950000086133026000009515600000084410260000095156000000844106676738410000
00300101000010000100008550000086133026000009515600000084410260000095156000000844106676738410000
00300107000030000100000000000086133026000009515600000084410260000095156000000844106676738410000
00300108000030000100000000000086133026000009515600000084410260000095156000000844106676738410000
001001026000008613300506676738410260000095156000000844102600000951560000008441020230456800100120000
0020020667674516003010010206660000000000336432447401000030000000168500000000168500000001000000010000008613302600000951560000008441026000009515600000084410063600113546209549650019050000
002011066767462400104164137696000000000017662295760400001078880016850008650004500004500008550000000100000001000000861330260000095156000000844102600000951560000008441100000000000000000000300000000000000000000000000006360011354620954965001905000000
002011066767492700104164410813000000000024322642640400001069680016850008650008550008550000000000000100000001000000861330260000095156000000844102600000951560000008441000000000000000000000300000000000000000000000000006360011354620954965001905000000
00200306676761720020100477362600000000003569492918070000200747001685000000000000000000010000000100000086133026000009515600000084410260000095156000000844100000000000000000000006360011354620954965001905000000
00300101000030000100016850000086133026000009515600000084410260000095156000000844106676775150000
00300104000010000200017200000086133026000009515600000084410260000095156000000844106676775150000
00300107000020000100000000000086133026000009515600000084410260000095156000000844106676775150000
001001026000008613300406676775150260000095156000000844102600000951560000008441020230456800100020000
001001026000008613300506676791140260000095156000000844102600000951560000008441020230456800100020000
002011066767912100109071127837000000000018837947600100001003140016850008650008550008550000000000000100000001000000861330260000095156000000844102600000951560000008441000000000000000000000300000000000000000000000000006360011354620954965001905000000
002011066767912900109071127845000000000015522427600100001002880016850008650008550008550000000000000100000001000000861330260000095156000000844102600000951560000008441000000000000000000000300000000000000000000000000006360011354620954965001905000000
002011066767913600104079578934000000000013893631450400001010790016850016850016850000000000000000000100000001000000861330260000095156000000844102600000951560000008441000000000000000000000019300000000000000000000000006360011354620954965001905000000
002011066767914300109127481461000000000005870549200100001008620016850008650008550008550000000000000100000001000000861330260000095156000000844102600000951560000008441000000000000000000000300000000000000000000000000006360011354620954965001905000000
002011066767915000117056915014000000000039066988860400001034000016850008650008550008550000000000000100000001000000861330260000095156000000844102600000951560000008441000000000000000000000300000000000000000000000000006360011354620954965001905000000
0020020667679186003010010206660000000000336432447401000030000000168500000000168500000001000000010000008613302600000951560000008441026000009515600000084410063600113546209549650019050000
002011066767919500104164703731000000000024053858000400001007880016850016850016850000000000000000000100000001000000861330260000095156000000844102600000951560000008441000000000000000000000000000000000000000000000000006360011354620954965001905000000
002011066767943100109129009017000000000010651195600100001003580016850008650008550008550000000000000100000001000000861330260000095156000000844102600000951560000008441000000000000000000000300000000000000000000000000006360011354620954965001905000000
002011066767994000109056229039000000000005404767440100001003060016850008650008550008550000000000000100000001000000861330260000095156000000844102600000951560000008441000000000000000000000300000000000000000000000000106360011354620954965001905000000
005001066768084600301001136192000000000008713268250400001000150000
005001066768084800301001136192000000000008713268250400001000150000
00200306676808500030100113619200000000000871326825070000300659001685000000000000000000010000000100000086133026000009515600000084410260000095156000000844100000000000000000000006360011354620954965001905000000
00300101000010000500042750000086133026000009515600000084410260000095156000000844106676825220000
00300104000010000300042250000086133026000009515600000084410260000095156000000844106676825220000
00300101000030000100016850000086133026000009515600000084410260000095156000000844106676825220000
00300107000030000100000000000086133026000009515600000084410260000095156000000844106676825220000
001001026000008613300406676825220260000095156000000844102600000951560000008441020230456800100120000
001001026000008613300506676825300260000095156000000844102600000951560000008441020230456800100120000
002011066768335400104153304014000000000029445087440400001006060016850008650008550008550000000000000100000001000000861330260000095156000000844102600000951560000008441000000000000000000000300000000000000000000000000006360011354620954965001905000000
0020020667683687003010010206660000000000336432447401000030000000168500000000168500000001000000010000008613302600000951560000008441026000009515600000084410063600113546209549650019050000
0020020667684255003010010206660000000000336432447401000030000000168500000000168500000001000000010000008613302600000951560000008441026000009515600000084410063600113546209549650019050000
002011066768507100104089064429000000000029305907920400001004560016850016850016850000000000000000000100000001000000861330260000095156000000844102600000951560000008441000000000000000000000000000000000000000000000000006360011354620954965001905000000
00200306676852200030500030308100000000001947424758071000301286001685000000000000000000010000000100000086133026000009515600000084410260000095156000000844100000000000000000000006360011354620954965001905000000
00300104000010000200025400000086133026000009515600000084410260000095156000000844106677005100000
00300101000030000200033700000086133026000009515600000084410260000095156000000844106677005100000
00300107100030000100000000000086133026000009515600000084410260000095156000000844106677005100000
001001026000008613300406677005100260000095156000000844102600000951560000008441020230456800100020000
001001026000008613300306677005140260000095156000000844102600000951560000008441020230456800100020000
001001026000008613300206677005180260000095156000000844102600000951560000008441020230456800100020000
010001001026000009515600000084410000086133066770052400400000
02000100106677005340030100102066600000000003364324474026000009515600000084410107602000008613302600000951560000008441026000009515600000084410000
0210010300060000086133026000009515600000084410260000095156000000844106677005340000
0210010400070000086133026000009515600000084410260000095156000000844106677005340000
0210010500010000086133026000009515600000084410260000095156000000844106677005340000
0210010800040000086133026000009515600000084410260000095156000000844106677005340000
0210011800010000086133026000009515600000084410260000095156000000844106677005340000
0210012500260000086133026000009515600000084410260000095156000000844106677005340000
010001001026000009515600000084410000086133066770053500500000
001001026000008613300106677005380000000095156000000000000000000000000000000000020230456800100020000
03400667657473000008613300005C06676574730667662894000008613304573I00000951560000095156010000018000855000000001000000010100000030025000000000010000000104000000200250000000000100000001040000001000366000000001000000010400000010004890000000010000000104000002400085500000000100000001061300001000000000000001000000010614000010000000000000010000000107000000300000000000000100000001070100002000000000000001000000010710000010000000000000010000000108000001500000000000000100000001
03400667663334000008613300005C06676633340667668564000008613304573V00000951560000095156010000001000000100000001000000010100000010025000000000010000000101000000300085500000000100000001010000001000475100000001000000010100000010004501000000010000000101000000200035510000000100000001010000001000225100000001000000010400000060008550000000010000000104000000300035510000000100000001040000001002500000000001000000010400000030004501000000010000000106130000100000000000000100000001070000002000000000000001000000010710000020000000000000010000000108000000400000000000000100000001080000004000000000000001000000010800000040000000000000010000000108000000400000000000000100000001080000004000000000000001000000010800000040000000000000010000000108000000400000000000000100000001080000004000000000000001000000010800000040000000000000010000000108000000400000000000000100000001080000004000000000000001000000010800000040000000000000010000000108000000400000000000000100000001
