1000020260000086110005063600108048651581800021000000
0450010000000002000000000106676512600000
0450010000000002000000000106676525480000
001001026000008611000206676531270000000105923000000000000000000000000000000000020430458800100000000
010001001026000010592300000092830000086110066765313300100000
010001001026000010592300000092830000086110066765314600200000
001001026000008611000306676531520260000105923000000928302600001059230000009283020430458800100020000
005001066765315300301001136192000000000008713268251011003000150000
005001066765316000301001136192000000000008713268251011003000150000
001001026000008611000406676531650260000105923000000928302600001059230000009283020430458800100020000
005001066765317100301001136192000000000008713268250400001000150000
001001026000008611000506676531760260000105923000000928302600001059230000009283020430458800100020000
005001066765438600301001139175000000000008737418330400001000150000
005001066765438800301001139175000000000008737418330400001000150000
00200306676543900030100113917500000000000873741833070000300687002500000000000000000000010000000100000086110026000010592300000092830260000105923000000928300000000000000000000006360010804865158180002100000000
00200306676544270030100086835100000000000335318252070100303553002500000000000000000000010000000100000086110026000010592300000092830260000105923000000928300000000000000000000006360010804865158180002100000000
0020020667654822003010011361920000000000087132682501000030000000250000000000250000000001000000010000008611002600001059230000009283026000010592300000092830063600108048651581800021000000
005001066765483100109067980059000000000015462620880100001000360000
002011066765483600109067980059000000000015462620880100001004080025000012250008550008550000000000000100000001000000861100260000105923000000928302600001059230000009283000000000000000000000300000000000000000000000000006360010804865158180002100000000
00200306676550800020401595793100000000002960250374080000202894002500000000000000000000010000000100000086110026000010592300000092830260000105923000000928300000000000000000000006360010804865158180002100000000
002011066765525600104086560221000000000023619577040400001003400025000012250008550008550000000000000100000001000000861100260000105923000000928302600001059230000009283000000000000000000000300000000000000000000000000006360010804865158180002100000000
002011066765526200104159863511000000000024805141200400001008220025000012250000950008550000000000000100000001000000861100260000105923000000928302600001059230000009283000000000000000000000300000000000000000000000000006360010804865158180002100000000
002011066765526200104159863511000000000024805141200400001008220025000012250007600008550000000000000100000001000000861100260000105923000000928302600001059230000009283000000000000000000000300000000000000000000000000006360010804865158180002100000000
005001066765526800109164282301000000000006985823441023001002300000
005001066765527000109164282301000000000006985823441023001002300000
002011066765527500109164282301000000000006985823440100001008900025000012250008550008550000000000000100000001000000861100260000105923000000928302600001059230000009283000000000000000000000300000000000000000000000000006360010804865158180002100000000
005001066765528000104164347984000000000024125525201023001000150000
002011066765528200104164347984000000000024125525200400001046930025000012250008550008550000000000000100000001000000861100260000105923000000928302600001059230000009283000000000000000000000300000000000000000000000000006360010804865158180002100000000
002011066765530400117049138921000000000019892817820400001021450025000012250008550008550000000000000100000001000000861100260000105923000000928302600001059230000009283000000000000000000000300000000000000000000000000006360010804865158180002100000000
002011066765538500109104488353000000000013010683600100001006350025000012250008550008550000000000000100000001000000861100260000105923000000928302600001059230000009283000000000000000000000300000000000000000000000000006360010804865158180002100000000
005001066765544000104152520082000000000026236910801023001002300000
002011066765544300104152520082000000000026236910800400001030780025000012250008550008550000000000000100000001000000861100260000105923000000928302600001059230000009283000000000000000000000300000000000000000000000000006360010804865158180002100000000
00200306676555780020401097047500000000003040568274080000211838002500000000000000000000010000000100000086110026000010592300000092830260000105923000000928300000000000000000000006360010804865158180002100000000
00200306676559760030400524887900000000002523804554080000300353002500000000000000000000010000000100000086110026000010592300000092830260000105923000000928300000000000000000000006360010804865158180002100000000
002011066765652300109074039483000000000031301312720100001000920025000012250008550008550000000000000100000001000000861100260000105923000000928302600001059230000009283000000000000000000000300000000000000000000000000006360010804865158180002100000000
002011066765653500109107003903000000000013231460560100001002780025000012250008550008550000000000000100000001000000861100260000105923000000928302600001059230000009283000000000000000000000300000000000000000000000000006360010804865158180002100000000
002011066765702800104153168986000000000024926165200400001071900025000012250008550008550000000000000100000001000000861100260000105923000000928302600001059230000009283000000000000000000000300000000000000000000000000006360010804865158180002100000000
002011066765749000104158807634000000000026040167120400001054490025000012250003000003000008550000000100000001000000861100260000105923000000928302600001059230000009283100000000000000000000300000000000000000000000000006360010804865158180002100000000
002011066765795800109009670281000000000004040123600100001004790025000012250008550008550000000000000100000001000000861100260000105923000000928302600001059230000009283000000000000000000000300000000000000000000000000006360010804865158180002100000000
005001066765954400301001136192000000000008713268250001003000150000
005001066765954500301001136192000000000008713268250400001000150000
0020020667659549003010011361920000000000087132682501000030000000250000000000000000000001000000011000008611002600001059230000009283026000010592300000092830063600108048651581800021000000
0040010306676595640000
005001066765956500301001136192000000000008713268250400001000150000
00300107000030000100000000000086110026000010592300000092830260000105923000000928306676595680000
00300107010030000100000000000086110026000010592300000092830260000105923000000928306676595680000
00300101000030000100025000000086110026000010592300000092830260000105923000000928306676595680000
00300101000010000600051300000086110026000010592300000092830260000105923000000928306676595680000
00300108000020000200000000000086110026000010592300000092830260000105923000000928306676595680000
00300104000010000700063550000086110026000010592300000092830260000105923000000928306676595680000
00300108000030000100000000000086110026000010592300000092830260000105923000000928306676595680000
001001026000008611000406676595680260000105923000000928302600001059230000009283020430458800100120000
005001066765956900301001136192000000000008713268250400001000150000
001001026000008611000506676595730260000105923000000928302600001059230000009283020430458800100120000
002011066766021700104152337547000000000026121603280400001029830025000012250003550003550008550000000100000001000000861100260000105923000000928302600001059230000009283100000000000000000000300000000000000000000000000006360010804865158180002100000000
002011066766022700109056205211000000000007620360400100001003830025000012250004500004500008550000000100000001000000861100260000105923000000928302600001059230000009283100000000000000000000300000000000000000000000000006360010804865158180002100000000
00200306676602340030400422076800000000002553014330080000306983002500000000000000000000010000000100000086110026000010592300000092830260000105923000000928300000000000000000000006360010804865158180002100000000
002011066766057400104084075449000000000009108058320400001009180025000012250008550008550000000000000100000001000000861100260000105923000000928302600001059230000009283000000000000000000000300000000000000000000000000006360010804865158180002100000000
002011066766058000104165172381000000000018642350800400001113810025000012250008550008550000000000000100000001000000861100260000105923000000928302600001059230000009283000000000000000000000300000000000000000000000000006360010804865158180002100000000
005001066766094700104088633195000000000023630249681023001002300000
002011066766094900104088633195000000000023630249680400001001630025000025000025000000000000000000000100000001000000861100260000105923000000928302600001059230000009283000000000000000000000019000000000000000000000000006360010804865158180002100000000
002011066766095900104151664421000000000025351437520400001000970025000012250008550008550000000000000100000001000000861100260000105923000000928302600001059230000009283000000000000000000000300000000000000000000000000006360010804865158180002100000000
005001066766175400104151665036000000000024751565521023001002300000
002011066766175700104151665036000000000024751565520400001008830025000012250008550008550000000000000100000001000000861100260000105923000000928302600001059230000009283000000000000000000000300000000000000000000000000006360010804865158180002100000000
005001066766511000301001136192000000000008713268250400001000150000
00300104000010000600071450000086110026000010592300000092830260000105923000000928306676651130000
00300101000010000100012250000086110026000010592300000092830260000105923000000928306676651130000
00300108000030000100000000000086110026000010592300000092830260000105923000000928306676651130000
001001026000008611000406676651130260000105923000000928302600001059230000009283020430458800100020000
005001066766511400301001136192000000000008713268250400001000150000
001001026000008611000306676651170260000105923000000928302600001059230000009283020430458800100020000
001001026000008611000406676651220260000105923000000928302600001059230000009283020430458800100020000
005001066766512300301001136192000000000008713268250400001000150000
001001026000008611000506676651280260000105923000000928302600001059230000009283020430458800100020000
005001066766706200104085609072000000000015716224721023001002300000
002011066766706400104085609072000000000015716224720400001003550025000025000013200000000000000000000100000001000000861100260000105923000000928302600001059230000009283000000000000000000000000000000000000000000000000006360010804865158180002100000000
002011066766706400104085609072000000000015716224720400001003550025000025000011800000000000000000000100000001000000861100260000105923000000928302600001059230000009283000000000000000000000000000000000000000000000000006360010804865158180002100000000
0020020667667415003010011361920000000000087132682501000030000000250000000000250000000001000000010000008611002600001059230000009283026000010592300000092830063600108048651581800021000000
005001066766757400109160541752000000000001800423120100001000340000
005001066766757600104152913157000000000024900570321023001002300000
002011066766757900104152913157000000000024900570320400001015860025000012250008550008550000000000000100000001000000861100260000105923000000928302600001059230000009283000000000000000000000300000000000000000000000000006360010804865158180002100000000
002011066766758900104086119621000000000023768866000400001005540025000025000025000000000000000000000100000001000000861100260000105923000000928302600001059230000009283000000000000000000000000000000000000000000000000006360010804865158180002100000000
005001066766759400104085111228000000000016868355280400001000360000
002011066766759900104085111228000000000016868355280400001004500025000012250008550008550000000000000100000001000000861100260000105923000000928302600001059230000009283000000000000000000000300000000000000000000000000006360010804865158180002100000000
002011066766760600117054100161000000000031522196640400001034430025000012250008550008550000000000000100000001000000861100260000105923000000928302600001059230000009283000000000000000000000300000000000000000000000000006360010804865158180002100000000
002011066766761400104084680709000000000015382738640400001002020025000012250008550008550000000000000100000001000000861100260000105923000000928302600001059230000009283000000000000000000000300000000000000000000000000006360010804865158180002100000000
002011066766762100104087243121000000000016749612240400001005310025000012250008550008550000000000000100000001000000861100260000105923000000928302600001059230000009283000000000000000000000300000000000000000000000000006360010804865158180002100000000
002011066766763200104153186216000000000027769792720400001026100025000012250008080008550000000000000100000001000000861100260000105923000000928302600001059230000009283000000000000000000000300000000000000000000000000006360010804865158180002100000000
002011066766763200104153186216000000000027769792720400001026100025000012250000470008550000000000000100000001000000861100260000105923000000928302600001059230000009283000000000000000000000300000000000000000000000000006360010804865158180002100000000
005001066766764200109124393595000000000005849465041023001002300000
002011066766764900109124393595000000000005849465040100001029480025000012250008550008550000000000000100000001000000861100260000105923000000928302600001059230000009283000000000000000000000300000010000000000000000000606360010804865158180002100000000
0020020667667669003010011361920000000000087132682501000030000000250000000000250000000001000000010000008611002600001059230000009283026000010592300000092830063600108048651581800021000000
002011066766778800104151504466000000000023888080080400001000630025000012250008550008550000000000000100000001000000861100260000105923000000928302600001059230000009283000000000000000000000300000000000000000000000000006360010804865158180002100000000
002011066766779700104163080356000000000014966800080400001017590025000012250002450008550000000000000100000001000000861100260000105923000000928302600001059230000009283000000000000000000000300000000000000000000000000006360010804865158180002100000000
002011066766779700104163080356000000000014966800080400001017590025000012250006100008550000000000000100000001000000861100260000105923000000928302600001059230000009283000000000000000000000300000000000000000000000000006360010804865158180002100000000
002011066766786100104164877045000000000024056261840400001009870025000012250008550008550000000000000100000001000000861100260000105923000000928302600001059230000009283000000000000000000000300000000000000000000000000006360010804865158180002100000000
0020020667667916003010011361920000000000087132682501000030000000250000000000250000000001000000010000008611002600001059230000009283026000010592300000092830063600108048651581800021000000
0020020667667920003010011361920000000000087132682501000030000000250000000000250000000001000000010000008611002600001059230000009283026000010592300000092830063600108048651581800021000000
005001066766849500304004954931000000000004540376410800003000360000
00200306676685000030400495493100000000000454037641080000300722002500000000000000000000010000000100000086110026000010592300000092830260000105923000000928300000000000000000000006360010804865158180002100000000
005001066766883400104082878072000000000003923618001023001002300000
005001066766883600104082878072000000000003923618001023001002300000
002011066766883800104082878072000000000003923618000400001009100025000012250008550008550000000000000100000001000000861100260000105923000000928302600001059230000009283000000000000000000000300000000000000000000000000006360010804865158180002100000000
002011066766961400104156493098000000000027480889040400001000700025000025000025000000000000000000000100000001000000861100260000105923000000928302600001059230000009283000000000000000000000000000000000000000000000000006360010804865158180002100000000
00200306676696880150300215801100000000003442867163061201500289002500000000000000000000010000000100000086110026000010592300000092830260000105923000000928300000000000000000000006360010804865158180002100000000
002011066767042700104166555746000000000024435610320400001061000025000012250008550008550000000000000100000001000000861100260000105923000000928302600001059230000009283000000000000000000000300000000000000000000000000006360010804865158180002100000000
005001066767231900301001136192000000000008713268250400001000150000
00300104000010001400169050000086110026000010592300000092830260000105923000000928306676723220000
00300101000030000400100000000086110026000010592300000092830260000105923000000928306676723220000
00300101000010000100008550000086110026000010592300000092830260000105923000000928306676723220000
00300108000030000100000000000086110026000010592300000092830260000105923000000928306676723220000
00300106120150000100000000000086110026000010592300000092830260000105923000000928306676723220000
001001026000008611000406676723220260000105923000000928302600001059230000009283020430458800100120000
005001066767232300301001136192000000000008713268250400001000150000
001001026000008611000506676723280260000105923000000928302600001059230000009283020430458800100120000
005001066767395200109164817566000000000005594686161023001002300000
005001066767395400109164817566000000000005594686161023001002300000
002011066767395700109164817566000000000005594686160100001005560025000012250004500004500008550000000100000001000000861100260000105923000000928302600001059230000009283100000000000000000000300000000000000000000000000006360010804865158180002100000000
002011066767396100104162564571000000000028377910480400001037690025000012250004500004500008550000000100000001000000861100260000105923000000928302600001059230000009283100000000000000000000300000000000000000000000000006360010804865158180002100000000
002011066767396600104156328577000000000026952771280400001000320025000025000025000000000000000000000100000001000000861100260000105923000000928302600001059230000009283000000000000000000000000000000000000000000000000006360010804865158180002100000000
0020020667674062003010011361920000000000087132682501000030000000250000000000250000000001000000010000008611002600001059230000009283026000010592300000092830063600108048651581800021000000
00200306676746270030400338426100000000002138237212080000310076002500000000000000000000010000000100000086110026000010592300000092830260000105923000000928300000000000000000000006360010804865158180002100000000
005001066767463700109064249841000000000011620350161023001002300000
002011066767464000109064249841000000000011620350160100001022890025000012250008550008550000000000000100000001000000861100260000105923000000928302600001059230000009283000000000000000000000300000000000000000000000000006360010804865158180002100000000
005001066767604100301000984556000000000009890044110400001000150000
005001066767604200301000984556000000000009890044111008003000150000
005001066767604300301000984556000000000009890044110400001000150000
005001066767604500301000984556000000000009890044110400001000150000
00200306676760470030100098455600000000000989004411070000303683002500000000000000000000010000000100000086110026000010592300000092830260000105923000000928300000000000000000000006360010804865158180002100000000
002011066767613900104156498669000000000026903662800400001000760025000025000025000000000000000000000100000001000000861100260000105923000000928302600001059230000009283000000000000000000000000000000000000000000000000006360010804865158180002100000000
00200306676765730030100080847200000000003239429302070100305268002500000000000000000000010000000100000086110026000010592300000092830260000105923000000928300000000000000000000006360010804865158180002100000000
005001066767859200301001136192000000000008713268250400001000150000
00300101000010000200020800000086110026000010592300000092830260000105923000000928306676785950000
00300104000010000300062250000086110026000010592300000092830260000105923000000928306676785950000
00300101000030000100025000000086110026000010592300000092830260000105923000000928306676785950000
00300108000030000100000000000086110026000010592300000092830260000105923000000928306676785950000
00300107000030000100000000000086110026000010592300000092830260000105923000000928306676785950000
00300107010030000100000000000086110026000010592300000092830260000105923000000928306676785950000
001001026000008611000406676785950260000105923000000928302600001059230000009283020430458800100020000
005001066767859600301001136192000000000008713268250400001000150000
001001026000008611000306676785990260000105923000000928302600001059230000009283020430458800100020000
02000100106676786110030100113619200000000000871326825026000010592300000092830027801000008611002600001059230000009283026000010592300000092830000
0210010300060000086110026000010592300000092830260000105923000000928306676786110000
0210010400060000086110026000010592300000092830260000105923000000928306676786110000
0210010800040000086110026000010592300000092830260000105923000000928306676786110000
0210010900010000086110026000010592300000092830260000105923000000928306676786110000
0210012500340000086110026000010592300000092830260000105923000000928306676786110000
010001001026000010592300000092830000086110066767861100500000
001001026000008611000206676802050260000105923000000928300000000000000000000000020430458800100020000
010001001026000010592300000092830000086110066768021100400000
001001026000008611000106676802160000000105923000000000000000000000000000000000020430458800100020000
03400667653176000008611000005C06676531760667659568000008611004588I0000105923000010592301000000100000000000000100000001010000007000855000000001000000010100000050025000000000010000000104000000100030010000000100000001040000001000760000000001000000010400000010000950000000010000000104000001400085500000000100000001070000001000000000000001000000010701000010000000000000010000000108000000400000000000000100000001
03400667659573000008611000005C06676595730667665113000008611004588V000010592300001059230100000020004501000000010000000104000000400085500000000100000001040000003002500000000001000000010400000010003551000000010000000108000000200000000000000100000001080000002000000000000001000000010800000020000000000000010000000108000000200000000000000100000001
