1000020260000086110005063600108048651581800020980000
0450010000000000000000000106674779340000
0450010000000002000000000106674792110000
0450010000000002000000000106675049580000
0450010000000002000000000106675062290000
0450010000000002000000000106675075170000
0450010000000002000000000106675088040000
0450010000000002000000000106675100910000
0450010000000002000000000106675113790000
0450010000000002000000000106675126510000
0450010000000002000000000106675139400000
0450010000000002000000000106675152120000
0450010000000002000000000106675164840000
0450010000000002000000000106675177730000
0450010000000002000000000106675190440000
0450010000000002000000000106675311570000
0450010000000002000000000106675379300000
0450010000000002000000000106675392010000
0450010000000002000000000106676135900000
0450010000000002000000000106676148780000
0450010000000002000000000106676161670000
001001026000008611000206676165440000000080196000000000000000000000000000000000021480468800100000000
010001001026000008019600000076530000086110066761655000100000
010001001026000008019600000076530000086110066761656000200000
001001026000008611000306676165640260000080196000000765302600000801960000007653021480468800100010000
001001026000008611000406676178830260000080196000000765302600000801960000007653021480468800100010000
005001066761788700301001033661000000000026782383230400001000150000
001001026000008611000506676178920260000080196000000765302600000801960000007653021480468800100010000
005001066761823100104164426833000000000022978931921023001002300000
005001066761823400104164426833000000000022978931921023001002300000
005001066761823700104164426833000000000022978931921023001002300000
002011066761824300104164426833000000000022978931920400001021620016850008650008550008550000000000000100000001000000861100260000080196000000765302600000801960000007653000000000000000000000300000000000000000000000000006360010804865158180002098000000
002011066761825700117014111456000000000023392679290400001053710016850008650008550008550000000000000100000001000000861100260000080196000000765302600000801960000007653000000000000000000000300000000000000000000000000006360010804865158180002098000000
002011066761835500104151307181000000000024573228240400001036810016850008650008550008550000000000000100000001000000861100260000080196000000765302600000801960000007653000000000000000000000300000000000000000000000000006360010804865158180002098000000
005001066761841300301000619157000000000026950636190400001000150000
005001066761841600301000619157000000000026950636190400001000150000
00200306676184180030100061915700000000002695063619070000307162001685000000000000000000010000000100000086110026000008019600000076530260000080196000000765300000000000000000000006360010804865158180002098000000
002011066761846400109001003391000000000005795733200100001014230016850008650008550008550000000000000100000001000000861100260000080196000000765302600000801960000007653000000000000000000000300000000000000000000000000006360010804865158180002098000000
002011066761852900104165359307000000000022951296720400001037740016850008650008550008550000000000000100000001000000861100260000080196000000765302600000801960000007653000000000000000000000300000000000000000000000000006360010804865158180002098000000
002011066761865700104086377418000000000015583565520400001007950016850016850002650000000000000000000100000001000000861100260000080196000000765302600000801960000007653000000000000000000000000000000000000000000000000006360010804865158180002098000000
002011066761865800104086377418000000000015583565520400001007950016850016850014200000000000000000000100000001000000861100260000080196000000765302600000801960000007653000000000000000000000000000000000000000000000000006360010804865158180002098000000
002011066761866300104083049282000000000011170064080400001007980016850008650008550008550000000000000100000001000000861100260000080196000000765302600000801960000007653000000000000000000000300000000000000000000000000006360010804865158180002098000000
002011066761874700104083364111000000000011756424400400001016680016850008650008550008550000000000000100000001000000861100260000080196000000765302600000801960000007653000000000000000000000300000000000000000000000000006360010804865158180002098000000
005001066761900200104089274687000000000033311212241023001002300000
002011066761900400104089274687000000000033311212240400001001570016850008650008550008550000000000000100000001000000861100260000080196000000765302600000801960000007653000000000000000000000300000000000000000000000000006360010804865158180002098000000
002011066761900900104164136983000000000017719504080400001015140016850008650008550008550000000000000100000001000000861100260000080196000000765302600000801960000007653000000000000000000000300000000000000000000000000006360010804865158180002098000000
002011066761901400104085761877000000000019196214480400001006960016850008650008550008550000000000000100000001000000861100260000080196000000765302600000801960000007653000000000000000000000300000000000000000000000000006360010804865158180002098000000
002011066761903100104151584214000000000024550075600400001000470016850016850016850000000000000000000100000001000000861100260000080196000000765302600000801960000007653000000000000000000000000000000000000000000000000006360010804865158180002098000000
005001066761929200109059452367000000000004840543441023001002300000
002011066761929500109059452367000000000004840543440100001040620016850008650008550008550000000000000100000001000000861100260000080196000000765302600000801960000007653000000000000000000000300000000000000000000000000006360010804865158180002098000000
005001066761975100104163858489000000000023379106000400001000150000
002011066761975200104163858489000000000023379106000400001053060016850008650008550008550000000000000100000001000000861100260000080196000000765302600000801960000007653000000000000000000000300000000000000000000000000006360010804865158180002098000000
005001066761975900104088874524000000000029333786320400001000150000
005001066761975900104088874524000000000029333786320400001000150000
002011066761976300104088874524000000000029333786320400001004140016850008650008550008550000000000000100000001000000861100260000080196000000765302600000801960000007653000000000000000000000300000000000000000000000000006360010804865158180002098000000
002011066761981200104083275381000000000011780089040400001013370016850008650008550008550000000000000100000001000000861100260000080196000000765302600000801960000007653000000000000000000000300000000000000000000000000006360010804865158180002098000000
005001066762008900104151317437000000000025945029840400001000150000
005001066762008900104151317437000000000025945029840400001000150000
005001066762009000104151317437000000000025945029841023001000150000
005001066762009000104151317437000000000025945029841022001000150000
005001066762009300104151317437000000000025945029840400001000150000
002011066762009400104151317437000000000025945029840400001001300016850016850016850000000000000000000100000001000000861100260000080196000000765302600000801960000007653000000000000000000000000000000000000000000000000006360010804865158180002098000000
005001066762051200104157320316000000000026779449041023001002300000
002011066762051600104157320316000000000026779449040400001002930016850008650008550008550000000000000100000001000000861100260000080196000000765302600000801960000007653000000000000000000000300000000000000000000000000006360010804865158180002098000000
005001066762061100104163925577000000000024075528401023001002300000
002011066762061400104163925577000000000024075528400400001055840016850008650008550008550000000000000100000001000000861100260000080196000000765302600000801960000007653000000000000000000000300000000000000000000000000006360010804865158180002098000000
0020020667620627003010010336610000000000267823832301000030000000168500000000168500000001000000010000008611002600000801960000007653026000008019600000076530063600108048651581800020980000
005001066762071800104156912147000000000027455114960400001000150000
002011066762071900104156912147000000000027455114960400001036650016850008650008550008550000000000000100000001000000861100260000080196000000765302600000801960000007653000000000000000000000300000000000000000000000000006360010804865158180002098000000
002011066762097200104164082719000000000024284465360400001017230016850008650008550008550000000000000100000001000000861100260000080196000000765302600000801960000007653000000000000000000000300000000000000000000000000006360010804865158180002098000000
00200306676217580030400422846700000000002446765765080000302602001685000000000000000000010000000100000086110026000008019600000076530260000080196000000765300000000000000000000006360010804865158180002098000000
005001066762206500301001033661000000000026782383230400001000150000
00300104000010001900187350000086110026000008019600000076530260000080196000000765306676220680000
00300107000030000100000000000086110026000008019600000076530260000080196000000765306676220680000
00300101000010000200017100000086110026000008019600000076530260000080196000000765306676220680000
00300101000030000100016850000086110026000008019600000076530260000080196000000765306676220680000
00300108000030000100000000000086110026000008019600000076530260000080196000000765306676220680000
001001026000008611000406676220680260000080196000000765302600000801960000007653021480468800100110000
005001066762206900301001033661000000000026782383230400001000150000
001001026000008611000306676220720260000080196000000765302600000801960000007653021480468800100110000
02000100106676220820030100103366100000000002678238323026000008019600000076530109301000008611002600000801960000007653026000008019600000076530000
0210010300010000086110026000008019600000076530260000080196000000765306676220820000
0210010400030000086110026000008019600000076530260000080196000000765306676220820000
0210010800010000086110026000008019600000076530260000080196000000765306676220820000
0210012500180000086110026000008019600000076530260000080196000000765306676220820000
010001001026000008019600000076530000086110066762208200500000
001001026000008611000206676220880260000080196000000765300000000000000000000000021480468800100110000
001001026000008611000306676220920260000080196000000765300000000000000000000000021480468800100110000
001001026000008611000206676220970260000080196000000765300000000000000000000000021480468800100110000
010001001026000008019600000076530000086110066762210300400000
001001026000008611000106676221080000000080196000000000000000000000000000000000021480468800100110000
03400667617892000008611000005C06676178920667622068000008611004688I000008019600000801960100000020008550000000010000000101000000100168500000000100000001040000016000855000000001000000010400000010002650000000010000000104000000100142000000000100000001040000002001685000000001000000010700000010000000000000010000000108000000100000000000000100000001
