1000020260000086227005063600113589159216220000000000
0450010000000002000000000106674847970000
0450010000000002000000000106674860690000
0450010000000000000000000106674862780000
0450010000000002000000000106675011670000
0450010000000002000000000106675512600000
0450010000000002000000000106675525470000
0450010000000002000000000106675754820000
0450010000000002000000000106675767540000
0450010000000002000000000106675780260000
0450010000000002000000000106675792980000
0450010000000002000000000106675805850000
0450010000000002000000000106675818570000
0450010000000002000000000106675831440000
0450010000000002000000000106675844160000
0450010000000002000000000106675857030000
0450010000000002000000000106676005740000
0450010000000002000000000106676018460000
0450010000000002000000000106676031330000
0450010000000002000000000106676044060000
0450010000000002000000000106676056780000
0450010000000002000000000106676069660000
0450010000000002000000000106676082530000
0450010000000002000000000106676095240000
0450010000000002000000000106676162570000
0450010000000002000000000106676175440000
0450010000000002000000000106676188160000
0450010000000002000000000106676201030000
0450010000000002000000000106676213910000
0450010000000002000000000106676226640000
0450010000000002000000000106676239520000
0450010000000000000000000106676243440000
0450010000000002000000000106676256170000
0450010000000002000000000106676269130000
0450010000000002000000000106676282000000
0450010000000002000000000106676294810000
0450010000000002000000000106676307680000
0450010000000002000000000106676320550000
0450010000000002000000000106676333430000
0450010000000002000000000106676346390000
0450010000000002000000000106676359260000
0450010000000002000000000106676372140000
0450010000000002000000000106676385020000
0450010000000002000000000106676452010000
0450010000000002000000000106676464890000
0450010000000002000000000106676477770000
0450010000000002000000000106676490650000
0450010000000002000000000106676503520000
0450010000000002000000000106676516390000
0450010000000002000000000106676529110000
0450010000000002000000000106676541980000
0450010000000002000000000106676554700000
0450010000000002000000000106676567430000
0450010000000002000000000106676580310000
0450010000000002000000000106676593190000
0450010000000002000000000106676606060000
0450010000000002000000000106676618930000
0450010000000002000000000106676631810000
0450010000000002000000000106676644680000
0450010000000002000000000106676657550000
0450010000000002000000000106676670260000
0450010000000002000000000106676682980000
0450010000000002000000000106676695790000
0450010000000002000000000106676708760000
0450010000000002000000000106676721630000
0450010000000002000000000106676734500000
0450010000000002000000000106676747370000
0450010000000002000000000106676760250000
001001026000008622700206676770680000000063500000000000000000000000000000000000020430458800100000000
001001026000008622700106676770770000000063500000000000000000000000000000000000020430458800100000000
