1000020260000086294005063600113589159310950000000000
0450010000000000000000000106674765430000
0450010000000002000000000106674778310000
0450010000000002000000000106674791030000
0450010000000002000000000106674859680000
0450010000000002000000000106675062510000
0450010000000002000000000106675075220000
0450010000000002000000000106675198400000
0450010000000002000000000106675211260000
0450010000000002000000000106675224130000
0450010000000002000000000106675237010000
0450010000000002000000000106676091970000
0450010000000002000000000106676104690000
0450010000000002000000000106676117560000
0450010000000002000000000106676130270000
0450010000000002000000000106676142990000
0450010000000002000000000106676155910000
0450010000000002000000000106676168780000
0450010000000002000000000106676181670000
0450010000000002000000000106676194540000
0450010000000002000000000106676207410000
0450010000000002000000000106676220280000
0450010000000002000000000106676233160000
0450010000000002000000000106676245880000
0450010000000002000000000106676258760000
0450010000000002000000000106676271640000
0450010000000002000000000106676284510000
0450010000000002000000000106676297390000
0450010000000002000000000106676310110000
0450010000000002000000000106676322990000
0450010000000002000000000106676335720000
0450010000000002000000000106676348590000
0450010000000002000000000106676361310000
0450010000000002000000000106676374180000
0450010000000002000000000106676386900000
0450010000000002000000000106676399760000
0450010000000002000000000106676412640000
0450010000000002000000000106676425510000
0450010000000002000000000106676438380000
0450010000000002000000000106676451260000
0450010000000002000000000106676463980000
0450010000000002000000000106676476850000
0450010000000002000000000106676489720000
0450010000000002000000000106676502440000
0450010000000002000000000106676515150000
0450010000000002000000000106676528030000
0450010000000002000000000106676540890000
0450010000000002000000000106676553770000
0450010000000002000000000106676566650000
0450010000000002000000000106676579530000
0450010000000002000000000106676592400000
0450010000000002000000000106676605120000
0450010000000002000000000106676617990000
0450010000000002000000000106676630880000
0450010000000002000000000106676643600000
0450010000000002000000000106676656480000
0450010000000002000000000106676669370000
0450010000000002000000000106676682260000
0450010000000002000000000106676694980000
0450010000000002000000000106676707850000
0450010000000002000000000106676720580000
0450010000000002000000000106676733290000
0450010000000002000000000106676746010000
0450010000000002000000000106676758730000
001001026000008629400206676769650000000063500000000000000000000000000000000000021480468800100000000
001001026000008629400106676769740000000063500000000000000000000000000000000000021480468800100000000
