1000020260000086103005063600113589159214780025360000
0450010000000002000000000106676083300000
0450010000000002000000000106676096040000
001001026000008610300206676587790000000099871000000000000000000000000000000000020430458800100000000
010001001026000009987100000087630000086103066765878600100000
010001001026000009987100000087630000086103066765879700200000
001001026000008610300306676588000260000099871000000876302600000998710000008763020430458800100020000
001001026000008610300206676601310260000099871000000876302600000998710000008763020430458800100020000
001001026000008610300306676601340260000099871000000876302600000998710000008763020430458800100020000
001001026000008610300406676601400260000099871000000876302600000998710000008763020430458800100020000
005001066766014100301001073311000000000006579499320400001000150000
001001026000008610300506676601450260000099871000000876302600000998710000008763020430458800100020000
0020020667661229003010010733110000000000065794993201000030000000250000000000250000000001000000010000008610302600000998710000008763026000009987100000087630063600113589159214780025360000
00200306676614510020401731216300000000000109341760080000200093002500000000000000000000010000000100000086103026000009987100000087630260000099871000000876300000000000000000000006360011358915921478002536000000
002011066766161100109067877819000000000014601137360100001007990025000025000025000000000000000000000100000001000000861030260000099871000000876302600000998710000008763000000000000000000000000000000000000000000000000006360011358915921478002536000000
002011066766191600104156528169000000000028486884560400001004790025000012250008550008550000000000000100000001000000861030260000099871000000876302600000998710000008763000000000000000000000300000000000000000000000000006360011358915921478002536000000
002011066766202500104163613991000000000017687788240400001028110025000012250008550008550000000000000100000001000000861030260000099871000000876302600000998710000008763000000000000000000000300000000000000000000000000006360011358915921478002536000000
002011066766203100109164670387000000000006940181200100001008850025000012250008550008550000000000000100000001000000861030260000099871000000876302600000998710000008763000000000000000000000300000010000000000000000000106360011358915921478002536000000
002011066766203600104166146129000000000024022953680400001010270025000012250008550008550000000000000100000001000000861030260000099871000000876302600000998710000008763000000000000000000000300000000000000000000000000006360011358915921478002536000000
002011066766204000104164412557000000000023234834640400001083720025000012250008550008550000000000000100000001000000861030260000099871000000876302600000998710000008763000000000000000000000300000000000000000000000000006360011358915921478002536000000
005001066766204700104081982411000000000001851193041023001002300000
005001066766204900104081982411000000000001851193041023001002300000
002011066766205400104081982411000000000001851193040400001004650025000012250008550008550000000000000100000001000000861030260000099871000000876302600000998710000008763000000000000000000000300000000000000000000000000006360011358915921478002536000000
005001066766206200109077555482000000000030356414161023001002300000
002011066766206400109077555482000000000030356414160100001000090025000025000025000000000000000000000100000001000000861030260000099871000000876302600000998710000008763000000000000000000000000000000000000000000000000006360011358915921478002536000000
002011066766207100109123838968000000000010632448720100001001640025000012250008550008550000000000000100000001000000861030260000099871000000876302600000998710000008763000000000000000000000300000010000000000000000000206360011358915921478002536000000
002011066766207700109125201576000000000006002194640100001000760025000012250008550008550000000000000100000001000000861030260000099871000000876302600000998710000008763000000000000000000000300000010000000000000000000106360011358915921478002536000000
005001066766208300109161890599000000000000146678481023001002300000
002011066766208500109161890599000000000000146678480100001004770025000012250008550008550000000000000100000001000000861030260000099871000000876302600000998710000008763000000000000000000000300000010000000000000000001706360011358915921478002536000000
002011066766209000109055730291000000000004977961680100001002350025000012250008550008550000000000000100000001000000861030260000099871000000876302600000998710000008763000000000000000000000300000000000000000000000000006360011358915921478002536000000
002011066766209500109019259256000000000027316480720100001001660025000012250008550008550000000000000100000001000000861030260000099871000000876302600000998710000008763000000000000000000000300000000000000000000000000006360011358915921478002536000000
0020020667662108003010010733110000000000065794993201000030000000250000000000250000000001000000010000008610302600000998710000008763026000009987100000087630063600113589159214780025360000
0020020667662127003010010733110000000000065794993201000030000000250000000000250000000001000000010000008610302600000998710000008763026000009987100000087630063600113589159214780025360000
005001066766213900104151962669000000000023831483601023001002300000
002011066766214600104151962669000000000023831483600400001000780025000012250000250008550000000000000100000001000000861030260000099871000000876302600000998710000008763000000000000000000000300000000000000000000000000006360011358915921478002536000000
002011066766214600104151962669000000000023831483600400001000780025000012250008300008550000000000000100000001000000861030260000099871000000876302600000998710000008763000000000000000000000300000000000000000000000000006360011358915921478002536000000
005001066766215100109079599045000000000028728464081023001002300000
002011066766215700109079599045000000000028728464080100001000030025000025000025000000000000000000000100000001000000861030260000099871000000876302600000998710000008763000000000000000000000000000000000000000000000000006360011358915921478002536000000
005001066766216700104162475659000000000025182579920400001000340000
005001066766217000104162475659000000000025182579920400001000340000
005001066766217200104162475659000000000025182579920400001000340000
002011066766218700104159950651000000000026396334800400001004580025000012250008550008550000000000000100000001000000861030260000099871000000876302600000998710000008763000000000000000000000300000000000000000000000000006360011358915921478002536000000
002011066766227700117046313755000000000012028852060400001033610025000012250008550008550000000000000100000001000000861030260000099871000000876302600000998710000008763000000000000000000000300000000000000000000000000006360011358915921478002536000000
00200306676624000030500025519100000000002290288411071000302247002500000000000000000000010000000100000086103026000009987100000087630260000099871000000876300000000000000000000006360011358915921478002536000000
00200306676625440030500028815300000000001981969271071000302075002500000000000000000000010000000100000086103026000009987100000087630260000099871000000876300000000000000000000006360011358915921478002536000000
00200306676625570030500025866100000000002290204251071000301902002500000000000000000000010000000100000086103026000009987100000087630260000099871000000876300000000000000000000006360011358915921478002536000000
005001066766281000104151997179000000000023833672401023001002300000
002011066766281200104151997179000000000023833672400400001000610025000025000025000000000000000000000100000001000000861030260000099871000000876302600000998710000008763000000000000000000000000000000000000000000000000006360011358915921478002536000000
002011066766409700104088807681000000000029307776720400001002910025000025000025000000000000000000000100000001000000861030260000099871000000876302600000998710000008763000000000000000000000000000000000000000000000000006360011358915921478002536000000
002011066766456500117027107398000000000034728227330400001045270025000012250008550008550000000000000100000001000000861030260000099871000000876302600000998710000008763000000000000000000000300000000000000000000000000006360011358915921478002536000000
005001066766463800000000000000000000000015736717520000000000150000
002011066766463900104086211706000000000015736717520400001012500025000025000025000000000000000000000100000001000000861030260000099871000000876302600000998710000008763000000000000000000000000000000000000000000000000006360011358915921478002536000000
002011066766622600104160416221000000000026973543120400001051830025000012250000000000000008550000000100000001000000861030260000099871000000876302600000998710000008763100000000000000000000300000000000000000000000000006360011358915921478002536000000
005001066766687700301001073311000000000006579499320400001000150000
00300101000030000300075000000086103026000009987100000087630260000099871000000876306676668810000
00300108000020000100000000000086103026000009987100000087630260000099871000000876306676668810000
00300101000010000900126300000086103026000009987100000087630260000099871000000876306676668810000
00300104000010001300164200000086103026000009987100000087630260000099871000000876306676668810000
00300107100030000300000000000086103026000009987100000087630260000099871000000876306676668810000
001001026000008610300406676668810260000099871000000876302600000998710000008763020430458800100120000
005001066766688100301001073311000000000006579499320400001000150000
001001026000008610300506676668860260000099871000000876302600000998710000008763020430458800100120000
002011066766813500109055975497000000000004948329680100001000890025000012250003550003550008550000000100000001000000861030260000099871000000876302600000998710000008763100000000000000000000300000000000000000000000000006360011358915921478002536000000
005001066766814000104152831428000000000024973159121023001002300000
002011066766814300104152831428000000000024973159120400001021120025000012250004500004500008550000000100000001000000861030260000099871000000876302600000998710000008763100000000000000000000300000000000000000000000000006360011358915921478002536000000
002011066766814800104083530215000000000011940501200400001007630025000012250004750004750008550000000100000001000000861030260000099871000000876302600000998710000008763100000000000000000000300000000000000000000000000006360011358915921478002536000000
002011066766815300104163200092000000000017801549520400001069980025000012250004500004500008550000000100000001000000861030260000099871000000876302600000998710000008763100000000000000000000300000000000000000000000000006360011358915921478002536000000
002011066766815700104164060979000000000022768883920400001066600025000012250008550008550000000000000100000001000000861030260000099871000000876302600000998710000008763000000000000000000000300000000000000000000000000006360011358915921478002536000000
002011066766816300109109228783000000000016280556240100001002360025000012250003550003550008550000000100000001000000861030260000099871000000876302600000998710000008763100000000000000000000300000000000000000000000000006360011358915921478002536000000
002011066766817100109104221268000000000012387820240100001023210025000012250008550008550000000000000100000001000000861030260000099871000000876302600000998710000008763000000000000000000000300000010000000000000000005706360011358915921478002536000000
0020020667668191003010010733110000000000065794993201000030000000250000000000250000000001000000010000008610302600000998710000008763026000009987100000087630063600113589159214780025360000
005001066766819800104163101061000000000016322750160400001000150000
002011066766819900104163101061000000000016322750160400001080950025000012250008550008550000000000000100000001000000861030260000099871000000876302600000998710000008763000000000000000000000300000000000000000000000000006360011358915921478002536000000
005001066766820400104151666113000000000024542779601023001002300000
005001066766821100104151666113000000000024542779601023001002300000
002011066766821400104151666113000000000024542779600400001002260025000025000025000000000000000000000100000001000000861030260000099871000000876302600000998710000008763000000000000000000000000000000000000000000000000006360011358915921478002536000000
005001066766821800104158170237000000000026021159121023001002300000
002011066766822000104158170237000000000026021159120400001047100025000012250008550008550000000000000100000001000000861030260000099871000000876302600000998710000008763000000000000000000000300000000000000000000000000006360011358915921478002536000000
002011066766822600104163188068000000000017798618320400001061360025000012250008550008550000000000000100000001000000861030260000099871000000876302600000998710000008763000000000000000000000300000000000000000000000000006360011358915921478002536000000
002011066766823200104160689783000000000027017516240400001012760025000012250008550008550000000000000100000001000000861030260000099871000000876302600000998710000008763000000000000000000000300000000000000000000000000006360011358915921478002536000000
002011066766823800104070169748000000000027099824840400001038180025000025000025000000000000000000000100000001000000861030260000099871000000876302600000998710000008763000000000000000000000019300000000000000000000000006360011358915921478002536000000
002011066766844500104087546507000000000016902928080400001006480025000012250008550008550000000000000100000001000000861030260000099871000000876302600000998710000008763000000000000000000000300000000000000000000000000006360011358915921478002536000000
005001066766912000104163073333000000000017681872081023001002300000
002011066766912200104163073333000000000017681872080400001017760025000012250008550008550000000000000100000001000000861030260000099871000000876302600000998710000008763000000000000000000000300000000000000000000000000006360011358915921478002536000000
002011066766912700109164281046000000000000280410320100001015670025000012250000000000000008550000000100000001000000861030260000099871000000876302600000998710000008763100000000000000000000300000000000000000000000000006360011358915921478002536000000
002011066766913400104088549089000000000029379216080400001002710025000025000025000000000000000000000100000001000000861030260000099871000000876302600000998710000008763000000000000000000000019000000000000000000000000006360011358915921478002536000000
002011066766914000104151907099000000000024760735440400001079250025000012250008550008550000000000000100000001000000861030260000099871000000876302600000998710000008763000000000000000000000300000000000000000000000000006360011358915921478002536000000
005001066766969000104088358763000000000023681703120400001000360000
002011066766969400104088358763000000000023681703120400001005340025000012250000000000000008550000000100000001000000861030260000099871000000876302600000998710000008763100000000000000000000300000000000000000000000000006360011358915921478002536000000
002011066767032900117007514915000000000038591068510400001046390025000012250008550008550000000000000100000001000000861030260000099871000000876302600000998710000008763000000000000000000000300000000000000000000000000006360011358915921478002536000000
002011066767115900104089151992000000000033066148560400001001440025000025000012050000000000000000000100000001000000861030260000099871000000876302600000998710000008763000000000000000000000000000000000000000000000000006360011358915921478002536000000
002011066767115900104089151992000000000033066148560400001001440025000025000012950000000000000000000100000001000000861030260000099871000000876302600000998710000008763000000000000000000000000000000000000000000000000006360011358915921478002536000000
005001066767130000301000926238000000000033648925220400001000150000
005001066767130300301000926238000000000033648925220400001000150000
00200306676713050030100092623800000000003364892522070000300607002500000000000000000000010000000100000086103026000009987100000087630260000099871000000876300000000000000000000006360011358915921478002536000000
005001066767348300301001073311000000000006579499320400001000150000
00300101000010000400045300000086103026000009987100000087630260000099871000000876306676734860000
00300104000010001700225950000086103026000009987100000087630260000099871000000876306676734860000
00300101000030000100025000000086103026000009987100000087630260000099871000000876306676734860000
00300107000030000100000000000086103026000009987100000087630260000099871000000876306676734860000
001001026000008610300406676734860260000099871000000876302600000998710000008763020430458800100020000
005001066767348700301001073311000000000006579499320400001000150000
001001026000008610300506676734920260000099871000000876302600000998710000008763020430458800100020000
002011066767562500104087036932000000000016589125840400001005020025000012250008550008550000000000000100000001000000861030260000099871000000876302600000998710000008763000000000000000000000300000000000000000000000000006360011358915921478002536000000
005001066767563001503003229001000000000005720746110614015000840000
00200306676756300150300322900100000000000572074611061301500310002500000000000000000000010000000100000086103026000009987100000087630260000099871000000876300000000000000000000006360011358915921478002536000000
005001066767564801503003229001000000000005720746110613015001170000
005001066767565501503003229001000000000005720746110614015000840000
044001066767565501503003229001000000000005720746110613015003100000
0020020667675665015030032290010000000000057207461106140150030000250000000000000000000001000000010000008610302600000998710000008763026000009987100000087630063600113589159214780025360000
005001066767844300301001073311000000000006579499320400001000150000
00300104000010000100008550000086103026000009987100000087630260000099871000000876306676784460000
00300106130150000100000000000086103026000009987100000087630260000099871000000876306676784460000
00300106140150000100000000000086103026000009987100000087630260000099871000000876306676784460000
001001026000008610300406676784460260000099871000000876302600000998710000008763020430458800100120000
005001066767844700301001073311000000000006579499320400001000150000
001001026000008610300506676784520260000099871000000876302600000998710000008763020430458800100120000
005001066768061900109128594978000000000006391053521023001002300000
005001066768062200109128594978000000000006391053521023001002300000
002011066768063000109128594978000000000006391053520100001005340025000012250003550003550008550000000100000001000000861030260000099871000000876302600000998710000008763100000000000000000000300000000000000000000000000006360011358915921478002536000000
00200306676806380030400504165400000000001546057794080000300529002500000000000000000000010000000100000086103026000009987100000087630260000099871000000876300000000000000000000006360011358915921478002536000000
002011066768065200104083187677000000000012686769360400001011830025000012250003550003550008550000000100000001000000861030260000099871000000876302600000998710000008763100000000000000000000300000000000000000000000000006360011358915921478002536000000
005001066768067000104089527585000000000027157056720400001000150000
005001066768067000104089527585000000000027157056720400001000360000
005001066768067300104089527585000000000027157056721023001002300000
002011066768068100104089527585000000000027157056720400001002610025000012250004750004750008550000000100000001000000861030260000099871000000876302600000998710000008763100000000000000000000300000000000000000000000000006360011358915921478002536000000
005001066768128700104164348051000000000022906652881023001002300000
002011066768129000104164348051000000000022906652880400001063210025000012250008550008550000000000000100000001000000861030260000099871000000876302600000998710000008763000000000000000000000300000000000000000000000000006360011358915921478002536000000
005001066768183500104082004471000000000002765706961023001002300000
005001066768183700104082004471000000000002765706960400001000150000
002011066768183900104082004471000000000002765706960400001009170025000012250008550008550000000000000100000001000000861030260000099871000000876302600000998710000008763000000000000000000000300000000000000000000000000006360011358915921478002536000000
002011066768273900104157503399000000000027546325200400001021450025000012250004100004100008550000000100000001000000861030260000099871000000876302600000998710000008763100000000000000000000300000000000000000000000000006360011358915921478002536000000
005001066768275500301001162576000000000026724114020400001000150000
005001066768275800301001162576000000000026724114020400001000150000
00200306676827590030100116257600000000002672411402070000300258002500000000000000000000010000000100000086103026000009987100000087630260000099871000000876300000000000000000000006360011358915921478002536000000
002011066768355000104166485578000000000017001902800400001018300025000025000025000000000000000000000100000001000000861030260000099871000000876302600000998710000008763000000000000000000000019000000000000000000000000006360011358915921478002536000000
002011066768355600117057116981000000000037353995900400001013620025000012250000000000000008550000000100000001000000861030260000099871000000876302600000998710000008763100000000000000000000300000000000000000000000000006360011358915921478002536000000
005001066770000300301001073311000000000006579499320400001000150000
00300101000010000100012250000086103026000009987100000087630260000099871000000876306677000060000
00300108000030000100000000000086103026000009987100000087630260000099871000000876306677000060000
00300104000010000700091100000086103026000009987100000087630260000099871000000876306677000060000
00300107000030000100000000000086103026000009987100000087630260000099871000000876306677000060000
001001026000008610300406677000060260000099871000000876302600000998710000008763020430458800100020000
005001066770000700301001073311000000000006579499320400001000150000
001001026000008610300306677000100260000099871000000876302600000998710000008763020430458800100020000
02000100106677000200030100107331100000000000657949932026000009987100000087630071601000008610302600000998710000008763026000009987100000087630000
0210010300020000086103026000009987100000087630260000099871000000876306677000200000
0210010400080000086103026000009987100000087630260000099871000000876306677000200000
0210010500030000086103026000009987100000087630260000099871000000876306677000200000
0210010800020000086103026000009987100000087630260000099871000000876306677000200000
0210011000010000086103026000009987100000087630260000099871000000876306677000200000
0210011100010000086103026000009987100000087630260000099871000000876306677000200000
0210011800030000086103026000009987100000087630260000099871000000876306677000200000
0210012500410000086103026000009987100000087630260000099871000000876306677000200000
010001001026000009987100000087630000086103066770002000500000
001001026000008610300206677000230260000099871000000876300000000000000000000000020430458800100020000
010001001026000009987100000087630000086103066770002900400000
001001026000008610300106677000340000000099871000000000000000000000000000000000020430458800100020000
03400667660145000008610300005C06676601450667666881000008610304588I00000998710000099871010000006002500000000001000000010100000060008550000000010000000104000000100002500000000100000001040000001000830000000001000000010400000010000001000000010000000104000000900085500000000100000001040000003002500000000001000000010710000030000000000000010000000108000000100000000000000100000001
03400667666886000008610300005C06676668860667673486000008610304588V00000998710000099871010000003000355100000001000000010100000010000001000000010000000101000000100250000000000100000001010000001000855000000001000000010400000020000001000000010000000104000000100129500000000100000001040000001001205000000001000000010400000020004501000000010000000104000000400250000000000100000001040000011000855000000001000000010400000020004751000000010000000107000000200000000000000100000001070000002000000000000001000000010700000020000000000000010000000107000000200000000000000100000001070000002000000000000001000000010700000020000000000000010000000107000000200000000000000100000001070000002000000000000001000000010700000020000000000000010000000107000000200000000000000100000001070000002000000000000001000000010700000020000000000000010000000107000000200000000000000100000001
