1000020260000086071005063600113589159221790027510000
0450010000000002000000000106610773020000
0450010000000002000000000106610839880000
0450010000000000000000000106613367930000
0450010000000000000000000106615353110000
0450010000000000000000000106615410680000
0450010000000000000000000106618337530000
0450010000000000000000000106631391250000
0450010000000000000000000106631392890000
0450010000000000000000000106631523940000
0450010000000000000000000106632374510000
0450010000000000000000000105428000050000
0450010000000000000000000105428000100000
0450010000000000000000000105428000130000
0450010000000000000000000106658539750000
0450010000000000000000000106664390850000
0450010000000000000000000106666472430000
0450010000000000000000000106668358360000
0450010000000000000000000106673594500000
0450010000000000000000000106674519100000
0450010000000000000000000106674629250000
0450010000000002000000000106674641970000
0450010000000002000000000106674654840000
0450010000000002000000000106674667550000
0450010000000002000000000106674680430000
0450010000000002000000000106674693150000
0450010000000002000000000106674706020000
0450010000000002000000000106674718760000
0450010000000002000000000106674731480000
001001026000008607100206676584530000000051433000000000000000000000000000000000020650461000100100000
010001001026000005143300000000800000086071066765846000100000
010001001026000005143300000000800000086071066765847200200000
001001026000008607100306676584760260000051433000000008002600000514330000000080020650461000100140000
005001066765847700301000777682000000000025747942001023003000150000
001001026000008607100406676584920260000051433000000008002600000514330000000080020650461000100040000
005001066765850300301000777682000000000025747942000400001000150000
001001026000008607100506676585080260000051433000000008002600000514330000000080020650461000100040000
005001066765851400305000446298000000000027867978970400001000150000
005001066765851700305000446298000000000027867978970400001000150000
00200306676585170030500044629800000000002786797897071000300001001685000000000000000000010000000110000086071026000005143300000000800260000051433000000008000000000000000000000006360011358915922179002751000000
0040010306676585390000
005001066765854200305000446131000000000039344837170400001000150000
005001066765854400305000446131000000000039344837170400001000150000
00200306676585450030500044613100000000003934483717071000300003001685000000000000000000010000000110000086071026000005143300000000800260000051433000000008000000000000000000000006360011358915922179002751000000
0040010306676585650000
005001066765856800305000446298000000000027867978970400001000150000
005001066765857000305000446298000000000027867978970400001000150000
005001066765857000305000446298000000000027867978970710003000800000
005001066765857100305000446298000000000027867978970400001000150000
005001066765857100305000446298000000000027867978970400001000150000
005001066765857100305000446298000000000027867978971001003000150000
005001066765857300305000446298000000000027867978970400001000150000
005001066765857500305000446298000000000027867978970400001000150000
005001066765857500305000446298000000000027867978970710003000800000
005001066765857600305000446298000000000027867978970400001000150000
005001066765857600305000446298000000000027867978970400001000150000
005001066765857900305000446298000000000027867978970400001000150000
005001066765857900305000446298000000000027867978970710003000800000
005001066765857900305000446298000000000027867978970400001000150000
005001066765858000305000446298000000000027867978970400001000150000
005001066765858500305000446298000000000027867978970400001000150000
005001066765858500305000446298000000000027867978970710003000800000
005001066765858500305000446298000000000027867978970400001000150000
005001066765858600305000446298000000000027867978970400001000150000
005001066765858800305000446298000000000027867978970400001000150000
005001066765858800305000446298000000000027867978970710003000800000
005001066765858900305000446298000000000027867978970400001000150000
005001066765858900305000446298000000000027867978970400001000150000
005001066765858900305000446298000000000027867978971001003000150000
005001066765859900301000777682000000000025747942000400001000150000
00300107100030000000000000000086071026000005143300000000800260000051433000000008006676586030000
001001026000008607100406676586030260000051433000000008002600000514330000000080020650461000100140000
005001066765860400301000777682000000000025747942000400001000150000
001001026000008607100306676586080260000051433000000008002600000514330000000080020650461000100140000
001001026000008607100206676586180260000051433000000008002600000514330000000080020650461000100140000
010001001026000005143300000000800000086071066765862500400000
010001001026000005143300000000800000086071066765862900500000
005001066765863100301000815886000000000014875885161000003000150000
001001026000008607100106676586350000000051433000000000000000000000000000000000020650461000100140000
03400667658508000008607100005C06676585080667658603000008607104610I0000051433000005143307100000200000000000000100000001
