1000020260000086061005063600108048971128010018440000
001001026000008606100206676780140000000093669000000000000000000000000000000000020590460400100000000
010001001026000009366900000083900000086061066767802000100000
010001001026000009366900000083900000086061066767803100200000
001001026000008606100306676780340260000093669000000839002600000936690000008390020590460400100020000
001001026000008606100406676780400260000093669000000839002600000936690000008390020590460400100020000
001001026000008606100506676780450260000093669000000839002600000936690000008390020590460400100020000
00200306676784850030400418462100000000002447086213080000302132001685000000000000000000010000000100000086061026000009366900000083900260000093669000000839000000000000000000000006360010804897112801001844000000
002011066767852500109126213365000000000004312241360100001012150016850008650008550008550000000000000100000001000000860610260000093669000000839002600000936690000008390000000000000000000000300000010000000000000000000206360010804897112801001844000000
002011066767864000109081954825000000000010418634960100001003390016850008650008550008550000000000000100000001000000860610260000093669000000839002600000936690000008390000000000000000000000300000000000000000000000000006360010804897112801001844000000
002011066767864600104153360186000000000027845077200400001010270016850008650008550008550000000000000100000001000000860610260000093669000000839002600000936690000008390000000000000000000000300000000000000000000000000006360010804897112801001844000000
002011066767865200104165705574000000000024255752400400001011130016850008650002100008550000000000000100000001000000860610260000093669000000839002600000936690000008390000000000000000000000300000000000000000000000000006360010804897112801001844000000
002011066767865200104165705574000000000024255752400400001011130016850008650006450008550000000000000100000001000000860610260000093669000000839002600000936690000008390000000000000000000000300000000000000000000000000006360010804897112801001844000000
002011066767885500117033036571000000000002655803910400001025090016850008650008550008550000000000000100000001000000860610260000093669000000839002600000936690000008390000000000000000000000300000000000000000000000000006360010804897112801001844000000
002011066767886300104165627689000000000024100119760400001032020016850016850016850000000000000000000100000001000000860610260000093669000000839002600000936690000008390000000000000000000000000000000000000000000000000006360010804897112801001844000000
00200306676790030150300160249100000000001115357418061201501114001685000000000000000000010000000100000086061026000009366900000083900260000093669000000839000000000000000000000006360010804897112801001844000000
002011066767985600104163897468000000000022768482000400001011910016850008650008550008550000000000000100000001000000860610260000093669000000839002600000936690000008390000000000000000000000300000000000000000000000000006360010804897112801001844000000
0020020667680368003010010050630000000000364855282601000030000000168500000000168500000001000000010000008606102600000936690000008390026000009366900000083900063600108048971128010018440000
0020020667680451003010010050630000000000364855282601000030000000168500000000168500000001000000010000008606102600000936690000008390026000009366900000083900063600108048971128010018440000
005001066768060400301001102671000000000004560678330400001000150000
005001066768060600301001102671000000000004560678330400001000150000
00200306676806080030100110267100000000000456067833070000301282001685000000000000000000010000000100000086061026000009366900000083900260000093669000000839000000000000000000000006360010804897112801001844000000
00300108000030000100000000000086061026000009366900000083900260000093669000000839006676820380000
00300101000010000200017100000086061026000009366900000083900260000093669000000839006676820380000
00300104000010000500051050000086061026000009366900000083900260000093669000000839006676820380000
00300106120150000100000000000086061026000009366900000083900260000093669000000839006676820380000
00300101000030000200033700000086061026000009366900000083900260000093669000000839006676820380000
00300107000030000100000000000086061026000009366900000083900260000093669000000839006676820380000
001001026000008606100406676820380260000093669000000839002600000936690000008390020590460400100120000
001001026000008606100506676820430260000093669000000839002600000936690000008390020590460400100120000
002011066768241100104152179471000000000025971825360400001028770016850008650004500004500008550000000100000001000000860610260000093669000000839002600000936690000008390100000000000000000000300000000000000000000000000006360010804897112801001844000000
002011066768241800104152620958000000000024879048400400001028010016850016850016850000000000000000000100000001000000860610260000093669000000839002600000936690000008390000000000000000000000000000000000000000000000000006360010804897112801001844000000
00200306676824220020100414592700000000003620802170070000205483001685000000000000000000010000000100000086061026000009366900000083900260000093669000000839000000000000000000000006360010804897112801001844000000
002011066768286200109076271995000000000029015309520100001000950016850008650008550008550000000000000100000001000000860610260000093669000000839002600000936690000008390000000000000000000000300000000000000000000000000006360010804897112801001844000000
002011066768305600104159963681000000000026980959440400001081570016850008650000000000000008550000000100000001000000860610260000093669000000839002600000936690000008390100000000000000000000300000000000000000000000000006360010804897112801001844000000
005001066768346700301000955335000000000037311396910400001000150000
005001066768347100301000955335000000000037311396910400001000150000
00200306676834720030100095533500000000003731139691070000304243001685000000000000000000010000000100000086061026000009366900000083900260000093669000000839000000000000000000000006360010804897112801001844000000
00300104000010000300034150000086061026000009366900000083900260000093669000000839006676859260000
00300107000020000100000000000086061026000009366900000083900260000093669000000839006676859260000
00300101000010000100008550000086061026000009366900000083900260000093669000000839006676859260000
00300107000030000100000000000086061026000009366900000083900260000093669000000839006676859260000
001001026000008606100406676859260260000093669000000839002600000936690000008390020590460400100020000
001001026000008606100306676859300260000093669000000839002600000936690000008390020590460400100020000
001001026000008606100206677013000260000093669000000839002600000936690000008390020590460400100020000
010001001026000009366900000083900000086061066770130600400000
005001066770130900301001005063000000000036485528261008003000360000
02000100106677013190030100100506300000000003648552826026000009366900000083900122702000008606102600000936690000008390026000009366900000083900000
0210010300010000086061026000009366900000083900260000093669000000839006677013190000
0210010400020000086061026000009366900000083900260000093669000000839006677013190000
0210010800030000086061026000009366900000083900260000093669000000839006677013190000
0210010900010000086061026000009366900000083900260000093669000000839006677013190000
0210012500090000086061026000009366900000083900260000093669000000839006677013190000
010001001026000009366900000083900000086061066770131900500000
001001026000008606100106677013240000000093669000000000000000000000000000000000020590460400100020000
03400667678045000008606100005C06676780450667682038000008606104604I00000936690000093669010000002000855000000001000000010100000020016850000000010000000104000000300085500000000100000001040000001000210000000001000000010400000010006450000000010000000104000000100168500000000100000001061200001000000000000001000000010700000010000000000000010000000108000000100000000000000100000001
03400667682043000008606100005C06676820430667685926000008606104604V00000936690000093669010000001000855000000001000000010400000010016850000000010000000104000000100000010000000100000001040000001000450100000001000000010700000020000000000000010000000107000000200000000000000100000001
