1000020260000086066005063600113503259899130022730000
0450010000000000000000000106674827170000
0450010000000002000000000106675084330000
001001026000008606600206676596560000000103098000000000000000000000000000000000000000000000000000000
010001001026000010309800000090550000086066066765966200100000
010001001026000010309800000090550000086066066765967200200000
001001026000008606600306676596750260000103098000000905502600001030980000009055000000000000000020000
001001026000008606600406676596810260000103098000000905502600001030980000009055020590460400100020000
005001066765968300301001108148000000000024634462610400001000150000
001001026000008606600506676596870260000103098000000905502600001030980000009055020590460400100020000
00200306676603500030400352392900000000003930974853080000303762001685000000000000000000010000000100000086066026000010309800000090550260000103098000000905500000000000000000000006360011350325989913002273000000
002011066766036000104164357254000000000022905539280400001033520016850008650008550008550000000000000100000001000000860660260000103098000000905502600001030980000009055000000000000000000000300000000000000000000000000006360011350325989913002273000000
002011066766041100104086956485000000000017105982160400001006430016850008650008550008550000000000000100000001000000860660260000103098000000905502600001030980000009055000000000000000000000300000000000000000000000000006360011350325989913002273000000
002011066766045600104162268191000000000026705664720400001007180016850016850016850000000000000000000100000001000000860660260000103098000000905502600001030980000009055000000000000000000000000000000000000000000000000006360011350325989913002273000000
00200306676607660030400526087900000000001983118706080000300099001685000000000000000000010000000100000086066026000010309800000090550260000103098000000905500000000000000000000006360011350325989913002273000000
002011066766091000104084658738000000000015401610960400001007810016850016850016850000000000000000000100000001000000860660260000103098000000905502600001030980000009055000000000000000000000000000000000000000000000000006360011350325989913002273000000
0020020667660924003010011081480000000000246344626101000030000000168500000000168500000001000000010000008606602600001030980000009055026000010309800000090550063600113503259899130022730000
00200306676609320030400354880800000000003398709750080000300690001685000000000000000000010000000100000086066026000010309800000090550260000103098000000905500000000000000000000006360011350325989913002273000000
0020020667660948003010011081480000000000246344626101000030000000168500000000168500000001000000010000008606602600001030980000009055026000010309800000090550063600113503259899130022730000
002011066766095800104083911316000000000009127660240400001006040016850016850016850000000000000000000100000001000000860660260000103098000000905502600001030980000009055000000000000000000000000000000000000000000000000006360011350325989913002273000000
00200306676609650020401522212400000000003136791771080000202836001685000000000000000000010000000100000086066026000010309800000090550260000103098000000905500000000000000000000006360011350325989913002273000000
002011066766106100104088821072000000000030165223120400001002310016850008650008550008550000000000000100000001000000860660260000103098000000905502600001030980000009055000000000000000000000300000000000000000000000000006360011350325989913002273000000
002011066766106700104163796068000000000017724503760400001071190016850016850016850000000000000000000100000001000000860660260000103098000000905502600001030980000009055000000000000000000000000000000000000000000000000006360011350325989913002273000000
002011066766119300104162268068000000000026694999760400001010590016850016850016850000000000000000000100000001000000860660260000103098000000905502600001030980000009055000000000000000000000000000000000000000000000000006360011350325989913002273000000
002011066766163100109125214953000000000004806034640100001019260016850008650008550008550000000000000100000001000000860660260000103098000000905502600001030980000009055000000000000000000000300000010000000000000000000406360011350325989913002273000000
002011066766168200109125246944000000000006492506320100001003850016850008650008550008550000000000000100000001000000860660260000103098000000905502600001030980000009055000000000000000000000300000000000000000000000000006360011350325989913002273000000
002011066766178000117057551318000000000011230834410400001009770016850008650008550008550000000000000100000001000000860660260000103098000000905502600001030980000009055000000000000000000000300000000000000000000000000006360011350325989913002273000000
002011066766205900104152453768000000000027905255120400001019310016850016850007900000000000000000000100000001000000860660260000103098000000905502600001030980000009055000000000000000000000000000000000000000000000000006360011350325989913002273000000
002011066766205900104152453768000000000027905255120400001019310016850016850008950000000000000000000100000001000000860660260000103098000000905502600001030980000009055000000000000000000000000000000000000000000000000006360011350325989913002273000000
00200306676620640030400434453100000000002679682435080000301242001685000000000000000000010000000100000086066026000010309800000090550260000103098000000905500000000000000000000006360011350325989913002273000000
002011066766207300109152150189000000000000991370960100001000310016850008650008550008550000000000000100000001000000860660260000103098000000905502600001030980000009055000000000000000000000300000000000000000000000000006360011350325989913002273000000
002011066766213000104150653506000000000025949722320400001007200016850008650008550008550000000000000100000001000000860660260000103098000000905502600001030980000009055000000000000000000000300000000000000000000000000006360011350325989913002273000000
002011066766213600104150180781000000000024602780880400001032620016850008650008550008550000000000000100000001000000860660260000103098000000905502600001030980000009055000000000000000000000300000000000000000000000000006360011350325989913002273000000
002011066766214200104163081026000000000018725538000400001030810016850008650008550008550000000000000100000001000000860660260000103098000000905502600001030980000009055000000000000000000000300000000000000000000000000006360011350325989913002273000000
0020020667662291003010011081480000000000246344626101000030000000168500000000168500000001000000010000008606602600001030980000009055026000010309800000090550063600113503259899130022730000
002011066766235700117009735668000000000039632330910400001039540016850008650008550008550000000000000100000001000000860660260000103098000000905502600001030980000009055000000000000000000000300000000000000000000000000006360011350325989913002273000000
005001066766236200000000000000000000000039036413590000000000150000
005001066766236300000000000000000000000039036413590000000000150000
002011066766236800109107744351000000000017199906000100001002140016850008650008550008550000000000000100000001000000860660260000103098000000905502600001030980000009055000000000000000000000300000000000000000000000000006360011350325989913002273000000
002011066766256300104087422361000000000018412101840400001002170016850016850016850000000000000000000100000001000000860660260000103098000000905502600001030980000009055000000000000000000000000000000000000000000000000006360011350325989913002273000000
005001066766265700301001135511000000000008713992890400001000150000
005001066766266000301001135511000000000008713992890400001000150000
00200306676626620030100113551100000000000871399289070000300777001685000000000000000000010000000100000086066026000010309800000090550260000103098000000905500000000000000000000006360011350325989913002273000000
00200306676627670030400457614700000000001108999354080000303923001685000000000000000000010000000100000086066026000010309800000090550260000103098000000905500000000000000000000006360011350325989913002273000000
005001066766452800301001108148000000000024634462610400001000150000
00300108000030000500000000000086066026000010309800000090550260000103098000000905506676645310000
00300104000010001500186350000086066026000010309800000090550260000103098000000905506676645310000
00300101000030000300050550000086066026000010309800000090550260000103098000000905506676645310000
00300108000020000100000000000086066026000010309800000090550260000103098000000905506676645310000
00300101000010000400034200000086066026000010309800000090550260000103098000000905506676645310000
00300107000030000100000000000086066026000010309800000090550260000103098000000905506676645310000
001001026000008606600406676645310260000103098000000905502600001030980000009055020590460400100120000
005001066766453200301001108148000000000024634462610400001000150000
001001026000008606600506676645370260000103098000000905502600001030980000009055020590460400100120000
005001066766516301503002823333000000000011352425300614015000150000
005001066766516301503002823333000000000011352425300614015000840000
00200306676651630150300282333300000000001135242530061301500958001685000000000000000000010000000100000086066026000010309800000090550260000103098000000905500000000000000000000006360011350325989913002273000000
002011066766517400109081952962000000000009510846160100001035130016850008650008550008550000000000000100000001000000860660260000103098000000905502600001030980000009055000000000000000000000300000010000000000000000000506360011350325989913002273000000
002011066766518100109008859915000000000009645069520100001057620016850008650004500004500008550000000100000001000000860660260000103098000000905502600001030980000009055100000000000000000000300000010000000000000000001406360011350325989913002273000000
002011066766518600104087159198000000000016161006800400001000680016850008650008550008550000000000000100000001000000860660260000103098000000905502600001030980000009055000000000000000000000300000000000000000000000000006360011350325989913002273000000
002011066766519100109106669347000000000012868345040100001007680016850008650000000000000008550000000100000001000000860660260000103098000000905502600001030980000009055100000000000000000000300000000000000000000000000006360011350325989913002273000000
002011066766520600104010386408000000000029924306760400001009510016850008650008550008550000000000000100000001000000860660260000103098000000905502600001030980000009055000000000000000000000300000000000000000000000000006360011350325989913002273000000
0020020667665212003010011081480000000000246344626101000030000000168500000000168500000001000000010000008606602600001030980000009055026000010309800000090550063600113503259899130022730000
002011066766521800104152300058000000000025271857360400001001190016850008650000000000000008550000000100000001000000860660260000103098000000905502600001030980000009055100000000000000000000300000000000000000000000000006360011350325989913002273000000
002011066766522700104085095486000000000019286288080400001008580016850016850016850000000000000000000100000001000000860660260000103098000000905502600001030980000009055000000000000000000000000000000000000000000000000006360011350325989913002273000000
002011066766530700109126728901000000000003399097040100001012070016850016850016850000000000000000000100000001000000860660260000103098000000905502600001030980000009055000000000000000000000000000000000000000000000000006360011350325989913002273000000
002011066766531600109081479256000000000010406477520100001002480016850008650008550008550000000000000100000001000000860660260000103098000000905502600001030980000009055000000000000000000000300000000000000000000000000006360011350325989913002273000000
0020020667665344003010011081480000000000246344626101000030000000168500000000168500000001000000010000008606602600001030980000009055026000010309800000090550063600113503259899130022730000
00200306676653570030400509201100000000000873082873080000300111001685000000000000000000010000000100000086066026000010309800000090550260000103098000000905500000000000000000000006360011350325989913002273000000
0020020667665371003010011081480000000000246344626101000030000000168500000000168500000001000000010000008606602600001030980000009055026000010309800000090550063600113503259899130022730000
002011066766541100109160559554000000000002688679120100001000540016850008650001450001450008550000000100000001000000860660260000103098000000905502600001030980000009055100000000000000000000300000000000000000000000000006360011350325989913002273000000
005001066766585500301001073581000000000011131449860400001000150000
005001066766585800301001073581000000000011131449860400001000150000
00200306676658590030100107358100000000001113144986070000303264001685000000000000000000010000000100000086066026000010309800000090550260000103098000000905500000000000000000000006360011350325989913002273000000
0020020667665984003010011081480000000000246344626101000030000000168500000000168500000001000000010000008606602600001030980000009055026000010309800000090550063600113503259899130022730000
002011066766612200104152120688000000000025777452240400001004430016850016850016850000000000000000000100000001000000860660260000103098000000905502600001030980000009055000000000000000000000000000000000000000000000000006360011350325989913002273000000
005001066766964000301001108148000000000024634462610400001000150000
00300106130150000100000000000086066026000010309800000090550260000103098000000905506676696430000
00300101000010000600059900000086066026000010309800000090550260000103098000000905506676696430000
00300104000010000500059450000086066026000010309800000090550260000103098000000905506676696430000
00300101000030000400067400000086066026000010309800000090550260000103098000000905506676696430000
00300108000030000100000000000086066026000010309800000090550260000103098000000905506676696430000
00300107000030000100000000000086066026000010309800000090550260000103098000000905506676696430000
001001026000008606600406676696430260000103098000000905502600001030980000009055020590460400100020000
005001066766964400301001108148000000000024634462610400001000150000
001001026000008606600306676696480260000103098000000905502600001030980000009055020590460400100020000
02000100106676696580030100110814800000000002463446261026000010309800000090550046301000008606602600001030980000009055026000010309800000090550000
0210010300070000086066026000010309800000090550260000103098000000905506676696580000
0210010400090000086066026000010309800000090550260000103098000000905506676696580000
0210010800020000086066026000010309800000090550260000103098000000905506676696580000
0210011000010000086066026000010309800000090550260000103098000000905506676696580000
0210011800010000086066026000010309800000090550260000103098000000905506676696580000
0210012500200000086066026000010309800000090550260000103098000000905506676696580000
010001001026000010309800000090550000086066066766965800500000
001001026000008606600206676696610260000103098000000905500000000000000000000000020590460400100020000
010001001026000010309800000090550000086066066766966800400000
001001026000008606600106676696730000000103098000000000000000000000000000000000020590460400100020000
03400667659687000008606600005C06676596870667664531000008606604604I000010309800001030980100000030016850000000010000000101000000400085500000000100000001040000001000895000000001000000010400000010007900000000010000000104000000600168500000000100000001040000008000855000000001000000010700000010000000000000010000000108000000600000000000000100000001
03400667664537000008606600005C06676645370667669643000008606604604V00001030980000103098010000002000855000000001000000010100000050016850000000010000000101000000100000010000000100000001010000001000145100000001000000010100000010004501000000010000000104000000100000010000000100000001040000002000855000000001000000010400000020016850000000010000000106130000100000000000000100000001070000001000000000000001000000010800000010000000000000010000000108000000100000000000000100000001080000001000000000000001000000010800000010000000000000010000000108000000100000000000000100000001080000001000000000000001000000010800000010000000000000010000000108000000100000000000000100000001
