1000020260000086079005063600113589159220940020460000
0450010000000002000000000106676063340000
0450010000000002000000000106676671510000
001001026000008607900206676677860000000101664000000000000000000000000000000000020280457300100000000
010001001026000010166400000089190000086079066766779300100000
010001001026000010166400000089190000086079066766780300200000
001001026000008607900306676678080260000101664000000891902600001016640000008919020280457300100020000
010001001026000010166400000089190000086079066766781500500000
001001026000008607900206676678200260000101664000000891900000000000000000000000020280457300100020000
010001001026000010166400000089190000086079066766783100200000
001001026000008607900306676678340260000101664000000891902600001016640000008919020280457300100020000
001001026000008607900406676678390260000101664000000891902600001016640000008919020280457300100020000
005001066766784100301001106218000000000015744994740400001000150000
001001026000008607900506676678450260000101664000000891902600001016640000008919020280457300100020000
002011066766817300104087061066000000000016524260560400001004200025000012250008550008550000000000000100000001000000860790260000101664000000891902600001016640000008919000000000000000000000300000000000000000000000000006360011358915922094002046000000
0020020667668191003010011062180000000000157449947401000030000000250000000000250000000001000000010000008607902600001016640000008919026000010166400000089190063600113589159220940020460000
002011066766819900104151139601000000000023807652560400001003580025000025000025000000000000000000000100000001000000860790260000101664000000891902600001016640000008919000000000000000000000000000000000000000000000000006360011358915922094002046000000
005001066766821300301000960835000000000009877573390400001000150000
005001066766821600301000960835000000000009877573390400001000150000
00200306676682180030100096083500000000000987757339070000305600002500000000000000000000010000000100000086079026000010166400000089190260000101664000000891900000000000000000000006360011358915922094002046000000
002011066766834400104087309777000000000012574989520400001003460025000025000025000000000000000000000100000001000000860790260000101664000000891902600001016640000008919000000000000000000000000000000000000000000000000006360011358915922094002046000000
005001066766834900104088851613000000000029379863761023001000150000
005001066766834900104088851613000000000029379863761023001000150000
002011066766835000104088851613000000000029379863760400001002320025000025000025000000000000000000000100000001000000860790260000101664000000891902600001016640000008919000000000000000000000019100000000000000000000000006360011358915922094002046000000
0020020667668484003010011062180000000000157449947401000030000000250000000000250000000001000000010000008607902600001016640000008919026000010166400000089190063600113589159220940020460000
002011066766893600104080000932000000000026240361830400001014280025000025000025000000000000000000000100000001000000860790260000101664000000891902600001016640000008919000000000000000000000019300000000000000000000000006360011358915922094002046000000
002011066766894200104088204871000000000016497260240400001003860025000025000025000000000000000000000100000001000000860790260000101664000000891902600001016640000008919000000000000000000000019100000000000000000000000006360011358915922094002046000000
002011066766928100104083831789000000000009393372880400001005940025000025000025000000000000000000000100000001000000860790260000101664000000891902600001016640000008919000000000000000000000000000000000000000000000000006360011358915922094002046000000
002011066766928900117058921232000000000042495162950400001011140025000012250008550008550000000000000100000001000000860790260000101664000000891902600001016640000008919000000000000000000000300000000000000000000000000006360011358915922094002046000000
0020020667669296003010011062180000000000157449947401000030000000250000000000250000000001000000010000008607902600001016640000008919026000010166400000089190063600113589159220940020460000
002011066766940500104081047711000000000013989565210400001008320025000025000025000000000000000000000100000001000000860790260000101664000000891902600001016640000008919000000000000000000000019300000000000000000000000006360011358915922094002046000000
0020020667669561003010011062180000000000157449947401000030000000250000000000250000000001000000010000008607902600001016640000008919026000010166400000089190063600113589159220940020460000
005001066766957100301000763533000000000024697195120400001000150000
005001066766957400301000763533000000000024697195120400001000150000
00200306676695760030100076353300000000002469719512070000307000002500000000000000000000010000000100000086079026000010166400000089190260000101664000000891900000000000000000000006360011358915922094002046000000
002011066766961000109075741718000000000030868542160100001000150025000012250008550008550000000000000100000001000000860790260000101664000000891902600001016640000008919000000000000000000000300000000000000000000000000006360011358915922094002046000000
002011066766964400109107102731000000000013726533840100001003350025000012250008550008550000000000000100000001000000860790260000101664000000891902600001016640000008919000000000000000000000300000000000000000000000000006360011358915922094002046000000
002011066766990100104157941281000000000025623434960400001024960025000012250008550008550000000000000100000001000000860790260000101664000000891902600001016640000008919000000000000000000000300000000000000000000000000006360011358915922094002046000000
002011066766995200104166728381000000000016669356240400001014030025000025000025000000000000000000000100000001000000860790260000101664000000891902600001016640000008919000000000000000000000000000000000000000000000000006360011358915922094002046000000
00200306676699570030400454952200000000001109339722080000303020002500000000000000000000010000000100000086079026000010166400000089190260000101664000000891900000000000000000000006360011358915922094002046000000
0020020667669972003010011062180000000000157449947401000030000000250000000000250000000001000000010000008607902600001016640000008919026000010166400000089190063600113589159220940020460000
002011066767002800104081719302000000000001860219600400001009630025000012250008550008550000000000000100000001000000860790260000101664000000891902600001016640000008919000000000000000000000300000000000000000000000000006360011358915922094002046000000
002011066767004400109069870986000000000019146366160100001004270025000012250008550008550000000000000100000001000000860790260000101664000000891902600001016640000008919000000000000000000000300000000000000000000000000006360011358915922094002046000000
002011066767005400104089572531000000000023445215440400001001000025000025000025000000000000000000000100000001000000860790260000101664000000891902600001016640000008919000000000000000000000000000000000000000000000000006360011358915922094002046000000
005001066767015400104166603201000000000019671834321023001000150000
002011066767015600104166603201000000000019671834320400001019980025000012250008550008550000000000000100000001000000860790260000101664000000891902600001016640000008919000000000000000000000300000000000000000000000000006360011358915922094002046000000
005001066767328300301001106218000000000015744994740400001000150000
00300104000010001400267750000086079026000010166400000089190260000101664000000891906676732870000
00300101000030000500125000000086079026000010166400000089190260000101664000000891906676732870000
00300107000030000200000000000086079026000010166400000089190260000101664000000891906676732870000
00300101000010000300025650000086079026000010166400000089190260000101664000000891906676732870000
00300108000030000100000000000086079026000010166400000089190260000101664000000891906676732870000
001001026000008607900406676732870260000101664000000891902600001016640000008919020280457300100120000
005001066767328700301001106218000000000015744994740400001000150000
001001026000008607900506676732920260000101664000000891902600001016640000008919020280457300100120000
00200306676741230150300299548700000000000572279267061201500062002500000000000000000000010000000100000086079026000010166400000089190260000101664000000891900000000000000000000006360011358915922094002046000000
0020020667674154003010011062180000000000157449947401000030000000250000000000250000000001000000010000008607902600001016640000008919026000010166400000089190063600113589159220940020460000
002011066767416200104163811652000000000024338309840400001021630025000025000025000000000000000000000100000001000000860790260000101664000000891902600001016640000008919000000000000000000000019000000000000000000000000006360011358915922094002046000000
002011066767417000104164917519000000000018690947280400001070260025000012250004500004500008550000000100000001000000860790260000101664000000891902600001016640000008919100000000000000000000300000000000000000000000000006360011358915922094002046000000
002011066767417700109006604618000000000009808233680100001009620025000012250003550003550008550000000100000001000000860790260000101664000000891902600001016640000008919100000000000000000000300000000000000000000000000006360011358915922094002046000000
005001066767419200104088204871000000000016497260240400001000800000
005001066767419500104088204871000000000016497260240400001000800000
005001066767485800109075261074000000000031421179600100001000340000
005001066767486300109075261074000000000031421179600100001000340000
002011066767487000104087191709000000000016581655760400001000250025000025000025000000000000000000000100000001000000860790260000101664000000891902600001016640000008919000000000000000000000000000000000000000000000000006360011358915922094002046000000
002011066767590300104161481663000000000030161155280400001007890025000012250008550008550000000000000100000001000000860790260000101664000000891902600001016640000008919000000000000000000000300000000000000000000000000006360011358915922094002046000000
005001066767805400301001106218000000000015744994740400001000150000
00300106120150000100000000000086079026000010166400000089190260000101664000000891906676780570000
00300101000030000100025000000086079026000010166400000089190260000101664000000891906676780570000
00300104000010000400070800000086079026000010166400000089190260000101664000000891906676780570000
00300101000010000100012250000086079026000010166400000089190260000101664000000891906676780570000
001001026000008607900406676780570260000101664000000891902600001016640000008919020280457300100020000
005001066768059200301001106218000000000015744994740400001000150000
001001026000008607900506676805970260000101664000000891902600001016640000008919020280457300100020000
002011066768061200104160789991000000000027923164880400001010200025000012250008550008550000000000000100000001000000860790260000101664000000891902600001016640000008919000000000000000000000300000000000000000000000000006360011358915922094002046000000
002011066768063300104086140779000000000017959319760400001007800025000025000025000000000000000000000100000001000000860790260000101664000000891902600001016640000008919000000000000000000000000000000000000000000000000006360011358915922094002046000000
002011066768064700104164746421000000000023245504720400001026000025000012250008550008550000000000000100000001000000860790260000101664000000891902600001016640000008919000000000000000000000300000000000000000000000000006360011358915922094002046000000
002011066768065400104161381189000000000027925602000400001014000025000012250008550008550000000000000100000001000000860790260000101664000000891902600001016640000008919000000000000000000000300000000000000000000000000006360011358915922094002046000000
0020020667680662003010011062180000000000157449947401000030000000250000000000250000000001000000010000008607902600001016640000008919026000010166400000089190063600113589159220940020460000
0020020667680671003010011062180000000000157449947401000030000000250000000000250000000001000000010000008607902600001016640000008919026000010166400000089190063600113589159220940020460000
0020020667680683003010011062180000000000157449947401000030000000250000000000250000000001000000010000008607902600001016640000008919026000010166400000089190063600113589159220940020460000
002011066768069800104163362874000000000018695117520400001021920025000012250008550008550000000000000100000001000000860790260000101664000000891902600001016640000008919000000000000000000000300000000000000000000000000006360011358915922094002046000000
005001066768070600109058315374000000000005540042960100001000340000
0020020667680714003010011062180000000000157449947401000030000000250000000000250000000001000000010000008607902600001016640000008919026000010166400000089190063600113589159220940020460000
0020020667680723003010011062180000000000157449947401000030000000250000000000250000000001000000010000008607902600001016640000008919026000010166400000089190063600113589159220940020460000
0020020667680731003010011062180000000000157449947401000030000000250000000000250000000001000000010000008607902600001016640000008919026000010166400000089190063600113589159220940020460000
0020020667680737003010011062180000000000157449947401000030000000250000000000250000000001000000010000008607902600001016640000008919026000010166400000089190063600113589159220940020460000
002011066768166700109058352024000000000010882821840100001021970025000012250008550008550000000000000100000001000000860790260000101664000000891902600001016640000008919000000000000000000000300000000000000000000000000006360011358915922094002046000000
002011066768174100109007295521000000000010029320400100001016070025000012250008550008550000000000000100000001000000860790260000101664000000891902600001016640000008919000000000000000000000300000000000000000000000000006360011358915922094002046000000
00200306676825200030100112995100000000003408361140070100301199002500000000000000000000010000000100000086079026000010166400000089190260000101664000000891900000000000000000000006360011358915922094002046000000
005001066768502900301001106218000000000015744994740400001000150000
00300104000010000500059200000086079026000010166400000089190260000101664000000891906676850330000
00300101000030000700175000000086079026000010166400000089190260000101664000000891906676850330000
00300101000010000200017100000086079026000010166400000089190260000101664000000891906676850330000
00300107010030000100000000000086079026000010166400000089190260000101664000000891906676850330000
001001026000008607900406676850330260000101664000000891902600001016640000008919020280457300100120000
005001066768503600301001106218000000000015744994740400001000150000
001001026000008607900506676850410260000101664000000891902600001016640000008919020280457300100120000
002011066768607600104151848483000000000026123902160400001000940025000012250006320008550000000000000100000001000000860790260000101664000000891902600001016640000008919000000000000000000000300000000000000000000000000006360011358915922094002046000000
002011066768607600104151848483000000000026123902160400001000940025000012250002230008550000000000000100000001000000860790260000101664000000891902600001016640000008919000000000000000000000300000000000000000000000000006360011358915922094002046000000
005001066770022600104082855447000000000002864663760400001000150000
002011066770022700104082855447000000000002864663760400001003240025000012250008550008550000000000000100000001000000860790260000101664000000891902600001016640000008919000000000000000000000300000000000000000000000000006360011358915922094002046000000
0020020667700744003010011062180000000000157449947401000030000000250000000000250000000001000000010000008607902600001016640000008919026000010166400000089190063600113589159220940020460000
0020020667701354003010011062180000000000157449947401000030000000250000000000250000000001000000010000008607902600001016640000008919026000010166400000089190063600113589159220940020460000
002011066770160100104163489351000000000018643146960400001008560025000025000025000000000000000000000100000001000000860790260000101664000000891902600001016640000008919000000000000000000000000000000000000000000000000006360011358915922094002046000000
002011066770262900104151210731000000000023840988880400001003820025000025000025000000000000000000000100000001000000860790260000101664000000891902600001016640000008919000000000000000000000000000000000000000000000000006360011358915922094002046000000
005001066770273600301001164552000000000008917650650400001000150000
005001066770273900301001164552000000000008917650650400001000150000
00200306677027400030100116455200000000000891765065070000300123002500000000000000000000010000000100000086079026000010166400000089190260000101664000000891900000000000000000000006360011358915922094002046000000
005001066770282200301001136052000000000008714966330400001000150000
005001066770282400301001136052000000000008714966330400001000150000
00200306677028260030100113605200000000000871496633070000300802002500000000000000000000010000000100000086079026000010166400000089190260000101664000000891900000000000000000000006360011358915922094002046000000
005001066770283800301001044352000000000033985322140400001000150000
005001066770284100301001044352000000000033985322140400001000150000
00200306677028430030100104435200000000003398532214070000301553002500000000000000000000010000000100000086079026000010166400000089190260000101664000000891900000000000000000000006360011358915922094002046000000
005001066770447300301001106218000000000015744994740400001000150000
00300104000010000400067100000086079026000010166400000089190260000101664000000891906677044760000
00300101000030000200050000000086079026000010166400000089190260000101664000000891906677044760000
00300107000030000300000000000086079026000010166400000089190260000101664000000891906677044760000
001001026000008607900406677044760260000101664000000891902600001016640000008919020280457300100020000
005001066770447700301001106218000000000015744994740400001000150000
001001026000008607900306677044810260000101664000000891902600001016640000008919020280457300100020000
02000100106677044910030100110621800000000001574499474026000010166400000089190049202000008607902600001016640000008919026000010166400000089190000
0210010300010000086079026000010166400000089190260000101664000000891906677044910000
0210010400140000086079026000010166400000089190260000101664000000891906677044910000
0210010800060000086079026000010166400000089190260000101664000000891906677044910000
0210010900010000086079026000010166400000089190260000101664000000891906677044910000
0210012500190000086079026000010166400000089190260000101664000000891906677044910000
010001001026000010166400000089190000086079066770449100500000
001001026000008607900206677044940260000101664000000891900000000000000000000000020280457300100020000
010001001026000010166400000089190000086079066770450000400000
001001026000008607900106677045050000000101664000000000000000000000000000000000020280457300100020000
03400667667845000008607900005C06676678450667673287000008607904573I00001016640000101664010000012002500000000001000000010100000050008550000000010000000104000000900085500000000100000001040000010002500000000001000000010700000020000000000000010000000108000000100000000000000100000001
03400667673292000008607900005C06676732920667678057000008607904573V0000101664000010166401000000100035510000000100000001010000003002500000000001000000010400000020008550000000010000000104000000100045010000000100000001040000004002500000000001000000010612000010000000000000010000000106120000100000000000000100000001
