1000020260000086026005063600113589159218110021610000
001001026000008602600206676372010000000089323000000000000000000000000000000000020230456800100000000
005001066763720200301000960835000000000009877573391011003000150000
010001001026000008932300000081580000086026066763720900100000
010001001026000008932300000081580000086026066763721800200000
001001026000008602600306676372220260000089323000000815802600000893230000008158020230456800100020000
001001026000008602600406676372270260000089323000000815802600000893230000008158020230456800100020000
005001066763722900301000960835000000000009877573390400001000150000
001001026000008602600506676372330260000089323000000815802600000893230000008158020230456800100020000
0020020667637274003010009608350000000000098775733901000030000000168500000000168500000001000000010000008602602600000893230000008158026000008932300000081580063600113589159218110021610000
005001066763728700109075778123000000000030352407760100001000150000
002011066763728800109075778123000000000030352407760100001001820016850008650008550008550000000000000100000001000000860260260000089323000000815802600000893230000008158000000000000000000000300000000000000000000000000006360011358915921811002161000000
0020020667637309003010009608350000000000098775733901000030000000168500000000168500000001000000010000008602602600000893230000008158026000008932300000081580063600113589159218110021610000
00200306676373190030400468662700000000004147382491080000300967001685000000000000000000010000000100000086026026000008932300000081580260000089323000000815800000000000000000000006360011358915921811002161000000
00200306676373360020401323336600000000001924578596080000200291001685000000000000000000010000000100000086026026000008932300000081580260000089323000000815800000000000000000000006360011358915921811002161000000
00200306676373590030400528321600000000001982886146080000300043001685000000000000000000010000000100000086026026000008932300000081580260000089323000000815800000000000000000000006360011358915921811002161000000
0020020667637740003010009608350000000000098775733901000030000000168500000000168500000001000000010000008602602600000893230000008158026000008932300000081580063600113589159218110021610000
005001066763891401503001991828000000000009731146880614015000840000
00200306676389140150300199182800000000000973114688061301500217001685000000000000000000010000000100000086026026000008932300000081580260000089323000000815800000000000000000000006360011358915921811002161000000
0020020667638924015030019918280000000000097311468806140150021700168500000000000000000001000000010000008602602600000893230000008158026000008932300000081580063600113589159218110021610000
005001066764042500301000960835000000000009877573390400001000150000
00300101000030000300050550000086026026000008932300000081580260000089323000000815806676404280000
00300101000010000100008550000086026026000008932300000081580260000089323000000815806676404280000
00300108000030000200000000000086026026000008932300000081580260000089323000000815806676404280000
00300108000020000100000000000086026026000008932300000081580260000089323000000815806676404280000
00300106130150000100000000000086026026000008932300000081580260000089323000000815806676404280000
00300106140150000100000000000086026026000008932300000081580260000089323000000815806676404280000
001001026000008602600406676404280260000089323000000815802600000893230000008158020230456800100120000
005001066764095200301000960835000000000009877573390400001000150000
001001026000008602600506676409560260000089323000000815802600000893230000008158020230456800100120000
005001066764096300109059428644000000000008037046480100001000360000
005001066764096700109059428644000000000008037046480100001000150000
002011066764096700109059428644000000000008037046480100001016140016850008650008550008550000000000000100000001000000860260260000089323000000815802600000893230000008158000000000000000000000300000000000000000000000000006360011358915921811002161000000
002011066764097700109057420001000000000008483507920100001009020016850008650004500004500008550000000100000001000000860260260000089323000000815802600000893230000008158100000000000000000000300000010000000000000000000106360011358915921811002161000000
002011066764098700104162578946000000000025191381200400001007570016850008650004250004250008550000000100000001000000860260260000089323000000815802600000893230000008158100000000000000000000300000000000000000000000000006360011358915921811002161000000
00200306676409970030400529407200000000001983163922080000300291001685000000000000000000010000000100000086026026000008932300000081580260000089323000000815800000000000000000000006360011358915921811002161000000
002011066764100800104160606381000000000024955167440400001057530016850016850008550000000000000000000100000001000000860260260000089323000000815802600000893230000008158000000000000000000000000000000000000000000000000006360011358915921811002161000000
002011066764100800104160606381000000000024955167440400001057530016850016850008300000000000000000000100000001000000860260260000089323000000815802600000893230000008158000000000000000000000000000000000000000000000000006360011358915921811002161000000
002011066764102900109057046337000000000011048584400100001009560016850008650008550008550000000000000100000001000000860260260000089323000000815802600000893230000008158000000000000000000000300000000000000000000000000006360011358915921811002161000000
002011066764103700104084053844000000000009569664720400001010930016850008650004250004250008550000000100000001000000860260260000089323000000815802600000893230000008158100000000000000000000300000000000000000000000000006360011358915921811002161000000
00200306676410470030400352392900000000003930974853080000303761001685000000000000000000010000000100000086026026000008932300000081580260000089323000000815800000000000000000000006360011358915921811002161000000
0020020667641095003010009608350000000000098775733901000030000000168500000000168500000001000000010000008602602600000893230000008158026000008932300000081580063600113589159218110021610000
00200306676411110030400523125900000000000251894393080000300388001685000000000000000000010000000100000086026026000008932300000081580260000089323000000815800000000000000000000006360011358915921811002161000000
00200306676423740030400505417900000000000252196505080000301460001685000000000000000000010000000100000086026026000008932300000081580260000089323000000815800000000000000000000006360011358915921811002161000000
00200306676423860030400475533500000000001545940866080000301166001685000000000000000000010000000100000086026026000008932300000081580260000089323000000815800000000000000000000006360011358915921811002161000000
00200306676427330030400525826200000000001063380642080000300357001685000000000000000000010000000100000086026026000008932300000081580260000089323000000815800000000000000000000006360011358915921811002161000000
005001066764274500301001109624000000000024737511730400001000150000
005001066764274800301001109624000000000024737511730400001000150000
00200306676427500030100110962400000000002473751173070000301373001685000000000000000000010000000100000086026026000008932300000081580260000089323000000815800000000000000000000006360011358915921811002161000000
00200306676428370030400416477900000000002553174170080000301166001685000000000000000000010000000100000086026026000008932300000081580260000089323000000815800000000000000000000006360011358915921811002161000000
005001066764444100301000960835000000000009877573390400001000150000
00300101000010000300025750000086026026000008932300000081580260000089323000000815806676444440000
00300104000010000300034150000086026026000008932300000081580260000089323000000815806676444440000
00300108000030000700000000000086026026000008932300000081580260000089323000000815806676444440000
00300101000030000100016850000086026026000008932300000081580260000089323000000815806676444440000
00300107000030000100000000000086026026000008932300000081580260000089323000000815806676444440000
001001026000008602600406676444440260000089323000000815802600000893230000008158020230456800100020000
005001066764764400301000960835000000000009877573390400001000150000
001001026000008602600506676476490260000089323000000815802600000893230000008158020230456800100020000
00200306676476850030400397897700000000003442615659080000303043001685000000000000000000010000000100000086026026000008932300000081580260000089323000000815800000000000000000000006360011358915921811002161000000
005001066764769400301001122061000000000008723874650400001000150000
005001066764769700301001122061000000000008723874650400001000150000
00200306676476980030100112206100000000000872387465070000300551001685000000000000000000010000000100000086026026000008932300000081580260000089323000000815800000000000000000000006360011358915921811002161000000
00200306676477140150300162523600000000000118899860061201501161001685000000000000000000010000000100000086026026000008932300000081580260000089323000000815800000000000000000000006360011358915921811002161000000
002011066764772800104165366419000000000023001518800400001004660016850008650008550008550000000000000100000001000000860260260000089323000000815802600000893230000008158000000000000000000000300000000000000000000000000006360011358915921811002161000000
00200306676478600040400353818300000000002871385449080000400151001685000000000000000000010000000100000086026026000008932300000081580260000089323000000815800000000000000000000006360011358915921811002161000000
005001066764815601503002427561000000000008835803550614015000840000
00200306676481570150300242756100000000000883580355061301501385001685000000000000000000010000000100000086026026000008932300000081580260000089323000000815800000000000000000000006360011358915921811002161000000
005001066764819800301001102867000000000004562335450400001000150000
005001066764820000301001102867000000000004562335450400001000150000
00200306676482010030100110286700000000000456233545070000300749001685000000000000000000010000000100000086026026000008932300000081580260000089323000000815800000000000000000000006360011358915921811002161000000
002011066764852800104164566414000000000022772729040400001018540016850008650008550008550000000000000100000001000000860260260000089323000000815802600000893230000008158000000000000000000000300000000000000000000000000006360011358915921811002161000000
005001066764884800000000000000000000000000000000000000000000150000
00200306676488530030400520133300000000003533249382080000300574001685000000000000000000010000000100000086026026000008932300000081580260000089323000000815800000000000000000000006360011358915921811002161000000
00200306676490740030400481136700000000000455369225080000300778001685000000000000000000010000000100000086026026000008932300000081580260000089323000000815800000000000000000000006360011358915921811002161000000
00200306676491660030400528723800000000001544310738080000300249001685000000000000000000010000000100000086026026000008932300000081580260000089323000000815800000000000000000000006360011358915921811002161000000
00200306676491780030400408391400000000000572044979080000300385001685000000000000000000010000000100000086026026000008932300000081580260000089323000000815800000000000000000000006360011358915921811002161000000
002011066764944500109006576428000000000012817751760100001021050016850008650008550008550000000000000100000001000000860260260000089323000000815802600000893230000008158000000000000000000000300000000000000000000000000006360011358915921811002161000000
00200306676494510030400491625800000000000455878537080000300338001685000000000000000000010000000100000086026026000008932300000081580260000089323000000815800000000000000000000006360011358915921811002161000000
005001066764962800301001154026000000000002527540250400001000150000
005001066764963000301001154026000000000002527540250400001000150000
00200306676496320030100115402600000000000252754025070000300251001685000000000000000000010000000100000086026026000008932300000081580260000089323000000815800000000000000000000006360011358915921811002161000000
002011066765010800104149981163000000000026112057040400001008540016850008650008550008550000000000000100000001000000860260260000089323000000815802600000893230000008158000000000000000000000300000000000000000000000000006360011358915921811002161000000
002011066765028300104164509119000000000023106151120400001024710016850008650008550008550000000000000100000001000000860260260000089323000000815802600000893230000008158000000000000000000000300000000000000000000000000006360011358915921811002161000000
002011066765051300104080397735000000000009586831290400001028680016850016850016850000000000000000000100000001000000860260260000089323000000815802600000893230000008158000000000000000000000000000000000000000000000000006360011358915921811002161000000
005001066765165000301000960835000000000009877573390400001000150000
00300108000030000600000000000086026026000008932300000081580260000089323000000815806676516530000
00300107000030000300000000000086026026000008932300000081580260000089323000000815806676516530000
00300106120150000100000000000086026026000008932300000081580260000089323000000815806676516530000
00300104000010000500051050000086026026000008932300000081580260000089323000000815806676516530000
00300108000040000100000000000086026026000008932300000081580260000089323000000815806676516530000
00300106130150000100000000000086026026000008932300000081580260000089323000000815806676516530000
00300101000010000100008550000086026026000008932300000081580260000089323000000815806676516530000
001001026000008602600406676516530260000089323000000815802600000893230000008158020230456800100120000
005001066765246000301000960835000000000009877573390400001000150000
001001026000008602600506676524650260000089323000000815802600000893230000008158020230456800100120000
002011066765247700109008735477000000000002098409680100001019510016850008650000000000000008550000000100000001000000860260260000089323000000815802600000893230000008158100000000000000000000300000000000000000000000000006360011358915921811002161000000
002011066765248300109056250445000000000016411397840100001000180016850008650008550008550000000000000100000001000000860260260000089323000000815802600000893230000008158000000000000000000000300000000000000000000000000006360011358915921811002161000000
002011066765248800104162423438000000000028475699920400001008370016850008650004500004500008550000000100000001000000860260260000089323000000815802600000893230000008158100000000000000000000300000000000000000000000000006360011358915921811002161000000
0020020667652510003010009608350000000000098775733901000030000000168500000000168500000001000000010000008602602600000893230000008158026000008932300000081580063600113589159218110021610000
002011066765251800104163871221000000000023052009680400001025900016850008650000000000000008550000000100000001000000860260260000089323000000815802600000893230000008158100000000000000000000300000000000000000000000000006360011358915921811002161000000
002011066765252300104082060371000000000001989694160400001004610016850016850016850000000000000000000100000001000000860260260000089323000000815802600000893230000008158000000000000000000000000000000000000000000000000006360011358915921811002161000000
005001066765252900104164795286000000000024104740561023001000150000
002011066765253000104164795286000000000024104740560400001033980016850008650004500004500008550000000100000001000000860260260000089323000000815802600000893230000008158100000000000000000000300000000000000000000000000006360011358915921811002161000000
0020020667652540003010009608350000000000098775733901000030000000168500000000168500000001000000010000008602602600000893230000008158026000008932300000081580063600113589159218110021610000
00200306676525500030400235055900000000001543035796080000302592001685000000000000000000010000000100000086026026000008932300000081580260000089323000000815800000000000000000000006360011358915921811002161000000
00200306676527900150300305656500000000000519994665061201500702001685000000000000000000010000000100000086026026000008932300000081580260000089323000000815800000000000000000000006360011358915921811002161000000
002011066765280300117034955358000000000004684248850400001025840016850008650008550008550000000000000100000001000000860260260000089323000000815802600000893230000008158000000000000000000000300000000000000000000000000006360011358915921811002161000000
005001066765310600117060538581000000000027385379930100001002410000
002011066765310600117060538581000000000027385379930400001005710016850008650008550008550000000000000100000001000000860260260000089323000000815802600000893230000008158000000000000000000000300000000000000000000000000006360011358915921811002161000000
005001066765382800301001141072000000000002525362010400001000150000
005001066765383200301001141072000000000002525362010400001000150000
00200306676538340030100114107200000000000252536201070000300998001685000000000000000000010000000100000086026026000008932300000081580260000089323000000815800000000000000000000006360011358915921811002161000000
00200306676538420030400358998900000000003316147644080000302135001685000000000000000000010000000100000086026026000008932300000081580260000089323000000815800000000000000000000006360011358915921811002161000000
00200306676538510030400353783100000000003389970342080000302521001685000000000000000000010000000100000086026026000008932300000081580260000089323000000815800000000000000000000006360011358915921811002161000000
0020020667653868003010009608350000000000098775733901000030000000168500000000168500000001000000010000008602602600000893230000008158026000008932300000081580063600113589159218110021610000
002011066765425200104088355187000000000023477637840400001005250016850008650004500004500008550000000100000001000000860260260000089323000000815802600000893230000008158100000000000000000000300000000000000000000000000006360011358915921811002161000000
005001066765426000301001164421000000000008914681530400001000150000
005001066765426300301001164421000000000008914681530400001000150000
00200306676542640030100116442100000000000891468153070000300158001685000000000000000000010000000100000086026026000008932300000081580260000089323000000815800000000000000000000006360011358915921811002161000000
00200306676543530030500029331900000000001206695030071000301362001685000000000000000000010000000100000086026026000008932300000081580260000089323000000815800000000000000000000006360011358915921811002161000000
00200306676543660030500022218700000000000693796366071000303824001685000000000000000000010000000100000086026026000008932300000081580260000089323000000815800000000000000000000006360011358915921811002161000000
002011066765509800104151701351000000000025845215440400001001400016850016850016850000000000000000000100000001000000860260260000089323000000815802600000893230000008158000000000000000000000000000000000000000000000000006360011358915921811002161000000
005001066765605500301000960835000000000009877573390400001000150000
00300101000010000200017200000086026026000008932300000081580260000089323000000815806676560590000
00300104000010000800085400000086026026000008932300000081580260000089323000000815806676560590000
00300101000030000300050550000086026026000008932300000081580260000089323000000815806676560590000
00300108000030000300000000000086026026000008932300000081580260000089323000000815806676560590000
00300106120150000100000000000086026026000008932300000081580260000089323000000815806676560590000
00300107000030000200000000000086026026000008932300000081580260000089323000000815806676560590000
00300107100030000200000000000086026026000008932300000081580260000089323000000815806676560590000
001001026000008602600406676560590260000089323000000815802600000893230000008158020230456800100020000
005001066765860300301000960835000000000009877573390400001000150000
001001026000008602600506676586070260000089323000000815802600000893230000008158020230456800100020000
002011066765862200109008903108000000000010185651920100001002240016850008650008550008550000000000000100000001000000860260260000089323000000815802600000893230000008158000000000000000000000300000000000000000000000000006360011358915921811002161000000
002011066765862800109128187256000000000004814006480100001009730016850008650008550008550000000000000100000001000000860260260000089323000000815802600000893230000008158000000000000000000000300000000000000000000000000006360011358915921811002161000000
005001066765863801503002491811000000000024420844100614015000840000
00200306676586390150300249181100000000002442084410061301502292001685000000000000000000010000000100000086026026000008932300000081580260000089323000000815800000000000000000000006360011358915921811002161000000
0020020667658647015030024918110000000000244208441006140150226400168500000000000000000001000000010000008602602600000893230000008158026000008932300000081580063600113589159218110021610000
002011066765865700104162438818000000000026686743760400001020830016850016850016850000000000000000000100000001000000860260260000089323000000815802600000893230000008158000000000000000000000000000000000000000000000000006360011358915921811002161000000
0020020667658670003010009608350000000000098775733901000030000000168500000000168500000001000000010000008602602600000893230000008158026000008932300000081580063600113589159218110021610000
00200306676587500030400450116300000000001109215450080000306321001685000000000000000000010000000100000086026026000008932300000081580260000089323000000815800000000000000000000006360011358915921811002161000000
005001066765879000104167433075000000000023958472400400001000150000
005001066765879000104167433075000000000023958472400400001000150000
002011066765879200104167433075000000000023958472400400001046280016850008650008550008550000000000000100000001000000860260260000089323000000815802600000893230000008158000000000000000000000300000000000000000000000000006360011358915921811002161000000
00200306676587990030400355511100000000003398570950080000304483001685000000000000000000010000000100000086026026000008932300000081580260000089323000000815800000000000000000000006360011358915921811002161000000
00200306676588110050100061795500000000001114601162070000503384001685000000000000000000010000000100000086026026000008932300000081580260000089323000000815800000000000000000000006360011358915921811002161000000
0020020667658924003010009608350000000000098775733901000030000000168500000000168500000001000000010000008602602600000893230000008158026000008932300000081580063600113589159218110021610000
00200306676591990050400092566200000000003031576498080000506397001685000000000000000000010000000100000086026026000008932300000081580260000089323000000815800000000000000000000006360011358915921811002161000000
002011066765942400104164626417000000000023302723280400001018670016850016850016850000000000000000000100000001000000860260260000089323000000815802600000893230000008158000000000000000000000000000000000000000000000000006360011358915921811002161000000
005001066766003000104165190795000000000017710408401022001000150000
002011066766003500104165190795000000000017710408400400001015160016850008650008550008550000000000000100000001000000860260260000089323000000815802600000893230000008158000000000000000000000300000000000000000000000000006360011358915921811002161000000
002011066766007000104088001521000000000017108442320400001003150016850016850016850000000000000000000100000001000000860260260000089323000000815802600000893230000008158000000000000000000000000000000000000000000000000006360011358915921811002161000000
002011066766012300104152810846000000000028462298320400001050640016850008650008550008550000000000000100000001000000860260260000089323000000815802600000893230000008158000000000000000000000300000000000000000000000000006360011358915921811002161000000
00200306676602230020401741847600000000003770394560080000200064001685000000000000000000010000000100000086026026000008932300000081580260000089323000000815800000000000000000000006360011358915921811002161000000
00200306676602330030400392927500000000003442903643080000301680001685000000000000000000010000000100000086026026000008932300000081580260000089323000000815800000000000000000000006360011358915921811002161000000
00200306676602490030400379443400000000000883675939080000300866001685000000000000000000010000000100000086026026000008932300000081580260000089323000000815800000000000000000000006360011358915921811002161000000
005001066766059700301001149375000000000002531165690400001000150000
005001066766060000301001149375000000000002531165690400001000150000
00200306676606010030100114937500000000000253116569070000300396001685000000000000000000010000000100000086026026000008932300000081580260000089323000000815800000000000000000000006360011358915921811002161000000
005001066766217100301000960835000000000009877573390400001000150000
00300101000010000200017100000086026026000008932300000081580260000089323000000815806676621740000
00300106130150000100000000000086026026000008932300000081580260000089323000000815806676621740000
00300106140150000100000000000086026026000008932300000081580260000089323000000815806676621740000
00300104000010000600076200000086026026000008932300000081580260000089323000000815806676621740000
00300101000030000200033700000086026026000008932300000081580260000089323000000815806676621740000
00300108000030000400000000000086026026000008932300000081580260000089323000000815806676621740000
00300107000050000100000000000086026026000008932300000081580260000089323000000815806676621740000
00300108000050000100000000000086026026000008932300000081580260000089323000000815806676621740000
00300108000020000100000000000086026026000008932300000081580260000089323000000815806676621740000
00300107000030000100000000000086026026000008932300000081580260000089323000000815806676621740000
001001026000008602600406676621740260000089323000000815802600000893230000008158020230456800100120000
005001066766231100104164629327000000000022760392401023001002300000
002011066766231300104164629327000000000022760392400400001011120016850008650004250004250008550000000100000001000000860260260000089323000000815802600000893230000008158100000000000000000000300000000000000000000000000006360011358915921811002161000000
002011066766231800109128031264000000000007136220880100001034810016850008650000000000000008550000000100000001000000860260260000089323000000815802600000893230000008158100000000000000000000300000010000000000000000000106360011358915921811002161000000
002011066766232300104166183041000000000023740442320400001067810016850008650000000000000008550000000100000001000000860260260000089323000000815802600000893230000008158100000000000000000000300000000000000000000000000006360011358915921811002161000000
00200306676623300030400533790100000000001983191298080000300079001685000000000000000000010000000100000086026026000008932300000081580260000089323000000815800000000000000000000006360011358915921811002161000000
0020020667662346003010009608350000000000098775733901000030000000168500000000168500000001000000010000008602602600000893230000008158026000008932300000081580063600113589159218110021610000
002011066766235600104088003541000000000016665595600400001002640016850016850016850000000000000000000100000001000000860260260000089323000000815802600000893230000008158000000000000000000000000000000000000000000000000006360011358915921811002161000000
002011066766236100104088374904000000000023682166480400001001770016850008650001450001450008550000000100000001000000860260260000089323000000815802600000893230000008158100000000000000000000300000000000000000000000000006360011358915921811002161000000
002011066766236800104086240595000000000017599071440400001002680016850008650008550008550000000000000100000001000000860260260000089323000000815802600000893230000008158000000000000000000000300000000000000000000000000006360011358915921811002161000000
002011066766237400104166763161000000000023540196560400001015270016850008650004250004250008550000000100000001000000860260260000089323000000815802600000893230000008158100000000000000000000300000000000000000000000000006360011358915921811002161000000
00200306676623780150300238080600000000000572047587061201502195001685000000000000000000010000000100000086026026000008932300000081580260000089323000000815800000000000000000000006360011358915921811002161000000
00200306676623900030400506502200000000000252998633080000300510001685000000000000000000010000000100000086026026000008932300000081580260000089323000000815800000000000000000000006360011358915921811002161000000
002011066766287900109166403602000000000007812291280100001014240016850008650004250004250008550000000100000001000000860260260000089323000000815802600000893230000008158100000000000000000000300000000000000000000000000006360011358915921811002161000000
002011066766383400104162904339000000000018746514640400001023460016850008650008550008550000000000000100000001000000860260260000089323000000815802600000893230000008158000000000000000000000300000000000000000000000000006360011358915921811002161000000
005001066766383800301000923701000000000036209307140400001000150000
005001066766383900301000923701000000000036209307141000003000150000
005001066766384100301000923701000000000036209307140400001000150000
005001066766384100301000923701000000000036209307141007003000150000
005001066766386100301000923701000000000036209307140400001000150000
005001066766386400301000923701000000000036209307140400001000150000
00200306676638660030100092370100000000003620930714070000301972001685000000000000000000010000000100000086026026000008932300000081580260000089323000000815800000000000000000000006360011358915921811002161000000
00200306676638770030400484108800000000001545894050080000300744001685000000000000000000010000000100000086026026000008932300000081580260000089323000000815800000000000000000000006360011358915921811002161000000
00200306676638860030400511055900000000001546039490080000300369001685000000000000000000010000000100000086026026000008932300000081580260000089323000000815800000000000000000000006360011358915921811002161000000
002011066766389700109057418994000000000005151847120100001005150016850008650008550008550000000000000100000001000000860260260000089323000000815802600000893230000008158000000000000000000000300000010000000000000000000206360011358915921811002161000000
00200306676639800030400500301900000000002442821562080000300746001685000000000000000000010000000100000086026026000008932300000081580260000089323000000815800000000000000000000006360011358915921811002161000000
005001066766637900301000960835000000000009877573390400001000150000
00300104000010000700068550000086026026000008932300000081580260000089323000000815806676663840000
00300101000010000300025850000086026026000008932300000081580260000089323000000815806676663840000
00300108000030000500000000000086026026000008932300000081580260000089323000000815806676663840000
00300101000030000100016850000086026026000008932300000081580260000089323000000815806676663840000
00300106120150000100000000000086026026000008932300000081580260000089323000000815806676663840000
00300107000030000100000000000086026026000008932300000081580260000089323000000815806676663840000
001001026000008602600506676663840260000089323000000815802600000893230000008158020230456800100120000
005001066766638500301000960835000000000009877573390400001000150000
001001026000008602600406676663930260000089323000000815802600000893230000008158020230456800100020000
005001066766639400301000960835000000000009877573390400001000150000
001001026000008602600306676663970260000089323000000815802600000893230000008158020230456800100020000
02000100106676664080030100096083500000000000987757339026000008932300000081580124101000008602602600000893230000008158026000008932300000081580000
0210010300310000086026026000008932300000081580260000089323000000815806676664080000
0210010400080000086026026000008932300000081580260000089323000000815806676664080000
0210010500020000086026026000008932300000081580260000089323000000815806676664080000
0210010800090000086026026000008932300000081580260000089323000000815806676664080000
0210010900030000086026026000008932300000081580260000089323000000815806676664080000
0210011000030000086026026000008932300000081580260000089323000000815806676664080000
0210011100020000086026026000008932300000081580260000089323000000815806676664080000
0210012500330000086026026000008932300000081580260000089323000000815806676664080000
010001001026000008932300000081580000086026066766640800500000
001001026000008602600206676664110260000089323000000815800000000000000000000000020230456800100020000
010001001026000008932300000081580000086026066766641700400000
001001026000008602600106676664220000000089323000000000000000000000000000000000020230456800100020000
03400667637233000008602600005C06676372330667640428000008602604568I000008932300000893230100000050016850000000010000000101000000400085500000000100000001061300003000000000000001000000010614000020000000000000010000000108000001600000000000000100000001
03400667640956000008602600005C06676409560667644444000008602604568V0000089323000008932301000000400168500000000100000001010000003000855000000001000000010100000010004501000000010000000104000000300085500000000100000001040000001000830000000001000000010400000020004251000000010000000107000000300000000000000100000001080000010000000000000001000000010800000100000000000000010000000108000001000000000000000100000001080000010000000000000001000000010800000100000000000000010000000108000001000000000000000100000001080000010000000000000001000000010800000100000000000000010000000108000001000000000000000100000001
