1000020260000086001005063600108005701967950022470000
0450010000000002000000000106675555930000
001001026000008600100206676433580000000105849000000000000000000000000000000000000000000000000000000
010001001026000010584900000092760000086001066764336400100000
010001001026000010584900000092760000086001066764337400200000
001001026000008600100306676433780260000105849000000927602600001058490000009276000000000000000020000
001001026000008600100406676439030260000105849000000927602600001058490000009276020230456800100020000
005001066764390500301000738113000000000040786011480400001000150000
001001026000008600100506676439110260000105849000000927602600001058490000009276020230456800100020000
005001066764391900301001152333000000000002520346970400001000150000
001001026000008600100406676439230260000105849000000927602600001058490000009276020230456800100120000
005001066764392400301001152333000000000002520346970400001000150000
001001026000008600100306676439270260000105849000000927602600001058490000009276020230456800100120000
010001001026000010584900000092760000086001066764393200500000
001001026000008600100206676439560260000105849000000927600000000000000000000000020280457300100120000
010001001026000010584900000092760000086001066764396600200000
001001026000008600100306676439690260000105849000000927602600001058490000009276020280457300100120000
001001026000008600100406676439750260000105849000000927602600001058490000009276020280457300100020000
005001066764556700301001152333000000000002520346970400001000150000
001001026000008600100306676455700260000105849000000927602600001058490000009276020280457300100020000
001001026000008600100406676455770260000105849000000927602600001058490000009276020280457300100120000
005001066764558100301001152333000000000002520346970400001000150000
001001026000008600100506676455860260000105849000000927602600001058490000009276020280457300100120000
005001066764559500301001152333000000000002520346970400001000150000
001001026000008600100406676455990260000105849000000927602600001058490000009276020280457300100020000
005001066764560000301001152333000000000002520346970400001000150000
001001026000008600100506676456050260000105849000000927602600001058490000009276020280457300100020000
0020020667646159003010011523330000000000025203469701000030000000250000000000250000000001000000010000008600102600001058490000009276026000010584900000092760063600108005701967950022470000
005001066764637100104160771919000000000024801162961023001002300000
002011066764637900104160771919000000000024801162960400001111690025000012250008550008550000000000000100000001000000860010260000105849000000927602600001058490000009276000000000000000000000300000000000000000000000000006360010800570196795002247000000
002011066764676300104164917519000000000018690947280400001070230025000012250008550008550000000000000100000001000000860010260000105849000000927602600001058490000009276000000000000000000000300000000000000000000000000006360010800570196795002247000000
005001066764709300304002379344000000000034082506280800003000150000
00200306676470940030400237934400000000003408250628080000302683002500000000000000000000010000000100000086001026000010584900000092760260000105849000000927600000000000000000000006360010800570196795002247000000
002011066764714400109075927668000000000030357005520100001001070025000012250008550008550000000000000100000001000000860010260000105849000000927602600001058490000009276000000000000000000000300000000000000000000000000006360010800570196795002247000000
002011066764715900104158093593000000000027262344400400001044280025000012250008550008550000000000000100000001000000860010260000105849000000927602600001058490000009276000000000000000000000300000000000000000000000000006360010800570196795002247000000
002011066764733500109077215959000000000031642594000100001000080025000025000025000000000000000000000100000001000000860010260000105849000000927602600001058490000009276000000000000000000000000000000000000000000000000006360010800570196795002247000000
002011066764734100104166468509000000000017277328080400001028140025000012250000550008550000000000000100000001000000860010260000105849000000927602600001058490000009276000000000000000000000300000000000000000000000000006360010800570196795002247000000
002011066764734100104166468509000000000017277328080400001028140025000012250008000008550000000000000100000001000000860010260000105849000000927602600001058490000009276000000000000000000000300000000000000000000000000006360010800570196795002247000000
005001066764734900000000000000000000000023949870800000000000150000
002011066764735300104165995645000000000023949870800400001014280025000012250008550008550000000000000100000001000000860010260000105849000000927602600001058490000009276000000000000000000000300000000000000000000000000006360010800570196795002247000000
00200306676475550020100414592700000000003620802170070000205480002500000000000000000000010000000100000086001026000010584900000092760260000105849000000927600000000000000000000006360010800570196795002247000000
002011066764756500104088739211000000000028063091920400001001880025000012250008550008550000000000000100000001000000860010260000105849000000927602600001058490000009276000000000000000000000300000000000000000000000000006360010800570196795002247000000
0020020667647573003010011523330000000000025203469701000030000000250000000000250000000001000000010000008600102600001058490000009276026000010584900000092760063600108005701967950022470000
005001066764778300301001038506000000000026785574430400001000150000
005001066764778600301001038506000000000026785574430400001000150000
00200306676477880030100103850600000000002678557443070000301871002500000000000000000000010000000100000086001026000010584900000092760260000105849000000927600000000000000000000006360010800570196795002247000000
002011066764828100104160880866000000000026372895440400001074800025000012250008550008550000000000000100000001000000860010260000105849000000927602600001058490000009276000000000000000000000300000000000000000000000000006360010800570196795002247000000
005001066764836100301001160671000000000026719158820400001000150000
005001066764836300301001160671000000000026719158820400001000150000
00200306676483650030100116067100000000002671915882070000300491002500000000000000000000010000000100000086001026000010584900000092760260000105849000000927600000000000000000000006360010800570196795002247000000
002011066764848700104152066331000000000025280753360400001001480025000012250008550008550000000000000100000001000000860010260000105849000000927602600001058490000009276000000000000000000000300000000000000000000000000006360010800570196795002247000000
0020020667649959003010011523330000000000025203469701000030000000250000000000000000000001000000011000008600102600001058490000009276026000010584900000092760063600108005701967950022470000
0040010306676499740000
005001066765066900301001152333000000000002520346970400001000150000
00300101000030000200050000000086001026000010584900000092760260000105849000000927606676506720000
00300104000010000800068400000086001026000010584900000092760260000105849000000927606676506720000
00300108000030000100000000000086001026000010584900000092760260000105849000000927606676506720000
00300101000010000200033550000086001026000010584900000092760260000105849000000927606676506720000
00300107000020000100000000000086001026000010584900000092760260000105849000000927606676506720000
00300107000030000200000000000086001026000010584900000092760260000105849000000927606676506720000
001001026000008600100406676506720260000105849000000927602600001058490000009276020280457300100120000
005001066765139700301001152333000000000002520346970400001000150000
001001026000008600100506676514020260000105849000000927602600001058490000009276020280457300100120000
005001066765141500104162800223000000000018716898001023001000150000
002011066765141600104162800223000000000018716898000400001062890025000012250003550003550008550000000100000001000000860010260000105849000000927602600001058490000009276100000000000000000000300000000000000000000000000006360010800570196795002247000000
002011066765142200109152150103000000000000997630160100001000600025000012250003550003550008550000000100000001000000860010260000105849000000927602600001058490000009276100000000000000000000300000000000000000000000000006360010800570196795002247000000
00200306676514290020401392286200000000001330947718080000202760002500000000000000000000010000000100000086001026000010584900000092760260000105849000000927600000000000000000000006360010800570196795002247000000
0020020667651452003010011523330000000000025203469701000030000000250000000000250000000001000000010000008600102600001058490000009276026000010584900000092760063600108005701967950022470000
0020020667651463003010011523330000000000025203469701000030000000250000000000250000000001000000010000008600102600001058490000009276026000010584900000092760063600108005701967950022470000
002011066765147000109162279214000000000000480313040100001007220025000012250003550003550008550000000100000001000000860010260000105849000000927602600001058490000009276100000000000000000000300000000000000000000000000006360010800570196795002247000000
002011066765161900104157823342000000000025401242320400001009670025000012250003550003550008550000000100000001000000860010260000105849000000927602600001058490000009276100000000000000000000300000000000000000000000000006360010800570196795002247000000
005001066765190500104153181885000000000026891720400400001000150000
002011066765190500104153181885000000000026891720400400001055910025000012250008550008550000000000000100000001000000860010260000105849000000927602600001058490000009276000000000000000000000300000000000000000000000000006360010800570196795002247000000
00200306676522690020401572032900000000001908477521080000201485002500000000000000000000010000000100000086001026000010584900000092760260000105849000000927600000000000000000000006360010800570196795002247000000
002011066765228000104159378753000000000025711463120400001040180025000012250004500004500008550000000100000001000000860010260000105849000000927602600001058490000009276100000000000000000000300000000000000000000000000006360010800570196795002247000000
002011066765228600104157691519000000000028516393680400001000120025000012250004500004500008550000000100000001000000860010260000105849000000927602600001058490000009276100000000000000000000300000000000000000000000000006360010800570196795002247000000
002011066765229000109123689237000000000010931062480100001000730025000012250004500004500008550000000100000001000000860010260000105849000000927602600001058490000009276100000000000000000000300000000000000000000000000006360010800570196795002247000000
002011066765229600104086632957000000000016857418960400001004610025000012250004500004500008550000000100000001000000860010260000105849000000927602600001058490000009276100000000000000000000300000000000000000000000000006360010800570196795002247000000
002011066765230300109127898469000000000003454334160100001001430025000012250004500004500008550000000100000001000000860010260000105849000000927602600001058490000009276100000000000000000000300000000000000000000000000006360010800570196795002247000000
005001066765230700109071905031000000000028170727120100001000340000
005001066765231100109071790153000000000028261420241023001002300000
002011066765231400109071790153000000000028261420240100001004620025000012250008550008550000000000000100000001000000860010260000105849000000927602600001058490000009276000000000000000000000300000000000000000000000000006360010800570196795002247000000
005001066765232300104160770602000000000027935038161023001002300000
005001066765232600104160770602000000000027935038161023001002300000
002011066765233100104160770602000000000027935038160400001039030025000012250008550008550000000000000100000001000000860010260000105849000000927602600001058490000009276000000000000000000000300000000000000000000000000006360010800570196795002247000000
005001066765323000104150269072000000000025569344720400001000360000
002011066765323500104150269072000000000025569344720400001001860025000012250004500004500008550000000100000001000000860010260000105849000000927602600001058490000009276100000000000000000000300000000000000000000000000006360010800570196795002247000000
005001066765352401503003264842000000000019835346740614015000840000
00200306676535240150300326484200000000001983534674061301500221002500000000000000000000010000000100000086001026000010584900000092760260000105849000000927600000000000000000000006360010800570196795002247000000
0020020667653535015030032648420000000000198353467406140150019900250000000000000000000001000000010000008600102600001058490000009276026000010584900000092760063600108005701967950022470000
005001066765354201503002371513000000000008849718110614015000840000
00200306676535420150300237151300000000000884971811061301500774002500000000000000000000010000000100000086001026000010584900000092760260000105849000000927600000000000000000000006360010800570196795002247000000
0020020667653554015030023715130000000000088497181106140150059200250000000000000000000001000000010000008600102600001058490000009276026000010584900000092760063600108005701967950022470000
005001066765401200104153211441000000000029466586321023001002300000
002011066765401400104153211441000000000029466586320400001029400025000012250004600004600008550000000100000001000000860010260000105849000000927602600001058490000009276100000000000000000000300000000000000000000000000006360010800570196795002247000000
005001066765402101503001602491000000000011153574180612015000800000
005001066765404301503001602491000000000011153574180612015000800000
0020020667654078003010011523330000000000025203469701000030000000250000000000250000000001000000010000008600102600001058490000009276026000010584900000092760063600108005701967950022470000
005001066765626200301001152333000000000002520346970400001000150000
00300104000010000900102850000086001026000010584900000092760260000105849000000927606676562650000
00300101000010000500057550000086001026000010584900000092760260000105849000000927606676562650000
00300108000020000200000000000086001026000010584900000092760260000105849000000927606676562650000
00300101000030000300075000000086001026000010584900000092760260000105849000000927606676562650000
00300106130150000200000000000086001026000010584900000092760260000105849000000927606676562650000
00300106140150000200000000000086001026000010584900000092760260000105849000000927606676562650000
001001026000008600100406676562650260000105849000000927602600001058490000009276020280457300100020000
005001066765912600301001152333000000000002520346970400001000150000
001001026000008600100306676591300260000105849000000927602600001058490000009276020280457300100020000
02000100106676650850030100115233300000000000252034697026000010584900000092760013402000008600102600001058490000009276026000010584900000092760000
0210010300030000086001026000010584900000092760260000105849000000927606676650850000
0210010800030000086001026000010584900000092760260000105849000000927606676650850000
0210011000020000086001026000010584900000092760260000105849000000927606676650850000
0210011100020000086001026000010584900000092760260000105849000000927606676650850000
0210011800010000086001026000010584900000092760260000105849000000927606676650850000
0210012500230000086001026000010584900000092760260000105849000000927606676650850000
010001001026000010584900000092760000086001066766508500500000
001001026000008600100206676651090260000105849000000927600000000000000000000000020280457300100020000
010001001026000010584900000092760000086001066766511500400000
001001026000008600100106676651210000000105849000000000000000000000000000000000020280457300100020000
