1000020260000086053003025243604634338621790033060000
0450010000000002000000000106674745050000
0450010000000000000000000106674747170000
001001026000008605300206676200790000000086892000000000000000000000000000000000020320457700100100000
010001001026000008689200000080270000086053066762008800100000
0350010667620100336611810000104400000001010000
010001001026000008689200000080270000086053066762010200200000
001001026000008605300306676201060260000086892000000802702600000868920000008027020320457700100110000
001001026000008605300406676216930260000086892000000802702600000868920000008027020320457700100010000
005001066762169400301000938678000000000033661181380400001000150000
001001026000008605300506676217000260000086892000000802702600000868920000008027020320457700100010000
0020020667622009003010009386780000000000336611813801000030000000055500000000055500000001000000010000008605302600000868920000008027026000008689200000080270025243604634338621790033060000
0020020667622046003010009386780000000000336611813801000030000000055500000000055500000001000000010000008605302600000868920000008027026000008689200000080270025243604634338621790033060000
002011066762221700104161148115000000000026893750480400001039770005550005550005550000000000000000000100000001000000860530260000086892000000802702600000868920000008027000000000000000000000000000000000000000000000000002524360463433862179003306000000
005001066762239700000000000000000000000026799242960000000000150000
002011066762240000104157278875000000000026799242960400001027900005550005550005550000000000000000000100000001000000860530260000086892000000802702600000868920000008027000000000000000000000000000000000000000000000000002524360463433862179003306000000
002011066762269500117055449451000000000036065209420400001013470005550005550005550000000000000000000100000001000000860530260000086892000000802702600000868920000008027000000000000000000000000000000000000000000000000002524360463433862179003306000000
002011066762280200104150688075000000000025985782480400001008770005550005550005550000000000000000000100000001000000860530260000086892000000802702600000868920000008027000000000000000000000000000000000000000000000000002524360463433862179003306000000
0020020667623345003010009386780000000000336611813801000030000000055500000000055500000001000000010000008605302600000868920000008027026000008689200000080270025243604634338621790033060000
005001066762387300301000938678000000000033661181380400001000150000
00300101000030000300016650000086053026000008689200000080270260000086892000000802706676238770000
00300104000010000400022200000086053026000008689200000080270260000086892000000802706676238770000
001001026000008605300406676238770260000086892000000802702600000868920000008027020320457700100110000
005001066762387900301000938678000000000033661181380400001000150000
001001026000008605300306676238830260000086892000000802702600000868920000008027020320457700100110000
02000100106676238940030100093867800000000003366118138026000008689200000080270104401000008605302600000868920000008027026000008689200000080270000
0210010400050000086053026000008689200000080270260000086892000000802706676238940000
010001001026000008689200000080270000086053066762389400500000
001001026000008605300206676238980260000086892000000802700000000000000000000000020320457700100110000
010001001026000008689200000080270000086053066762390500400000
001001026000008605300106676239110000000086892000000000000000000000000000000000020320457700100110000
03400667621700000008605300005C06676217000667623877000008605304577I000008689200000868920100000030005550000000010000000104000000400055500000000100000001
