1000020260000086052003025243604634338614100042490000
001001026000008605200206676216410000000081230000000000000000000000000000000000020830462800100000000
010001001026000008123000000077000000086052066762164700100000
0350010667621658456233540000049600000002010000
010001001026000008123000000077000000086052066762166000200000
001001026000008605200306676216670260000081230000000770002600000812300000007700020830462800100010000
001001026000008605200406676216750260000081230000000770002600000812300000007700020830462800100010000
005001066762167700301001102867000000000004562335450400001000150000
001001026000008605200506676216830260000081230000000770002600000812300000007700020830462800100010000
002011066762238000117046272129000000000012038091420400001048500004650004650004650000000000000000000100000001000000860520260000081230000000770002600000812300000007700000000000000000000000000000000000000000000000000002524360463433861410004249000000
002011066762245500109125658967000000000000019889360100001047020004650004650004650000000000000000000100000001000000860520260000081230000000770002600000812300000007700000000000000000000000000000000000000000000000000002524360463433861410004249000000
0020020667622565003010011028670000000000045623354501000030000000046500000000046500000001000000010000008605202600000812300000007700026000008123000000077000025243604634338614100042490000
002011066762272900104163989214000000000024137360080400001064070004650004650004650000000000000000000100000001000000860520260000081230000000770002600000812300000007700000000000000000000000000000000000000000000000000002524360463433861410004249000000
00200306676227810030400511055900000000001546039490080000300367000465000000000000000000010000000100000086052026000008123000000077000260000081230000000770000000000000000000000002524360463433861410004249000000
00200306676228280030400533540200000000001983224514080000300042000465000000000000000000010000000100000086052026000008123000000077000260000081230000000770000000000000000000000002524360463433861410004249000000
005001066762316500301001159494000000000035700461180400001000150000
005001066762316800301001159494000000000035700461180400001000150000
00200306676231700030100115949400000000003570046118070000300552000465000000000000000000010000000100000086052026000008123000000077000260000081230000000770000000000000000000000002524360463433861410004249000000
005001066762323000117031687433000000000037494792040400001000150000
002011066762323000117031687433000000000037494792040400001007140004650004650001950000000000000000000100000001000000860520260000081230000000770002600000812300000007700000000000000000000000000000000000000000000000000002524360463433861410004249000000
002011066762323000117031687433000000000037494792040400001007140004650004650002700000000000000000000100000001000000860520260000081230000000770002600000812300000007700000000000000000000000000000000000000000000000000002524360463433861410004249000000
002011066762332800104166521116000000000016986396880400001025010004650004650004650000000000000000000100000001000000860520260000081230000000770002600000812300000007700000000000000000000000000000000000000000000000000002524360463433861410004249000000
0020020667623647003010011028670000000000045623354501000030000000046500000000046500000001000000010000008605202600000812300000007700026000008123000000077000025243604634338614100042490000
005001066762407800301001102867000000000004562335450400001000150000
00300104000010000400018600000086052026000008123000000077000260000081230000000770006676240820000
00300101000010000100004650000086052026000008123000000077000260000081230000000770006676240820000
00300101000030000200009300000086052026000008123000000077000260000081230000000770006676240820000
00300108000030000200000000000086052026000008123000000077000260000081230000000770006676240820000
00300107000030000100000000000086052026000008123000000077000260000081230000000770006676240820000
001001026000008605200406676240820260000081230000000770002600000812300000007700020830462800100110000
005001066762408300301001102867000000000004562335450400001000150000
001001026000008605200306676240870260000081230000000770002600000812300000007700020830462800100110000
001001026000008605200206676240920260000081230000000770002600000812300000007700020830462800100110000
010001001026000008123000000077000000086052066762409900400000
02000100106676241070030100110286700000000000456233545026000008123000000077000049602000008605202600000812300000007700026000008123000000077000000
0210010300020000086052026000008123000000077000260000081230000000770006676241070000
0210010400060000086052026000008123000000077000260000081230000000770006676241070000
0210010800010000086052026000008123000000077000260000081230000000770006676241070000
0210011800010000086052026000008123000000077000260000081230000000770006676241070000
010001001026000008123000000077000000086052066762410700500000
001001026000008605200106676241150000000081230000000000000000000000000000000000020830462800100110000
03400667621683000008605200005C06676216830667624082000008605204628I00000812300000081230010000003000465000000001000000010400000030004650000000010000000104000000100019500000000100000001040000001000270000000001000000010700000010000000000000010000000108000000200000000000000100000001
