1000020260000086202003063600113503259853800021790000
0450010000000002000000000106676060910000
001001026000008620200206676166290000000078912000000000000000000000000000000000020390458400100000000
010001001026000007891200000075710000086202066761663800100000
0350010667616649844804420000115400000001010000
010001001026000007891200000075710000086202066761665100200000
001001026000008620200306676166550260000078912000000757102600000789120000007571020390458400100010000
001001026000008620200406676205690260000078912000000757102600000789120000007571020390458400100010000
001001026000008620200506676205760260000078912000000757102600000789120000007571020390458400100010000
0020020667621695003010009806410000000000084480442701000030000000055500000000055500000001000000010000008620202600000789120000007571026000007891200000075710063600113503259853800021790000
0020020667622561003010009806410000000000084480442701000030000000055500000000055500000001000000010000008620202600000789120000007571026000007891200000075710063600113503259853800021790000
002011066762268500104087633337000000000016708478160400001002870005550005550005550000000000000000000100000001000000862020260000078912000000757102600000789120000007571000000000000000000000000000000000000000000000000006360011350325985380002179000000
0020020667622935003010009806410000000000084480442701000030000000055500000000055500000001000000010000008620202600000789120000007571026000007891200000075710063600113503259853800021790000
00300101000030000300016650000086202026000007891200000075710260000078912000000757106676251830000
00300104000010000100005550000086202026000007891200000075710260000078912000000757106676251830000
001001026000008620200406676251830260000078912000000757102600000789120000007571020390458400100110000
001001026000008620200506676252270260000078912000000757102600000789120000007571020390458400100110000
002011066762546100109128616327000000000002886213840100001013290005550005550004250004250008550000000100000001000000862020260000078912000000757102600000789120000007571100000000000000000000300000000000000000000000000006360011350325985380002179000000
002011066762676700104153171812000000000027897288400400001069250005550005550005550000000000000000000100000001000000862020260000078912000000757102600000789120000007571000000000000000000000000000000000000000000000000006360011350325985380002179000000
002011066762697800104164573623000000000022966841040400001012180005550005550005550000000000000000000100000001000000862020260000078912000000757102600000789120000007571000000000000000000000000000000000000000000000000006360011350325985380002179000000
0020020667626989003010009806410000000000084480442701000030000000055500000000055500000001000000010000008620202600000789120000007571026000007891200000075710063600113503259853800021790000
005001066762714200305000040054000000000023869555160710003001360000
002011066762714300305000040054000000000023869555160400001064730005550005550005550000000000000000000100000001000000862020260000078912000000757102600000789120000007571000000000000000000000000000000000000000000000000006360011350325985380002179000000
00200306676271540150300148947200000000001113915578061201500759000555000000000000000000010000000100000086202026000007891200000075710260000078912000000757100000000000000000000006360011350325985380002179000000
00300101000010000100005550000086202026000007891200000075710260000078912000000757106676284820000
00300104000010000300016650000086202026000007891200000075710260000078912000000757106676284820000
00300101000030000100005550000086202026000007891200000075710260000078912000000757106676284820000
00300106120150000100000000000086202026000007891200000075710260000078912000000757106676284820000
001001026000008620200406676284820260000078912000000757102600000789120000007571020390458400100010000
001001026000008620200506676287180260000078912000000757102600000789120000007571020390458400100010000
0020020667628750003010009806410000000000084480442701000030000000055500000000055500000001000000010000008620202600000789120000007571026000007891200000075710063600113503259853800021790000
00200306676287580030500043453200000000000322107250071000300656000555000000000000000000010000000100000086202026000007891200000075710260000078912000000757100000000000000000000006360011350325985380002179000000
00200306676289110030400527020300000000001063193794080000300045000555000000000000000000010000000100000086202026000007891200000075710260000078912000000757100000000000000000000006360011350325985380002179000000
0020020667628920003010009806410000000000084480442701000030000000055500000000055500000001000000010000008620202600000789120000007571026000007891200000075710063600113503259853800021790000
00200306676289270030400407957700000000000572133139080000303801000555000000000000000000010000000100000086202026000007891200000075710260000078912000000757100000000000000000000006360011350325985380002179000000
00200306676289370030400279446500000000003413712612080000303764000555000000000000000000010000000100000086202026000007891200000075710260000078912000000757100000000000000000000006360011350325985380002179000000
0020020667628955003010009806410000000000084480442701000030000000055500000000055500000001000000010000008620202600000789120000007571026000007891200000075710063600113503259853800021790000
00200306676289960030400299641600000000002073677084080000300639000555000000000000000000010000000100000086202026000007891200000075710260000078912000000757100000000000000000000006360011350325985380002179000000
00200306676291180030400459413700000000003408484660080000302058000555000000000000000000010000000100000086202026000007891200000075710260000078912000000757100000000000000000000006360011350325985380002179000000
002011066762920500104089602242000000000023694979280400001001480005550005550005550000000000000000000100000001000000862020260000078912000000757102600000789120000007571000000000000000000000000000000000000000000000000006360011350325985380002179000000
0020020667629647003010009806410000000000084480442701000030000000055500000000055500000001000000010000008620202600000789120000007571026000007891200000075710063600113503259853800021790000
00200306676297000030400496629800000000003533161846080000300959000555000000000000000000010000000100000086202026000007891200000075710260000078912000000757100000000000000000000006360011350325985380002179000000
0020020667629771003010009806410000000000084480442701000030000000055500000000055500000001000000010000008620202600000789120000007571026000007891200000075710063600113503259853800021790000
00200306676299890030400499774600000000003532979414080000300638000555000000000000000000010000000100000086202026000007891200000075710260000078912000000757100000000000000000000006360011350325985380002179000000
00200306676299980030400282004100000000000334625068080000302810000555000000000000000000010000000100000086202026000007891200000075710260000078912000000757100000000000000000000006360011350325985380002179000000
00200306676300070030400292648500000000002127725356080000304817000555000000000000000000010000000100000086202026000007891200000075710260000078912000000757100000000000000000000006360011350325985380002179000000
00200306676300210030400525960900000000001983444930080000300130000555000000000000000000010000000100000086202026000007891200000075710260000078912000000757100000000000000000000006360011350325985380002179000000
00200306676300330030400524298600000000002523787754080000300109000555000000000000000000010000000100000086202026000007891200000075710260000078912000000757100000000000000000000006360011350325985380002179000000
00200306676301140030400335433700000000002075212460080000306942000555000000000000000000010000000100000086202026000007891200000075710260000078912000000757100000000000000000000006360011350325985380002179000000
00200306676302120030400528257100000000001063672306080000300172000555000000000000000000010000000100000086202026000007891200000075710260000078912000000757100000000000000000000006360011350325985380002179000000
0020020667630232003010009806410000000000084480442701000030000000055500000000055500000001000000010000008620202600000789120000007571026000007891200000075710063600113503259853800021790000
0020020667630238003010009806410000000000084480442701000030000000055500000000055500000001000000010000008620202600000789120000007571026000007891200000075710063600113503259853800021790000
0020020667630318003010009806410000000000084480442701000030000000055500000000055500000001000000010000008620202600000789120000007571026000007891200000075710063600113503259853800021790000
00200306676305440030400283187500000000001115384442080000303591000555000000000000000000010000000100000086202026000007891200000075710260000078912000000757100000000000000000000006360011350325985380002179000000
00200306676310750020401566698700000000001908297329080000201501000555000000000000000000010000000100000086202026000007891200000075710260000078912000000757100000000000000000000006360011350325985380002179000000
005001066763108701503001657316000000000033853695261021015000150000
00200306676310880150300165731600000000003385369526061201502514000555000000000000000000010000000100000086202026000007891200000075710260000078912000000757100000000000000000000006360011350325985380002179000000
00300101000030000800044400000086202026000007891200000075710260000078912000000757106676324180000
00300107100030000100000000000086202026000007891200000075710260000078912000000757106676324180000
00300108000030001400000000000086202026000007891200000075710260000078912000000757106676324180000
00300104000010000100005550000086202026000007891200000075710260000078912000000757106676324180000
00300108000020000100000000000086202026000007891200000075710260000078912000000757106676324180000
00300106120150000100000000000086202026000007891200000075710260000078912000000757106676324180000
001001026000008620200406676324180260000078912000000757102600000789120000007571020390458400100110000
001001026000008620200506676324260260000078912000000757102600000789120000007571020390458400100110000
0020020667632440003010009806410000000000084480442701000030000000055500000000055500000001000000010000008620202600000789120000007571026000007891200000075710063600113503259853800021790000
00200306676336440030400523877600000000002523532250080000300400000555000000000000000000010000000100000086202026000007891200000075710260000078912000000757100000000000000000000006360011350325985380002179000000
00300101000030000100005550000086202026000007891200000075710260000078912000000757106676354750000
00300108000030000100000000000086202026000007891200000075710260000078912000000757106676354750000
001001026000008620200406676354750260000078912000000757102600000789120000007571020390458400100010000
001001026000008620200506676358210260000078912000000757102600000789120000007571020390458400100010000
0020020667635850003010009806410000000000084480442701000030000000055500000000055500000001000000010000008620202600000789120000007571026000007891200000075710063600113503259853800021790000
002011066763586300104083653929000000000011879178960400001011920005550005550005550000000000000000000100000001000000862020260000078912000000757102600000789120000007571000000000000000000000000000000000000000000000000006360011350325985380002179000000
005001066763586700000000000000000000000000000000000000000000150000
005001066763587200000000000000000000000000000000000000000000150000
005001066763587700109160694419000000000002133036240100001000340000
002011066763588000109125154331000000000001519155920100001004390005550005550005550000000000000000000100000001000000862020260000078912000000757102600000789120000007571000000000000000000000000000000000000000000000000006360011350325985380002179000000
00200306676364240030400444087300000000004142387467080000302681000555000000000000000000010000000100000086202026000007891200000075710260000078912000000757100000000000000000000006360011350325985380002179000000
00200306676364760030400441491100000000000520285075080000303211000555000000000000000000010000000100000086202026000007891200000075710260000078912000000757100000000000000000000006360011350325985380002179000000
00200306676365240030400482794800000000000456378361080000300628000555000000000000000000010000000100000086202026000007891200000075710260000078912000000757100000000000000000000006360011350325985380002179000000
00200306676365370030400431847400000000002517386746080000300690000555000000000000000000010000000100000086202026000007891200000075710260000078912000000757100000000000000000000006360011350325985380002179000000
002011066763665200104160606535000000000024941320400400001039870005550005550005550000000000000000000100000001000000862020260000078912000000757102600000789120000007571000000000000000000000000000000000000000000000000006360011350325985380002179000000
002011066763665500104163642559000000000019642097360400001016630005550005550005550000000000000000000100000001000000862020260000078912000000757102600000789120000007571000000000000000000000000000000000000000000000000006360011350325985380002179000000
002011066763697300104165468025000000000024407632080400001021370005550005550005550000000000000000000100000001000000862020260000078912000000757102600000789120000007571000000000000000000000000000000000000000000000000006360011350325985380002179000000
00200306676371140030400494295100000000003533339366080000300451000555000000000000000000010000000100000086202026000007891200000075710260000078912000000757100000000000000000000006360011350325985380002179000000
002011066763718300104165601957000000000024328981200400001016730005550005550005550000000000000000000100000001000000862020260000078912000000757102600000789120000007571000000000000000000000000000000000000000000000000006360011350325985380002179000000
0020020667637577003010009806410000000000084480442701000030000000055500000000055500000001000000010000008620202600000789120000007571026000007891200000075710063600113503259853800021790000
00300101000030000200011100000086202026000007891200000075710260000078912000000757106676395870000
00300104000010000500027750000086202026000007891200000075710260000078912000000757106676395870000
00300101000010000100005550000086202026000007891200000075710260000078912000000757106676395870000
00300108000030000500000000000086202026000007891200000075710260000078912000000757106676395870000
001001026000008620200406676395870260000078912000000757102600000789120000007571020390458400100110000
001001026000008620200506676395940260000078912000000757102600000789120000007571020390458400100110000
00200306676396080030400499774600000000003532979414080000300640000555000000000000000000010000000100000086202026000007891200000075710260000078912000000757100000000000000000000006360011350325985380002179000000
0020020667639632003010009806410000000000084480442701000030000000055500000000055500000001000000010000008620202600000789120000007571026000007891200000075710063600113503259853800021790000
005001066763990700301001154671000000000002529913850400001000150000
005001066763991000301001154671000000000002529913850400001000150000
00200306676399110030100115467100000000000252991385070000300514000555000000000000000000010000000100000086202026000007891200000075710260000078912000000757100000000000000000000006360011350325985380002179000000
0020020667640169003010009806410000000000084480442701000030000000055500000000055500000001000000010000008620202600000789120000007571026000007891200000075710063600113503259853800021790000
0020020667640243003010009806410000000000084480442701000030000000055500000000055500000001000000010000008620202600000789120000007571026000007891200000075710063600113503259853800021790000
00200306676403340030400528409300000000001983256914080000300090000555000000000000000000010000000100000086202026000007891200000075710260000078912000000757100000000000000000000006360011350325985380002179000000
0020020667640646003010009806410000000000084480442701000030000000055500000000055500000001000000010000008620202600000789120000007571026000007891200000075710063600113503259853800021790000
0020020667640765003010009806410000000000084480442701000030000000055500000000055500000001000000010000008620202600000789120000007571026000007891200000075710063600113503259853800021790000
0020020667641074003010009806410000000000084480442701000030000000055500000000055500000001000000010000008620202600000789120000007571026000007891200000075710063600113503259853800021790000
0020020667641766003010009806410000000000084480442701000030000000055500000000055500000001000000010000008620202600000789120000007571026000007891200000075710063600113503259853800021790000
00200306676417800030400407957700000000000572133139080000303802000555000000000000000000010000000100000086202026000007891200000075710260000078912000000757100000000000000000000006360011350325985380002179000000
00200306676418810030400515876400000000003533463334080000300059000555000000000000000000010000000100000086202026000007891200000075710260000078912000000757100000000000000000000006360011350325985380002179000000
00300108000030000400000000000086202026000007891200000075710260000078912000000757106676427980000
00300101000030000700038850000086202026000007891200000075710260000078912000000757106676427980000
00300107000030000100000000000086202026000007891200000075710260000078912000000757106676427980000
001001026000008620200406676427980260000078912000000757102600000789120000007571020390458400100010000
001001026000008620200506676428060260000078912000000757102600000789120000007571020390458400100010000
0020020667643235003010009806410000000000084480442701000030000000055500000000055500000001000000010000008620202600000789120000007571026000007891200000075710063600113503259853800021790000
0020020667643248003010009806410000000000084480442701000030000000055500000000055500000001000000010000008620202600000789120000007571026000007891200000075710063600113503259853800021790000
0020020667643262003010009806410000000000084480442701000030000000055500000000055500000001000000010000008620202600000789120000007571026000007891200000075710063600113503259853800021790000
0020020667643278003010009806410000000000084480442701000030000000055500000000055500000001000000010000008620202600000789120000007571026000007891200000075710063600113503259853800021790000
0020020667643551003010009806410000000000084480442701000030000000055500000000055500000001000000010000008620202600000789120000007571026000007891200000075710063600113503259853800021790000
0020020667643560003010009806410000000000084480442701000030000000055500000000055500000001000000010000008620202600000789120000007571026000007891200000075710063600113503259853800021790000
002011066764371400104153171812000000000027897288400400001069280005550005550004600004600008550000000100000001000000862020260000078912000000757102600000789120000007571100000000000000000000300000000000000000000000000006360011350325985380002179000000
0020020667643836003010009806410000000000084480442701000030000000055500000000055500000001000000010000008620202600000789120000007571026000007891200000075710063600113503259853800021790000
0020020667643848003010009806410000000000084480442701000030000000055500000000055500000001000000010000008620202600000789120000007571026000007891200000075710063600113503259853800021790000
00200306676438730030400330833500000000003932018325080000302112000555000000000000000000010000000100000086202026000007891200000075710260000078912000000757100000000000000000000006360011350325985380002179000000
0020020667643936003010009806410000000000084480442701000030000000055500000000055500000001000000010000008620202600000789120000007571026000007891200000075710063600113503259853800021790000
0020020667644008003010009806410000000000084480442701000030000000055500000000055500000001000000010000008620202600000789120000007571026000007891200000075710063600113503259853800021790000
0020020667644018003010009806410000000000084480442701000030000000055500000000055500000001000000010000008620202600000789120000007571026000007891200000075710063600113503259853800021790000
002011066764407300104162817991000000000017777884880400001013120005550005550005550000000000000000000100000001000000862020260000078912000000757102600000789120000007571000000000000000000000000000000000000000000000000006360011350325985380002179000000
00200306676446920030400281248100000000003413615556080000304178000555000000000000000000010000000100000086202026000007891200000075710260000078912000000757100000000000000000000006360011350325985380002179000000
00200306676465600150300210100100000000000884921219061201504559000555000000000000000000010000000100000086202026000007891200000075710260000078912000000757100000000000000000000006360011350325985380002179000000
00300101000030001100061050000086202026000007891200000075710260000078912000000757106676466120000
00300104000010000200011100000086202026000007891200000075710260000078912000000757106676466120000
00300108000030000200000000000086202026000007891200000075710260000078912000000757106676466120000
00300106120150000100000000000086202026000007891200000075710260000078912000000757106676466120000
001001026000008620200406676466120260000078912000000757102600000789120000007571020390458400100110000
001001026000008620200506676466190260000078912000000757102600000789120000007571020390458400100110000
00200306676466230030400534099600000000001544303682080000300081000555000000000000000000010000000100000086202026000007891200000075710260000078912000000757100000000000000000000006360011350325985380002179000000
0020020667646642003010009806410000000000084480442701000030000000055500000000055500000001000000010000008620202600000789120000007571026000007891200000075710063600113503259853800021790000
0020020667646763003010009806410000000000084480442701000030000000055500000000055500000001000000010000008620202600000789120000007571026000007891200000075710063600113503259853800021790000
0020020667646768003010009806410000000000084480442701000030000000055500000000055500000001000000010000008620202600000789120000007571026000007891200000075710063600113503259853800021790000
00200306676470080030400524359100000000001982952258080000300109000555000000000000000000010000000100000086202026000007891200000075710260000078912000000757100000000000000000000006360011350325985380002179000000
005001066764713400104162817991000000000017777884880400001000800000
005001066764713700104162817991000000000017777884880400001000800000
0020020667647151003010009806410000000000084480442701000030000000055500000000055500000001000000010000008620202600000789120000007571026000007891200000075710063600113503259853800021790000
00200306676475090030400528257100000000001063672306080000300173000555000000000000000000010000000100000086202026000007891200000075710260000078912000000757100000000000000000000006360011350325985380002179000000
002011066764783500109080261681000000000005134669520100001002990005550005550005550000000000000000000100000001000000862020260000078912000000757102600000789120000007571000000000000000000000000000000000000000000000000006360011350325985380002179000000
00200306676479320030400289457500000000002140388540080000301272000555000000000000000000010000000100000086202026000007891200000075710260000078912000000757100000000000000000000006360011350325985380002179000000
005001066764894300301001086624000000000025282707140400001000150000
005001066764894600301001086624000000000025282707140400001000150000
00200306676489470030100108662400000000002528270714070000301523000555000000000000000000010000000100000086202026000007891200000075710260000078912000000757100000000000000000000006360011350325985380002179000000
00300108000030000400000000000086202026000007891200000075710260000078912000000757106676496230000
00300101000030000400022200000086202026000007891200000075710260000078912000000757106676496230000
00300101000010000100005550000086202026000007891200000075710260000078912000000757106676496230000
00300107000030000100000000000086202026000007891200000075710260000078912000000757106676496230000
001001026000008620200406676496230260000078912000000757102600000789120000007571020390458400100010000
001001026000008620200306676496280260000078912000000757102600000789120000007571020390458400100010000
02000100106676496390030100098064100000000000844804427026000007891200000075710115401000008620202600000789120000007571026000007891200000075710000
0210010300310000086202026000007891200000075710260000078912000000757106676496390000
0210010400200000086202026000007891200000075710260000078912000000757106676496390000
0210010500010000086202026000007891200000075710260000078912000000757106676496390000
0210010800020000086202026000007891200000075710260000078912000000757106676496390000
0210010900030000086202026000007891200000075710260000078912000000757106676496390000
0210011800030000086202026000007891200000075710260000078912000000757106676496390000
0210012500020000086202026000007891200000075710260000078912000000757106676496390000
010001001026000007891200000075710000086202066764963900500000
001001026000008620200206676497110260000078912000000757100000000000000000000000020390458400100010000
005001066764971200301000980641000000000008448044271011003000150000
005001066764971400301000980641000000000008448044270000000000150000
010001001026000007891200000075710000086202066764972000400000
001001026000008620200106676497260000000078912000000000000000000000000000000000020390458400100010000
03400667620576000008620200005C06676205760667625183000008620204584I000007891200000789120100000250005550000000010000000104000000800055500000000100000001
03400667625227000008620200005C06676252270667628482000008620204584V00000789120000078912010000014000555000000001000000010100000010004251000000010000000104000000300055500000000100000001061200001000000000000001000000010612000010000000000000010000000106120000100000000000000100000001
