1000020260000086117003063600108048651646770015510000
001001026000008611700206676182540000000009902000000000000000000000000000000000000000000000000000000
010001001026000000990200000049540000086117066761826100100000
0350010667618274314863900000082600000001010000
010001001026000000990200000049540000086117066761827600200000
001001026000008611700306676182800260000009902000000495402600000099020000004954000000000000000010000
001001026000008611700406676192120260000009902000000495402600000099020000004954020320457700100010000
001001026000008611700506676192190260000009902000000495402600000099020000004954020320457700100010000
005001066761923000305000279961000000000021626644750710003001360000
002011066761923100305000279961000000000021626644750400001012550005550005550005550000000000000000000100000001000000861170260000009902000000495402600000099020000004954000000000000000000000000000000000000000000000000006360010804865164677001551000000
002011066761957700104164955984000000000024337270480400001037270005550005550005550000000000000000000100000001000000861170260000009902000000495402600000099020000004954000000000000000000000000000000000000000000000000006360010804865164677001551000000
005001066761957900301001161863000000000002523001850400001000150000
005001066761958200301001161863000000000002523001850400001000150000
00200306676195840030100116186300000000000252300185070000300341000555000000000000000000010000000100000086117026000000990200000049540260000009902000000495400000000000000000000006360010804865164677001551000000
005001066761959200301001085611000000000025281767780400001000150000
005001066761959500301001085611000000000025281767780400001000150000
00200306676195970030100108561100000000002528176778070000303629000555000000000000000000010000000100000086117026000000990200000049540260000009902000000495400000000000000000000006360010804865164677001551000000
002011066761960500104164718061000000000024307026640400001078260005550005550005550000000000000000000100000001000000861170260000009902000000495402600000099020000004954000000000000000000000000000000000000000000000000006360010804865164677001551000000
002011066761976100104164565299000000000024366858960400001009660005550005550005550000000000000000000100000001000000861170260000009902000000495402600000099020000004954000000000000000000000000000000000000000000000000006360010804865164677001551000000
002011066761977300104085163503000000000015720220880400001005320005550005550005550000000000000000000100000001000000861170260000009902000000495402600000099020000004954000000000000000000000000000000000000000000000000006360010804865164677001551000000
00200306676199010030400277041800000000002423509482080000306302000555000000000000000000010000000100000086117026000000990200000049540260000009902000000495400000000000000000000006360010804865164677001551000000
002011066761991300117034421957000000000004527347570400001028050005550005550005550000000000000000000100000001000000861170260000009902000000495402600000099020000004954000000000000000000000000000000000000000000000000006360010804865164677001551000000
002011066761996500104164569847000000000023073529040400001028110005550005550005550000000000000000000100000001000000861170260000009902000000495402600000099020000004954000000000000000000000000000000000000000000000000006360010804865164677001551000000
002011066762000800117035520941000000000041800125950400001044870005550005550005550000000000000000000100000001000000861170260000009902000000495402600000099020000004954000000000000000000000000000000000000000000000000006360010804865164677001551000000
0020020667620012003010010320790000000000314863905401000030000000055500000000055500000001000000010000008611702600000099020000004954026000000990200000049540063600108048651646770015510000
002011066762008300104165100036000000000023378583760400001017470005550005550005550000000000000000000100000001000000861170260000009902000000495402600000099020000004954000000000000000000000000000000000000000000000000006360010804865164677001551000000
002011066762066700104164956565000000000024343120080400001022480005550005550005550000000000000000000100000001000000861170260000009902000000495402600000099020000004954000000000000000000000000000000000000000000000000006360010804865164677001551000000
00300104000010001000055500000086117026000000990200000049540260000009902000000495406676211580000
00300107000030000200000000000086117026000000990200000049540260000009902000000495406676211580000
00300108000030000100000000000086117026000000990200000049540260000009902000000495406676211580000
00300101000030000100005550000086117026000000990200000049540260000009902000000495406676211580000
001001026000008611700406676211580260000009902000000495402600000099020000004954020320457700100110000
001001026000008611700306676211640260000009902000000495402600000099020000004954020320457700100110000
02000100106676211770030100103207900000000003148639054026000000990200000049540082601000008611702600000099020000004954026000000990200000049540000
0210010300010000086117026000000990200000049540260000009902000000495406676211770000
0210010400130000086117026000000990200000049540260000009902000000495406676211770000
0210010800020000086117026000000990200000049540260000009902000000495406676211770000
010001001026000000990200000049540000086117066762117800500000
001001026000008611700206676220340260000009902000000495400000000000000000000000020350458000100110000
0350010667622044314863900000082600000002010000
010001001026000000990200000049540000086117066762204600200000
001001026000008611700306676220500260000009902000000495402600000099020000004954020350458000100110000
001001026000008611700406676220590260000009902000000495402600000099020000004954020350458000100110000
001001026000008611700506676220670260000009902000000495402600000099020000004954020350458000100110000
0020020667622080003010010320790000000000314863905401000030000000055500000000055500000001000000010000008611702600000099020000004954026000000990200000049540063600108048651646770015510000
002011066762208500103095314662000000000033514783440450001000070005550005550005550000000000000000000100000001000000861170260000009902000000495402600000099020000004954000000000000000000000000000000000000000000000000006360010804865164677001551000000
0020020667622103003010010320790000000000314863905401000030000000055500000000055500000001000000010000008611702600000099020000004954026000000990200000049540063600108048651646770015510000
002011066762212100104151404951000000000026126188240400001002320005550005550004500004500008550000000100000001000000861170260000009902000000495402600000099020000004954100000000000000000000300000000000000000000000000006360010804865164677001551000000
00200306676222780030400475044900000000001546031906080000300268000555000000000000000000010000000100000086117026000000990200000049540260000009902000000495400000000000000000000006360010804865164677001551000000
002011066762250400117054259501000000000014437556590400001012580005550005550004250004250008550000000100000001000000861170260000009902000000495402600000099020000004954100000000000000000000300000000000000000000000000006360010804865164677001551000000
002011066762276300104165905859000000000022778089680400001010850005550005550005550000000000000000000100000001000000861170260000009902000000495402600000099020000004954000000000000000000000000000000000000000000000000006360010804865164677001551000000
002011066762288400104157322921000000000026522030800400001013640005550005550005550000000000000000000100000001000000861170260000009902000000495402600000099020000004954000000000000000000000000000000000000000000000000006360010804865164677001551000000
005001066762322800117053715316000000000013234354670400001000360000
002011066762323200117053715316000000000013234354670400001033650005550005550005550000000000000000000100000001000000861170260000009902000000495402600000099020000004954000000000000000000000000000000000000000000000000006360010804865164677001551000000
002011066762328600109108292585000000000016449902800100001001860005550005550005550000000000000000000100000001000000861170260000009902000000495402600000099020000004954000000000000000000000000000000000000000000000000006360010804865164677001551000000
002011066762353000104162482931000000000026677832400400001035150005550005550004100004100008550000000100000001000000861170260000009902000000495402600000099020000004954100000000000000000000300000000000000000000000000006360010804865164677001551000000
0020020667623645003010010320790000000000314863905401000030000000055500000000055500000001000000010000008611702600000099020000004954026000000990200000049540063600108048651646770015510000
002011066762368400104087549395000000000016790984400400001002870005550005550005550000000000000000000100000001000000861170260000009902000000495402600000099020000004954000000000000000000000000000000000000000000000000006360010804865164677001551000000
002011066762377000104151753636000000000024587259600400001001320005550005550005550000000000000000000100000001000000861170260000009902000000495402600000099020000004954000000000000000000000000000000000000000000000000006360010804865164677001551000000
0020020667623774003010010320790000000000314863905401000030000000055500000000055500000001000000010000008611702600000099020000004954026000000990200000049540063600108048651646770015510000
0020020667623803003010010320790000000000314863905401000030000000055500000000055500000001000000010000008611702600000099020000004954026000000990200000049540063600108048651646770015510000
0020020667623858003010010320790000000000314863905401000030000000055500000000055500000001000000010000008611702600000099020000004954026000000990200000049540063600108048651646770015510000
0020020667623972003010010320790000000000314863905401000030000000055500000000055500000001000000010000008611702600000099020000004954026000000990200000049540063600108048651646770015510000
005001066762444200301001057047000000000033852935880400001000150000
005001066762444600301001057047000000000033852935880400001000150000
00200306676244480030100105704700000000003385293588070000303505000555000000000000000000010000000100000086117026000000990200000049540260000009902000000495400000000000000000000006360010804865164677001551000000
00200306676247640030400289865100000000002125170716080000302086000555000000000000000000010000000100000086117026000000990200000049540260000009902000000495400000000000000000000006360010804865164677001551000000
00200306676247820030400329704100000000002141143580080000305280000555000000000000000000010000000100000086117026000000990200000049540260000009902000000495400000000000000000000006360010804865164677001551000000
005001066762493500304004793318000000000015480741781023003000150000
00200306676249460030400479331800000000001548074178080000300932000555000000000000000000010000000100000086117026000000990200000049540260000009902000000495400000000000000000000006360010804865164677001551000000
00200306676249550030400481703900000000002523833290080000300823000555000000000000000000010000000100000086117026000000990200000049540260000009902000000495400000000000000000000006360010804865164677001551000000
0020020667624964003010010320790000000000314863905401000030000000055500000000055500000001000000010000008611702600000099020000004954026000000990200000049540063600108048651646770015510000
002011066762509300104152702644000000000028335163600400001012460005550005550001350000000000000000000100000001000000861170260000009902000000495402600000099020000004954000000000000000000000000000000000000000000000000006360010804865164677001551000000
002011066762509300104152702644000000000028335163600400001012460005550005550004200000000000000000000100000001000000861170260000009902000000495402600000099020000004954000000000000000000000000000000000000000000000000006360010804865164677001551000000
00300101000030000800044400000086117026000000990200000049540260000009902000000495406676258310000
00300104500010000100005550000086117026000000990200000049540260000009902000000495406676258310000
00300104000010000900049950000086117026000000990200000049540260000009902000000495406676258310000
00300108000030000500000000000086117026000000990200000049540260000009902000000495406676258310000
00300101000010000100005550000086117026000000990200000049540260000009902000000495406676258310000
00300107000030000100000000000086117026000000990200000049540260000009902000000495406676258310000
001001026000008611700406676258310260000009902000000495402600000099020000004954020350458000100010000
001001026000008611700506676269130260000009902000000495402600000099020000004954020350458000100010000
002011066762706300104149931514000000000019655222480400001006510005550005550005550000000000000000000100000001000000861170260000009902000000495402600000099020000004954000000000000000000000000000000000000000000000000006360010804865164677001551000000
0020020667627075003010010320790000000000314863905401000030000000055500000000055500000001000000010000008611702600000099020000004954026000000990200000049540063600108048651646770015510000
0020020667627081003010010320790000000000314863905401000030000000055500000000055500000001000000010000008611702600000099020000004954026000000990200000049540063600108048651646770015510000
0020020667627095003010010320790000000000314863905401000030000000055500000000055500000001000000010000008611702600000099020000004954026000000990200000049540063600108048651646770015510000
002011066762737000109125248297000000000007366684880100001024010005550005550005550000000000000000000100000001000000861170260000009902000000495402600000099020000004954000000000000000000000000000010000000000000000000106360010804865164677001551000000
002011066762744400104080772552000000000011097353930400001012750005550005550005550000000000000000000100000001000000861170260000009902000000495402600000099020000004954000000000000000000000019300000000000000000000000006360010804865164677001551000000
002011066762744800104152627171000000000024786716880400001021040005550005550005550000000000000000000100000001000000861170260000009902000000495402600000099020000004954000000000000000000000000000000000000000000000000006360010804865164677001551000000
002011066762749800104078075289000000000037379260350400001016490005550005550005550000000000000000000100000001000000861170260000009902000000495402600000099020000004954000000000000000000000019300000000000000000000000006360010804865164677001551000000
0020020667627551003010010320790000000000314863905401000030000000055500000000055500000001000000010000008611702600000099020000004954026000000990200000049540063600108048651646770015510000
00200306676276550030400402587600000000000572482723080000301540000555000000000000000000010000000100000086117026000000990200000049540260000009902000000495400000000000000000000006360010804865164677001551000000
005001066762769100104151228388000000000023901960400400001000150000
005001066762769100104151228388000000000023901960400400001000150000
002011066762770200104151228388000000000023901960400400001003160005550005550005550000000000000000000100000001000000861170260000009902000000495402600000099020000004954000000000000000000000000000000000000000000000000006360010804865164677001551000000
0020020667628242003010010320790000000000314863905401000030000000055500000000055500000001000000010000008611702600000099020000004954026000000990200000049540063600108048651646770015510000
0020020667628255003010010320790000000000314863905401000030000000055500000000055500000001000000010000008611702600000099020000004954026000000990200000049540063600108048651646770015510000
0020020667628267003010010320790000000000314863905401000030000000055500000000055500000001000000010000008611702600000099020000004954026000000990200000049540063600108048651646770015510000
002011066762844400104085037801000000000015733151440400001003560005550005550005550000000000000000000100000001000000861170260000009902000000495402600000099020000004954000000000000000000000000000000000000000000000000006360010804865164677001551000000
00200306676285830030400413827100000000002659756083080000303779000555000000000000000000010000000100000086117026000000990200000049540260000009902000000495400000000000000000000006360010804865164677001551000000
0020020667628650003010010320790000000000314863905401000030000000055500000000055500000001000000010000008611702600000099020000004954026000000990200000049540063600108048651646770015510000
002011066762867500109076208347000000000029077084880100001002560005550005550005550000000000000000000100000001000000861170260000009902000000495402600000099020000004954000000000000000000000000000000000000000000000000006360010804865164677001551000000
0020020667628731003010010320790000000000314863905401000030000000055500000000055500000001000000010000008611702600000099020000004954026000000990200000049540063600108048651646770015510000
0020020667628741003010010320790000000000314863905401000030000000055500000000055500000001000000010000008611702600000099020000004954026000000990200000049540063600108048651646770015510000
0020020667628745003010010320790000000000314863905401000030000000055500000000055500000001000000010000008611702600000099020000004954026000000990200000049540063600108048651646770015510000
0020020667628758003010010320790000000000314863905401000030000000055500000000055500000001000000010000008611702600000099020000004954026000000990200000049540063600108048651646770015510000
0020020667628818003010010320790000000000314863905401000030000000055500000000055500000001000000010000008611702600000099020000004954026000000990200000049540063600108048651646770015510000
002011066762887500104086525638000000000015739594960400001009960005550005550005550000000000000000000100000001000000861170260000009902000000495402600000099020000004954000000000000000000000000000000000000000000000000006360010804865164677001551000000
0020020667628936003010010320790000000000314863905401000030000000055500000000055500000001000000010000008611702600000099020000004954026000000990200000049540063600108048651646770015510000
0020020667628952003010010320790000000000314863905401000030000000055500000000055500000001000000010000008611702600000099020000004954026000000990200000049540063600108048651646770015510000
0020020667629152003010010320790000000000314863905401000030000000055500000000055500000001000000010000008611702600000099020000004954026000000990200000049540063600108048651646770015510000
0020020667629164003010010320790000000000314863905401000030000000055500000000055500000001000000010000008611702600000099020000004954026000000990200000049540063600108048651646770015510000
0020020667629306003010010320790000000000314863905401000030000000055500000000055500000001000000010000008611702600000099020000004954026000000990200000049540063600108048651646770015510000
0020020667629317003010010320790000000000314863905401000030000000055500000000055500000001000000010000008611702600000099020000004954026000000990200000049540063600108048651646770015510000
005001066762934000305000429296000000000027429533690710003001360000
002011066762934000305000429296000000000027429533690400001006420005550005550005550000000000000000000100000001000000861170260000009902000000495402600000099020000004954000000000000000000000019300000000000000000000000006360010804865164677001551000000
00200306676293860030400469324100000000002423550890080000301501000555000000000000000000010000000100000086117026000000990200000049540260000009902000000495400000000000000000000006360010804865164677001551000000
00200306676293950030400504644300000000003533207878080000300524000555000000000000000000010000000100000086117026000000990200000049540260000009902000000495400000000000000000000006360010804865164677001551000000
00200306676294060030400522487200000000002523765386080000300262000555000000000000000000010000000100000086117026000000990200000049540260000009902000000495400000000000000000000006360010804865164677001551000000
00200306676294670030400280815600000000000658019660080000304332000555000000000000000000010000000100000086117026000000990200000049540260000009902000000495400000000000000000000006360010804865164677001551000000
00200306676295960030400507713600000000000872702441080000300864000555000000000000000000010000000100000086117026000000990200000049540260000009902000000495400000000000000000000006360010804865164677001551000000
002011066762992400117040440348000000000009185764850400001050920005550005550005550000000000000000000100000001000000861170260000009902000000495402600000099020000004954000000000000000000000000000000000000000000000000006360010804865164677001551000000
00300104000010000900049950000086117026000000990200000049540260000009902000000495406676306880000
00300101000030001900105450000086117026000000990200000049540260000009902000000495406676306880000
00300101000010000200011100000086117026000000990200000049540260000009902000000495406676306880000
00300108000030000700000000000086117026000000990200000049540260000009902000000495406676306880000
001001026000008611700406676306880260000009902000000495402600000099020000004954020350458000100110000
001001026000008611700506676315460260000009902000000495402600000099020000004954020350458000100110000
002011066763155200104161148115000000000026893750480400001039780005550005550003000003000008550000000100000001000000861170260000009902000000495402600000099020000004954100000000000000000000300000000000000000000000000006360010804865164677001551000000
0020020667631575003010010320790000000000314863905401000030000000055500000000055500000001000000010000008611702600000099020000004954026000000990200000049540063600108048651646770015510000
002011066763158100104159097932000000000026312018640400001048500005550005550005550000000000000000000100000001000000861170260000009902000000495402600000099020000004954000000000000000000000000000000000000000000000000006360010804865164677001551000000
0020020667631604003010010320790000000000314863905401000030000000055500000000055500000001000000010000008611702600000099020000004954026000000990200000049540063600108048651646770015510000
002011066763181700104165357461000000000024377360080400001047590005550005550005550000000000000000000100000001000000861170260000009902000000495402600000099020000004954000000000000000000000000000000000000000000000000006360010804865164677001551000000
002011066763232600104156951673000000000024866176720400001021040005550005550004500004500008550000000100000001000000861170260000009902000000495402600000099020000004954100000000000000000000300000000000000000000000000006360010804865164677001551000000
002011066763284700104151395101000000000024551724240400001001220005550005550005550000000000000000000100000001000000861170260000009902000000495402600000099020000004954000000000000000000000000000000000000000000000000006360010804865164677001551000000
002011066763305600104151306613000000000025779108560400001020520005550005550004600004600008550000000100000001000000861170260000009902000000495402600000099020000004954100000000000000000000300000000000000000000000000006360010804865164677001551000000
002011066763306100104087230674000000000016904016080400001003100005550005550005550000000000000000000100000001000000861170260000009902000000495402600000099020000004954000000000000000000000000000000000000000000000000006360010804865164677001551000000
00200306676330680030100098723700000000000844835643070100304250000555000000000000000000010000000100000086117026000000990200000049540260000009902000000495400000000000000000000006360010804865164677001551000000
002011066763308500104089140206000000000028453735120400001002450005550005550005550000000000000000000100000001000000861170260000009902000000495402600000099020000004954000000000000000000000000000000000000000000000000006360010804865164677001551000000
005001066763357700301001162207000000000004561609210400001000150000
005001066763358000301001162207000000000004561609210400001000150000
00200306676335820030100116220700000000000456160921070000300223000555000000000000000000010000000100000086117026000000990200000049540260000009902000000495400000000000000000000006360010804865164677001551000000
0020020667633592003010010320790000000000314863905401000030000000055500000000055500000001000000010000008611702600000099020000004954026000000990200000049540063600108048651646770015510000
0020020667633600003010010320790000000000314863905401000030000000055500000000055500000001000000010000008611702600000099020000004954026000000990200000049540063600108048651646770015510000
002011066763372500104086338781000000000015784947920400001005430005550005550005550000000000000000000100000001000000861170260000009902000000495402600000099020000004954000000000000000000000000000000000000000000000000006360010804865164677001551000000
00200306676340120030400508287300000000000519911625080000301247000555000000000000000000010000000100000086117026000000990200000049540260000009902000000495400000000000000000000006360010804865164677001551000000
002011066763420400104164716882000000000024217354960400001045900005550005550005550000000000000000000100000001000000861170260000009902000000495402600000099020000004954000000000000000000000000000000000000000000000000006360010804865164677001551000000
00300104000010001000055500000086117026000000990200000049540260000009902000000495406676350690000
00300101000030000400022200000086117026000000990200000049540260000009902000000495406676350690000
00300107010030000100000000000086117026000000990200000049540260000009902000000495406676350690000
00300107000030000100000000000086117026000000990200000049540260000009902000000495406676350690000
00300108000030000100000000000086117026000000990200000049540260000009902000000495406676350690000
001001026000008611700406676350690260000009902000000495402600000099020000004954020350458000100010000
001001026000008611700506676363020260000009902000000495402600000099020000004954020350458000100010000
005001066763630400301001135471000000000008713238330400001000150000
005001066763630700301001135471000000000008713238330400001000150000
00200306676363080030100113547100000000000871323833070000300266000555000000000000000000010000000100000086117026000000990200000049540260000009902000000495400000000000000000000006360010804865164677001551000000
005001066763631900301001129617000000000008714553050400001000150000
005001066763632200301001129617000000000008714553050400001000150000
00200306676363230030100112961700000000000871455305070000300987000555000000000000000000010000000100000086117026000000990200000049540260000009902000000495400000000000000000000006360010804865164677001551000000
005001066763633601503001999731000000000034428818030614015000840000
00200306676363360150300199973100000000003442881803061301502164000555000000000000000000010000000100000086117026000000990200000049540260000009902000000495400000000000000000000006360010804865164677001551000000
0020020667636344015030019997310000000000344288180306140150210300055500000000000000000001000000010000008611702600000099020000004954026000000990200000049540063600108048651646770015510000
00200306676363530020401741839500000000001342099851080000200095000555000000000000000000010000000100000086117026000000990200000049540260000009902000000495400000000000000000000006360010804865164677001551000000
00200306676364950030400479331800000000001548074178080000300933000555000000000000000000010000000100000086117026000000990200000049540260000009902000000495400000000000000000000006360010804865164677001551000000
0020020667636595003010010320790000000000314863905401000030000000055500000000055500000001000000010000008611702600000099020000004954026000000990200000049540063600108048651646770015510000
0020020667636599003010010320790000000000314863905401000030000000055500000000055500000001000000010000008611702600000099020000004954026000000990200000049540063600108048651646770015510000
0020020667636784003010010320790000000000314863905401000030000000055500000000055500000001000000010000008611702600000099020000004954026000000990200000049540063600108048651646770015510000
0020020667636788003010010320790000000000314863905401000030000000055500000000055500000001000000010000008611702600000099020000004954026000000990200000049540063600108048651646770015510000
005001066763695100104150965648000000000024602437841023001000150000
002011066763695200104150965648000000000024602437840400001000590005550005550005550000000000000000000100000001000000861170260000009902000000495402600000099020000004954000000000000000000000000000000000000000000000000006360010804865164677001551000000
0020020667636974003010010320790000000000314863905401000030000000055500000000055500000001000000010000008611702600000099020000004954026000000990200000049540063600108048651646770015510000
0020020667637120003010010320790000000000314863905401000030000000055500000000055500000001000000010000008611702600000099020000004954026000000990200000049540063600108048651646770015510000
005001066763740001503001736941000000000010788350600614015000840000
00200306676374010150300173694100000000001078835060061301502747000555000000000000000000010000000100000086117026000000990200000049540260000009902000000495400000000000000000000006360010804865164677001551000000
0020020667637411015030017369410000000000107883506006140150269000055500000000000000000001000000010000008611702600000099020000004954026000000990200000049540063600108048651646770015510000
0020020667637417003010010320790000000000314863905401000030000000055500000000055500000001000000010000008611702600000099020000004954026000000990200000049540063600108048651646770015510000
00200306676374220040100111693700000000003526802182070100404636000555000000000000000000010000000100000086117026000000990200000049540260000009902000000495400000000000000000000006360010804865164677001551000000
0020020667637513003010010320790000000000314863905401000030000000055500000000055500000001000000010000008611702600000099020000004954026000000990200000049540063600108048651646770015510000
005001066763765201503003264842000000000019835346740614015000840000
00200306676376520150300326484200000000001983534674061301500220000555000000000000000000010000000100000086117026000000990200000049540260000009902000000495400000000000000000000006360010804865164677001551000000
005001066763765901503003264842000000000019835346740001015000150000
0020020667637660015030032648420000000000198353467406140150019800055500000000000000000001000000010000008611702600000099020000004954026000000990200000049540063600108048651646770015510000
00200306676377840030400251167600000000003415984948080000307039000555000000000000000000010000000100000086117026000000990200000049540260000009902000000495400000000000000000000006360010804865164677001551000000
0020020667637793003010010320790000000000314863905401000030000000055500000000055500000001000000010000008611702600000099020000004954026000000990200000049540063600108048651646770015510000
002011066763847300104082708101000000000000875938000400001007250005550005550005550000000000000000000100000001000000861170260000009902000000495402600000099020000004954000000000000000000000000000000000000000000000000006360010804865164677001551000000
002011066763865000117057262601000000000006448241610400001016050005550005550005550000000000000000000100000001000000861170260000009902000000495402600000099020000004954000000000000000000000000000000000000000000000000006360010804865164677001551000000
00200306676387990030400461977600000000004143801483080000301602000555000000000000000000010000000100000086117026000000990200000049540260000009902000000495400000000000000000000006360010804865164677001551000000
002011066763881300117054497411000000000012720411180400001018230005550005550005550000000000000000000100000001000000861170260000009902000000495402600000099020000004954000000000000000000000000000000000000000000000000006360010804865164677001551000000
002011066763882900104083965653000000000009470047440400001014930005550005550005550000000000000000000100000001000000861170260000009902000000495402600000099020000004954000000000000000000000000000000000000000000000000006360010804865164677001551000000
00200306676389700030400523333200000000002523815690080000300457000555000000000000000000010000000100000086117026000000990200000049540260000009902000000495400000000000000000000006360010804865164677001551000000
002011066763898400109063327431000000000011216300240100001042080005550005550005550000000000000000000100000001000000861170260000009902000000495402600000099020000004954000000000000000000000000000000000000000000000000006360010804865164677001551000000
00300107000030000200000000000086117026000000990200000049540260000009902000000495406676393810000
00300106130150000300000000000086117026000000990200000049540260000009902000000495406676393810000
00300106140150000300000000000086117026000000990200000049540260000009902000000495406676393810000
00300108000020000100000000000086117026000000990200000049540260000009902000000495406676393810000
00300108000030000400000000000086117026000000990200000049540260000009902000000495406676393810000
00300101000030000900049950000086117026000000990200000049540260000009902000000495406676393810000
00300104000010000500027750000086117026000000990200000049540260000009902000000495406676393810000
00300107010040000100000000000086117026000000990200000049540260000009902000000495406676393810000
00300101000010000100005550000086117026000000990200000049540260000009902000000495406676393810000
001001026000008611700406676393810260000009902000000495402600000099020000004954020350458000100110000
001001026000008611700306676393860260000009902000000495402600000099020000004954020350458000100110000
02000100106676393970030100103207900000000003148639054026000000990200000049540082602000008611702600000099020000004954026000000990200000049540000
0210010300180000086117026000000990200000049540260000009902000000495406676393970000
0210010400380000086117026000000990200000049540260000009902000000495406676393970000
0210010800060000086117026000000990200000049540260000009902000000495406676393970000
0210011000030000086117026000000990200000049540260000009902000000495406676393970000
0210011100030000086117026000000990200000049540260000009902000000495406676393970000
0210011200010000086117026000000990200000049540260000009902000000495406676393970000
0210011800060000086117026000000990200000049540260000009902000000495406676393970000
0210012500070000086117026000000990200000049540260000009902000000495406676393970000
010001001026000000990200000049540000086117066763939700500000
001001026000008611700206676394010260000009902000000495400000000000000000000000020350458000100110000
010001001026000000990200000049540000086117066763940700400000
001001026000008611700106676394130000000009902000000000000000000000000000000000020350458000100110000
03400667619219000008611700005C06676192190667621158000008611704577I0000009902000000990201000003200055500000000100000001040000024000555000000001000000010700000040000000000000010000000108000001300000000000000100000001
03400667622067000008611700005C06676220670667625831000008611704580V000000990200000099020100000130005550000000010000000104000000100042000000000100000001040000001000410100000001000000010400000120005550000000010000000104000000100042510000000100000001040000002000450100000001000000010400000010001350000000010000000104500000100055500000000100000001070000002000000000000001000000010800000060000000000000010000000108000000600000000000000100000001080000006000000000000001000000010800000060000000000000010000000108000000600000000000000100000001080000006000000000000001000000010800000060000000000000010000000108000000600000000000000100000001080000006000000000000001000000010800000060000000000000010000000108000000600000000000000100000001080000006000000000000001000000010800000060000000000000010000000108000000600000000000000100000001080000006000000000000001000000010800000060000000000000010000000108000000600000000000000100000001
