1000020260000086149003063600108005701915380028310000
0450010000000002000000000106674794700000
0450010000000002000000000106674807430000
0450010000000000000000000106674809290000
001001026000008614900206676228600000000097464000000000000000000000000000000000020350458000100000000
010001001026000009746400000085280000086149066762286800100000
0350010667622879414292310000086600000001010000
010001001026000009746400000085280000086149066762288100200000
001001026000008614900306676228850260000097464000000852802600000974640000008528020350458000100010000
001001026000008614900406676228920260000097464000000852802600000974640000008528020350458000100010000
005001066762289700301001047262000000000041429231790400001000150000
005001066762289800301001047262000000000041429231791011003000150000
005001066762289900301001047262000000000041429231790400001000150000
001001026000008614900506676229050260000097464000000852802600000974640000008528020350458000100010000
0450010000000000000000000506676258230000
0020020667626125003010010472620000000000414292317901000030000000055500000000055500000001000000010000008614902600000974640000008528026000009746400000085280063600108005701915380028310000
005001066762624400104088319873000000000017330842320400001000360000
002011066762624800104088319873000000000017330842320400001002490005550005550005550000000000000000000100000001000000861490260000097464000000852802600000974640000008528000000000000000000000000000000000000000000000000006360010800570191538002831000000
002011066762643900104150847521000000000025928126160400001002900005550005550005550000000000000000000100000001000000861490260000097464000000852802600000974640000008528000000000000000000000000000000000000000000000000006360010800570191538002831000000
0020020667626464003010010472620000000000414292317901000030000000055500000000055500000001000000010000008614902600000974640000008528026000009746400000085280063600108005701915380028310000
0020020667626608003010010472620000000000414292317901000030000000055500000000055500000001000000010000008614902600000974640000008528026000009746400000085280063600108005701915380028310000
0020020667626611003010010472620000000000414292317901000030000000055500000000055500000001000000010000008614902600000974640000008528026000009746400000085280063600108005701915380028310000
002011066762716900104080991114000000000013944059930400001008720005550005550005550000000000000000000100000001000000861490260000097464000000852802600000974640000008528000000000000000000000019300000000000000000000000006360010800570191538002831000000
002011066762721400104073522082000000000003639742290400001023790005550005550005550000000000000000000100000001000000861490260000097464000000852802600000974640000008528000000000000000000000019300000000000000000000000006360010800570191538002831000000
002011066762733500104079538721000000000013909050810400001013590005550005550005550000000000000000000100000001000000861490260000097464000000852802600000974640000008528000000000000000000000019300000000000000000000000006360010800570191538002831000000
00200306676276000030400461221600000000002523807802080000301560000555000000000000000000010000000100000086149026000009746400000085280260000097464000000852800000000000000000000006360010800570191538002831000000
002011066762823200104089102789000000000027821002960400001002340005550005550005550000000000000000000100000001000000861490260000097464000000852802600000974640000008528000000000000000000000000000000000000000000000000006360010800570191538002831000000
002011066763034700117016837781000000000012628425440400001021580005550005550004250004250008550000000100000001000000861490260000097464000000852802600000974640000008528100000000000000000000300000000000000000000000000006360010800570191538002831000000
002011066763035100117049083955000000000017605566930400001032110005550005550004500004500008550000000100000001000000861490260000097464000000852802600000974640000008528100000000000000000000300000000000000000000000000006360010800570191538002831000000
002011066763037300104166216712000000000024098995920400001016100005550005550004250004250008550000000100000001000000861490260000097464000000852802600000974640000008528100000000000000000000300000000000000000000000000006360010800570191538002831000000
0020020667630616003010010472620000000000414292317901000030000000055500000000055500000001000000010000008614902600000974640000008528026000009746400000085280063600108005701915380028310000
0020020667630870003010010472620000000000414292317901000030000000055500000000055500000001000000010000008614902600000974640000008528026000009746400000085280063600108005701915380028310000
002011066763119000104157508935000000000027450235600400001035050005550005550004500004500008550000000100000001000000861490260000097464000000852802600000974640000008528100000000000000000000300000000000000000000000000006360010800570191538002831000000
005001066763119700301001057918000000000034088202280400001000150000
005001066763120000301001057918000000000034088202280400001000150000
005001066763120100301001057918000000000034088202280700003000800000
005001066763120100301001057918000000000034088202280400001000150000
005001066763120200301001057918000000000034088202280400001000150000
005001066763120200301001057918000000000034088202281007003000150000
005001066763127400301001057918000000000034088202280400001000150000
005001066763127700301001057918000000000034088202280400001000150000
00200306676312790030100105791800000000003408820228070000303027000555000000000000000000010000000100000086149026000009746400000085280260000097464000000852800000000000000000000006360010800570191538002831000000
0020020667631490003010010472620000000000414292317901000030000000055500000000055500000001000000010000008614902600000974640000008528026000009746400000085280063600108005701915380028310000
0020020667631635003010010472620000000000414292317901000030000000055500000000055500000001000000010000008614902600000974640000008528026000009746400000085280063600108005701915380028310000
0020020667631713003010010472620000000000414292317901000030000000055500000000055500000001000000010000008614902600000974640000008528026000009746400000085280063600108005701915380028310000
0020020667631856003010010472620000000000414292317901000030000000055500000000055500000001000000010000008614902600000974640000008528026000009746400000085280063600108005701915380028310000
005001066763197301503002133851000000000008848031550614015000840000
00200306676319730150300213385100000000000884803155061301504891000555000000000000000000010000000100000086149026000009746400000085280260000097464000000852800000000000000000000006360010800570191538002831000000
0020020667631980015030021338510000000000088480315506140150458000055500000000000000000001000000010000008614902600000974640000008528026000009746400000085280063600108005701915380028310000
002011066763210600117060307724000000000001077185120400001008290005550005550005550000000000000000000100000001000000861490260000097464000000852802600000974640000008528000000000000000000000000000000000000000000000000006360010800570191538002831000000
0020020667632213003010010472620000000000414292317901000030000000055500000000055500000001000000010000008614902600000974640000008528026000009746400000085280063600108005701915380028310000
005001066763362100301001047262000000000041429231790400001000150000
00300101000030001100061050000086149026000009746400000085280260000097464000000852806676336240000
00300104000010001100061050000086149026000009746400000085280260000097464000000852806676336240000
00300108000030000100000000000086149026000009746400000085280260000097464000000852806676336240000
00300107000030000100000000000086149026000009746400000085280260000097464000000852806676336240000
00300106130150000100000000000086149026000009746400000085280260000097464000000852806676336240000
00300106140150000100000000000086149026000009746400000085280260000097464000000852806676336240000
001001026000008614900406676336240260000097464000000852802600000974640000008528020350458000100110000
005001066763362600301001047262000000000041429231790400001000150000
001001026000008614900306676336300260000097464000000852802600000974640000008528020350458000100110000
001001026000008614900406676336380260000097464000000852802600000974640000008528020350458000100010000
005001066763363900301001047262000000000041429231790400001000150000
001001026000008614900506676336450260000097464000000852802600000974640000008528020350458000100010000
0020020667635110003010010472620000000000414292317901000030000000055500000000055500000001000000010000008614902600000974640000008528026000009746400000085280063600108005701915380028310000
0020020667635116003010010472620000000000414292317901000030000000055500000000055500000001000000010000008614902600000974640000008528026000009746400000085280063600108005701915380028310000
002011066763549100104151751161000000000023899190480400001001750005550005550005550000000000000000000100000001000000861490260000097464000000852802600000974640000008528000000000000000000000000000000000000000000000000006360010800570191538002831000000
0020020667635617003010010472620000000000414292317901000030000000055500000000055500000001000000010000008614902600000974640000008528026000009746400000085280063600108005701915380028310000
0020020667635680003010010472620000000000414292317901000030000000055500000000055500000001000000010000008614902600000974640000008528026000009746400000085280063600108005701915380028310000
0020020667635928003010010472620000000000414292317901000030000000055500000000055500000001000000010000008614902600000974640000008528026000009746400000085280063600108005701915380028310000
002011066763596300104165050438000000000024374293200400001007250005550005550005550000000000000000000100000001000000861490260000097464000000852802600000974640000008528000000000000000000000000000000000000000000000000006360010800570191538002831000000
002011066763619800104151615098000000000025382380240400001001990005550005550005550000000000000000000100000001000000861490260000097464000000852802600000974640000008528000000000000000000000000000000000000000000000000006360010800570191538002831000000
002011066763651500104081961723000000000001498949840400001005450005550005550000350000000000000000000100000001000000861490260000097464000000852802600000974640000008528000000000000000000000000000000000000000000000000006360010800570191538002831000000
002011066763651500104081961723000000000001498949840400001005450005550005550005200000000000000000000100000001000000861490260000097464000000852802600000974640000008528000000000000000000000000000000000000000000000000006360010800570191538002831000000
00200306676366340030400387611200000000001011749195080000308845000555000000000000000000010000000100000086149026000009746400000085280260000097464000000852800000000000000000000006360010800570191538002831000000
00200306676371290030400459245200000000002523764730080000302280000555000000000000000000010000000100000086149026000009746400000085280260000097464000000852800000000000000000000006360010800570191538002831000000
005001066763834800301001047262000000000041429231790400001000150000
00300101000030000500027750000086149026000009746400000085280260000097464000000852806676383520000
00300104000010000400022200000086149026000009746400000085280260000097464000000852806676383520000
00300108000030000200000000000086149026000009746400000085280260000097464000000852806676383520000
001001026000008614900406676383520260000097464000000852802600000974640000008528020350458000100110000
005001066763835300301001047262000000000041429231790400001000150000
001001026000008614900506676383590260000097464000000852802600000974640000008528020350458000100110000
00200306676402040030400524701500000000001982863538080000300146000555000000000000000000010000000100000086149026000009746400000085280260000097464000000852800000000000000000000006360010800570191538002831000000
00200306676402210030100103207900000000003148639054070100302834000555000000000000000000010000000100000086149026000009746400000085280260000097464000000852800000000000000000000006360010800570191538002831000000
0020020667641338003010010472620000000000414292317901000030000000055500000000055500000001000000010000008614902600000974640000008528026000009746400000085280063600108005701915380028310000
0020020667641588003010010472620000000000414292317901000030000000055500000000055500000001000000010000008614902600000974640000008528026000009746400000085280063600108005701915380028310000
002011066764160400104089081862000000000028263117520400001005470005550005550003000003000008550000000100000001000000861490260000097464000000852802600000974640000008528100000000000000000000300000000000000000000000000006360010800570191538002831000000
002011066764160800109076967001000000000029785577680100001000250005550005550005550000000000000000000100000001000000861490260000097464000000852802600000974640000008528000000000000000000000000000000000000000000000000006360010800570191538002831000000
00200306676416190030400525826200000000001063380642080000300356000555000000000000000000010000000100000086149026000009746400000085280260000097464000000852800000000000000000000006360010800570191538002831000000
0020020667641766003010010472620000000000414292317901000030000000055500000000055500000001000000010000008614902600000974640000008528026000009746400000085280063600108005701915380028310000
0020020667642146003010010472620000000000414292317901000030000000055500000000055500000001000000010000008614902600000974640000008528026000009746400000085280063600108005701915380028310000
005001066764215200301001119948000000000004565460410400001000150000
005001066764215400301001119948000000000004565460410400001000150000
00200306676421560030100111994800000000000456546041070000301753000555000000000000000000010000000100000086149026000009746400000085280260000097464000000852800000000000000000000006360010800570191538002831000000
00200306676421690030400354003300000000002137900044080000302043000555000000000000000000010000000100000086149026000009746400000085280260000097464000000852800000000000000000000006360010800570191538002831000000
002011066764218500109007038081000000000009103414480100001033100005550005550005550000000000000000000100000001000000861490260000097464000000852802600000974640000008528000000000000000000000000000000000000000000000000006360010800570191538002831000000
005001066764222701503001736941000000000010788350600614015000840000
00200306676422270150300173694100000000001078835060061301502748000555000000000000000000010000000100000086149026000009746400000085280260000097464000000852800000000000000000000006360010800570191538002831000000
0020020667642234015030017369410000000000107883506006140150269100055500000000000000000001000000010000008614902600000974640000008528026000009746400000085280063600108005701915380028310000
00200306676422390040100111693700000000003526802182070100404637000555000000000000000000010000000100000086149026000009746400000085280260000097464000000852800000000000000000000006360010800570191538002831000000
002011066764249900104152623523000000000027866056400400001006360005550005550005550000000000000000000100000001000000861490260000097464000000852802600000974640000008528000000000000000000000000000000000000000000000000006360010800570191538002831000000
00200306676431500150300238769100000000000884958307061201500457000555000000000000000000010000000100000086149026000009746400000085280260000097464000000852800000000000000000000006360010800570191538002831000000
00200306676432730030400333057800000000002137877852080000308168000555000000000000000000010000000100000086149026000009746400000085280260000097464000000852800000000000000000000006360010800570191538002831000000
005001066764398500301001047262000000000041429231790400001000150000
005001066764398600301001047262000000000041429231791011003000150000
005001066764398700301001047262000000000041429231790400001000150000
005001066764398800301001047262000000000041429231791011003000150000
005001066764398800301001047262000000000041429231790400001000150000
00300108000030000400000000000086149026000009746400000085280260000097464000000852806676439920000
00300107010030000100000000000086149026000009746400000085280260000097464000000852806676439920000
00300101000030000400022200000086149026000009746400000085280260000097464000000852806676439920000
00300104000010000200011100000086149026000009746400000085280260000097464000000852806676439920000
00300101000010000200011100000086149026000009746400000085280260000097464000000852806676439920000
00300107000030000100000000000086149026000009746400000085280260000097464000000852806676439920000
00300106130150000100000000000086149026000009746400000085280260000097464000000852806676439920000
00300106140150000100000000000086149026000009746400000085280260000097464000000852806676439920000
00300107010040000100000000000086149026000009746400000085280260000097464000000852806676439920000
00300106120150000100000000000086149026000009746400000085280260000097464000000852806676439920000
001001026000008614900406676439920260000097464000000852802600000974640000008528020350458000100010000
005001066764399700301001047262000000000041429231790400001000150000
005001066764399700301001047262000000000041429231791011003000150000
005001066764399800301001047262000000000041429231790400001000150000
001001026000008614900306676440080260000097464000000852802600000974640000008528020350458000100010000
02000100106676440190030100104726200000000004142923179026000009746400000085280086601000008614902600000974640000008528026000009746400000085280000
0210010300070000086149026000009746400000085280260000097464000000852806676440190000
0210010400160000086149026000009746400000085280260000097464000000852806676440190000
0210010800040000086149026000009746400000085280260000097464000000852806676440190000
0210010900010000086149026000009746400000085280260000097464000000852806676440190000
0210011000020000086149026000009746400000085280260000097464000000852806676440190000
0210011100020000086149026000009746400000085280260000097464000000852806676440190000
0210011800020000086149026000009746400000085280260000097464000000852806676440190000
0210012500060000086149026000009746400000085280260000097464000000852806676440190000
010001001026000009746400000085280000086149066764401900500000
001001026000008614900206676440230260000097464000000852800000000000000000000000020350458000100010000
010001001026000009746400000085280000086149066764403100400000
001001026000008614900106676440360000000097464000000000000000000000000000000000020350458000100010000
03400667622905000008614900005C06676229050667633624000008614904580I000009746400000974640100000160005550000000010000000104000000200042510000000100000001040000010000555000000001000000010400000020004501000000010000000106130000100000000000000100000001061400001000000000000001000000010700000010000000000000010000000108000000300000000000000100000001
03400667638359000008614900005C06676383590667643992000008614904580V00000974640000097464010000006000555000000001000000010400000010005550000000010000000104000000100030010000000100000001061200001000000000000001000000010613000010000000000000010000000106140000100000000000000100000001070000001000000000000001000000010701000020000000000000010000000108000000400000000000000100000001080000004000000000000001000000010800000040000000000000010000000108000000400000000000000100000001080000004000000000000001000000010800000040000000000000010000000108000000400000000000000100000001080000004000000000000001000000010800000040000000000000010000000108000000400000000000000100000001
