1000020260000086065003063600108005701953340024490000
0450010000000002000000000106676048650000
001001026000008606500206676217990000000072091000000000000000000000000000000000020320457700100100000
010001001026000007209100000071940000086065066762180800100000
0350010667621820687409160000114900000001010000
010001001026000007209100000071940000086065066762182200200000
001001026000008606500306676218260260000072091000000719402600000720910000007194020320457700100110000
001001026000008606500406676234480260000072091000000719402600000720910000007194020320457700100010000
001001026000008606500506676234550260000072091000000719402600000720910000007194020320457700100010000
002011066762367200109081185473000000000009336226000100001004960005550005550005550000000000000000000100000001000000860650260000072091000000719402600000720910000007194000000000000000000000000000000000000000000000000006360010800570195334002449000000
00200306676236800030400480292900000000000456489705080000302982000555000000000000000000010000000100000086065026000007209100000071940260000072091000000719400000000000000000000006360010800570195334002449000000
00200306676237970030400517604500000000003572154982080000300822000555000000000000000000010000000100000086065026000007209100000071940260000072091000000719400000000000000000000006360010800570195334002449000000
002011066762385000109160713979000000000000486195920100001004610005550005550005550000000000000000000100000001000000860650260000072091000000719402600000720910000007194000000000000000000000000000000000000000000000000006360010800570195334002449000000
005001066762412500109125303638000000000006320594641023001002300000
002011066762412700109125303638000000000006320594640100001007900005550005550005550000000000000000000100000001000000860650260000072091000000719402600000720910000007194000000000000000000000000000000000000000000000000006360010800570195334002449000000
0020020667624206003010007891840000000000068740916501000030000000055500000000055500000001000000010000008606502600000720910000007194026000007209100000071940063600108005701953340024490000
00200306676242970030400285874900000000000333700124080000307287000555000000000000000000010000000100000086065026000007209100000071940260000072091000000719400000000000000000000006360010800570195334002449000000
00300101000010000300016650000086065026000007209100000071940260000072091000000719406676254060000
00300108000030000300000000000086065026000007209100000071940260000072091000000719406676254060000
00300101000030000100005550000086065026000007209100000071940260000072091000000719406676254060000
001001026000008606500406676254060260000072091000000719402600000720910000007194020320457700100110000
001001026000008606500306676254170260000072091000000719402600000720910000007194020320457700100110000
001001026000008606500206676254220260000072091000000719402600000720910000007194020320457700100110000
010001001026000007209100000071940000086065066762542900400000
02000100106676254380030100078918400000000000687409165026000007209100000071940114901000008606502600000720910000007194026000007209100000071940000
0210010300030000086065026000007209100000071940260000072091000000719406676254380000
0210010400040000086065026000007209100000071940260000072091000000719406676254380000
0210011800040000086065026000007209100000071940260000072091000000719406676254380000
010001001026000007209100000071940000086065066762543800500000
010001001026000007209100000071940000086065066762566000100000
0350010667625672687409160000114900000002010000
010001001026000007209100000071940000086065066762567400200000
001001026000008606500306676256780260000072091000000719402600000720910000007194020350458000100110000
001001026000008606500406676256880260000072091000000719402600000720910000007194020350458000100110000
001001026000008606500506676256960260000072091000000719402600000720910000007194020350458000100110000
0020020667625720003010007891840000000000068740916501000030000000055500000000055500000001000000010000008606502600000720910000007194026000007209100000071940063600108005701953340024490000
00200306676259620030400473016200000000001545813202080000300858000555000000000000000000010000000100000086065026000007209100000071940260000072091000000719400000000000000000000006360010800570195334002449000000
0020020667626370003010007891840000000000068740916501000030000000055500000000055500000001000000010000008606502600000720910000007194026000007209100000071940063600108005701953340024490000
002011066762642300104156978261000000000028501159120400001000180005550005550005550000000000000000000100000001000000860650260000072091000000719402600000720910000007194000000000000000000000000000000000000000000000000006360010800570195334002449000000
002011066762654700104150083734000000000023056883920400001002230005550005550005550000000000000000000100000001000000860650260000072091000000719402600000720910000007194000000000000000000000000000000000000000000000000006360010800570195334002449000000
002011066762671700104151036403000000000023832164560400001002270005550005550005550000000000000000000100000001000000860650260000072091000000719402600000720910000007194000000000000000000000000000000000000000000000000006360010800570195334002449000000
002011066762672700117026236861000000000016603484500400001074170005550005550005550000000000000000000100000001000000860650260000072091000000719402600000720910000007194000000000000000000000000000000000000000000000000006360010800570195334002449000000
002011066762700800104164916806000000000024338637520400001025160005550005550005550000000000000000000100000001000000860650260000072091000000719402600000720910000007194000000000000000000000000000000000000000000000000006360010800570195334002449000000
0020020667627208003010007891840000000000068740916501000030000000055500000000055500000001000000010000008606502600000720910000007194026000007209100000071940063600108005701953340024490000
0020020667627215003010007891840000000000068740916501000030000000055500000000055500000001000000010000008606502600000720910000007194026000007209100000071940063600108005701953340024490000
005001066762729900104086975307000000000017364677841023001002300000
005001066762730200104086975307000000000017364677841023001002300000
002011066762730800104086975307000000000017364677840400001003530005550005550005550000000000000000000100000001000000860650260000072091000000719402600000720910000007194000000000000000000000000000000000000000000000000006360010800570195334002449000000
00200306676278870030400460359400000000000659619260080000303625000555000000000000000000010000000100000086065026000007209100000071940260000072091000000719400000000000000000000006360010800570195334002449000000
002011066762795000104085853976000000000017577982160400001008290005550005550005550000000000000000000100000001000000860650260000072091000000719402600000720910000007194000000000000000000000000000000000000000000000000006360010800570195334002449000000
0020020667628092003010007891840000000000068740916501000030000000055500000000055500000001000000010000008606502600000720910000007194026000007209100000071940063600108005701953340024490000
002011066762812700104156864533000000000027989079760400001002250005550005550004600004600008550000000100000001000000860650260000072091000000719402600000720910000007194100000000000000000000300000000000000000000000000006360010800570195334002449000000
0020020667628222003010007891840000000000068740916501000030000000055500000000055500000001000000010000008606502600000720910000007194026000007209100000071940063600108005701953340024490000
0020020667628351003010007891840000000000068740916501000030000000055500000000055500000001000000010000008606502600000720910000007194026000007209100000071940063600108005701953340024490000
0020020667628782003010007891840000000000068740916501000030000000055500000000055500000001000000010000008606502600000720910000007194026000007209100000071940063600108005701953340024490000
0020020667628849003010007891840000000000068740916501000030000000055500000000055500000001000000010000008606502600000720910000007194026000007209100000071940063600108005701953340024490000
00300101000030000900049950000086065026000007209100000071940260000072091000000719406676294820000
00300108000030000200000000000086065026000007209100000071940260000072091000000719406676294820000
00300104000010000800044400000086065026000007209100000071940260000072091000000719406676294820000
001001026000008606500406676294820260000072091000000719402600000720910000007194020350458000100010000
001001026000008606500506676306670260000072091000000719402600000720910000007194020350458000100010000
002011066763080700104081899637000000000001992243920400001011140005550005550005550000000000000000000100000001000000860650260000072091000000719402600000720910000007194000000000000000000000000000000000000000000000000006360010800570195334002449000000
0020020667630923003010007891840000000000068740916501000030000000055500000000055500000001000000010000008606502600000720910000007194026000007209100000071940063600108005701953340024490000
002011066763112500109009101242000000000012490425040100001023220005550005550005550000000000000000000100000001000000860650260000072091000000719402600000720910000007194000000000000000000000000000000000000000000000000006360010800570195334002449000000
0020020667631175003010007891840000000000068740916501000030000000055500000000055500000001000000010000008606502600000720910000007194026000007209100000071940063600108005701953340024490000
0020020667631218003010007891840000000000068740916501000030000000055500000000055500000001000000010000008606502600000720910000007194026000007209100000071940063600108005701953340024490000
0020020667631222003010007891840000000000068740916501000030000000055500000000055500000001000000010000008606502600000720910000007194026000007209100000071940063600108005701953340024490000
00200306676313220030400533545300000000001983320690080000300062000555000000000000000000010000000100000086065026000007209100000071940260000072091000000719400000000000000000000006360010800570195334002449000000
005001066763157200104164916806000000000024338637521023001002300000
005001066763157400104164916806000000000024338637520400001000800000
00200306676316370030400250728800000000003413386884080000305054000555000000000000000000010000000100000086065026000007209100000071940260000072091000000719400000000000000000000006360010800570195334002449000000
00200306676318410030400345628800000000001962727708080000303110000555000000000000000000010000000100000086065026000007209100000071940260000072091000000719400000000000000000000006360010800570195334002449000000
0020020667632012003010007891840000000000068740916501000030000000055500000000055500000001000000010000008606502600000720910000007194026000007209100000071940063600108005701953340024490000
00200306676320170030400520433200000000003569212198080000300240000555000000000000000000010000000100000086065026000007209100000071940260000072091000000719400000000000000000000006360010800570195334002449000000
002011066763228800104153171642000000000027862055120400001049910005550005550005550000000000000000000100000001000000860650260000072091000000719402600000720910000007194000000000000000000000000000000000000000000000000006360010800570195334002449000000
002011066763246100104164718699000000000023014108880400001061860005550005550005550000000000000000000100000001000000860650260000072091000000719402600000720910000007194000000000000000000000000000000000000000000000000006360010800570195334002449000000
00200306676325400030400457238900000000000656936380080000300627000555000000000000000000010000000100000086065026000007209100000071940260000072091000000719400000000000000000000006360010800570195334002449000000
00200306676325490030400531707200000000003533160022080000300062000555000000000000000000010000000100000086065026000007209100000071940260000072091000000719400000000000000000000006360010800570195334002449000000
00200306676325650030400470918100000000001545956594080000301915000555000000000000000000010000000100000086065026000007209100000071940260000072091000000719400000000000000000000006360010800570195334002449000000
00200306676331740030400423708300000000002519529674080000306238000555000000000000000000010000000100000086065026000007209100000071940260000072091000000719400000000000000000000006360010800570195334002449000000
0020020667633182003010007891840000000000068740916501000030000000055500000000055500000001000000010000008606502600000720910000007194026000007209100000071940063600108005701953340024490000
00300104000010000300016650000086065026000007209100000071940260000072091000000719406676339380000
00300101000030000600033300000086065026000007209100000071940260000072091000000719406676339380000
00300101000010000100005550000086065026000007209100000071940260000072091000000719406676339380000
00300108000030000800000000000086065026000007209100000071940260000072091000000719406676339380000
001001026000008606500406676339380260000072091000000719402600000720910000007194020350458000100110000
001001026000008606500506676347220260000072091000000719402600000720910000007194020350458000100110000
005001066763473001503001857803000000000042460940050614015000840000
00200306676347300150300185780300000000004246094005061301502130000555000000000000000000010000000100000086065026000007209100000071940260000072091000000719400000000000000000000006360010800570195334002449000000
0020020667634738015030018578030000000000424609400506140150212900055500000000000000000001000000010000008606502600000720910000007194026000007209100000071940063600108005701953340024490000
00200306676347450030400353354100000000002073949340080000303219000555000000000000000000010000000100000086065026000007209100000071940260000072091000000719400000000000000000000006360010800570195334002449000000
00200306676347590030400294393200000000002075022780080000301022000555000000000000000000010000000100000086065026000007209100000071940260000072091000000719400000000000000000000006360010800570195334002449000000
00200306676347740030400354630900000000003398778998080000306211000555000000000000000000010000000100000086065026000007209100000071940260000072091000000719400000000000000000000006360010800570195334002449000000
00200306676349890030400528340200000000001983480802080000300067000555000000000000000000010000000100000086065026000007209100000071940260000072091000000719400000000000000000000006360010800570195334002449000000
00200306676353830150300294997300000000002659736707061201500218000555000000000000000000010000000100000086065026000007209100000071940260000072091000000719400000000000000000000006360010800570195334002449000000
0020020667635414003010007891840000000000068740916501000030000000055500000000055500000001000000010000008606502600000720910000007194026000007209100000071940063600108005701953340024490000
0020020667635562003010007891840000000000068740916501000030000000055500000000055500000001000000010000008606502600000720910000007194026000007209100000071940063600108005701953340024490000
00200306676355660030400468317200000000003408418228080000301086000555000000000000000000010000000100000086065026000007209100000071940260000072091000000719400000000000000000000006360010800570195334002449000000
002011066763557700117059528674000000000006480661930400001005100005550005550005550000000000000000000100000001000000860650260000072091000000719402600000720910000007194000000000000000000000000000000000000000000000000006360010800570195334002449000000
00200306676356000150300305767700000000002659712851061201500466000555000000000000000000010000000100000086065026000007209100000071940260000072091000000719400000000000000000000006360010800570195334002449000000
0020020667635719003010007891840000000000068740916501000030000000055500000000055500000001000000010000008606502600000720910000007194026000007209100000071940063600108005701953340024490000
0020020667636081003010007891840000000000068740916501000030000000055500000000055500000001000000010000008606502600000720910000007194026000007209100000071940063600108005701953340024490000
0020020667636092003010007891840000000000068740916501000030000000055500000000055500000001000000010000008606502600000720910000007194026000007209100000071940063600108005701953340024490000
0020020667636112003010007891840000000000068740916501000030000000055500000000055500000001000000010000008606502600000720910000007194026000007209100000071940063600108005701953340024490000
002011066763637500104164797807000000000022911358160400001009820005550005550005550000000000000000000100000001000000860650260000072091000000719402600000720910000007194000000000000000000000000000000000000000000000000006360010800570195334002449000000
002011066763643600117025549237000000000040495285410400001027880005550005550005550000000000000000000100000001000000860650260000072091000000719402600000720910000007194000000000000000000000000000000000000000000000000006360010800570195334002449000000
0020020667636578003010007891840000000000068740916501000030000000055500000000055500000001000000010000008606502600000720910000007194026000007209100000071940063600108005701953340024490000
002011066763688900104152418172000000000025348677840400001000450005550005550005550000000000000000000100000001000000860650260000072091000000719402600000720910000007194000000000000000000000000000000000000000000000000006360010800570195334002449000000
002011066763704800104087466406000000000017362491600400001011640005550005550005550000000000000000000100000001000000860650260000072091000000719402600000720910000007194000000000000000000000000000000000000000000000000006360010800570195334002449000000
00200306676370610030400421455500000000003321483766080000302602000555000000000000000000010000000100000086065026000007209100000071940260000072091000000719400000000000000000000006360010800570195334002449000000
002011066763717700104089365828000000000033111317200400001003220005550005550005550000000000000000000100000001000000860650260000072091000000719402600000720910000007194000000000000000000000000000000000000000000000000006360010800570195334002449000000
0020020667637251003010007891840000000000068740916501000030000000055500000000055500000001000000010000008606502600000720910000007194026000007209100000071940063600108005701953340024490000
00200306676373220030400497003100000000003533307942080000303186000555000000000000000000010000000100000086065026000007209100000071940260000072091000000719400000000000000000000006360010800570195334002449000000
0020020667637481003010007891840000000000068740916501000030000000055500000000055500000001000000010000008606502600000720910000007194026000007209100000071940063600108005701953340024490000
005001066763772500301001043577000000000034727073660400001000150000
005001066763773000301001043577000000000034727073660400001000150000
00200306676377320030100104357700000000003472707366070000303961000555000000000000000000010000000100000086065026000007209100000071940260000072091000000719400000000000000000000006360010800570195334002449000000
00300106130150000100000000000086065026000007209100000071940260000072091000000719406676385930000
00300106140150000100000000000086065026000007209100000071940260000072091000000719406676385930000
00300108000030000700000000000086065026000007209100000071940260000072091000000719406676385930000
00300106120150000200000000000086065026000007209100000071940260000072091000000719406676385930000
00300101000030000900049950000086065026000007209100000071940260000072091000000719406676385930000
00300104000010000600033300000086065026000007209100000071940260000072091000000719406676385930000
00300107000030000100000000000086065026000007209100000071940260000072091000000719406676385930000
001001026000008606500406676385930260000072091000000719402600000720910000007194020350458000100010000
001001026000008606500506676393900260000072091000000719402600000720910000007194020350458000100010000
00200306676394070030400485994700000000000454322025080000301171000555000000000000000000010000000100000086065026000007209100000071940260000072091000000719400000000000000000000006360010800570195334002449000000
0020020667639416003010007891840000000000068740916501000030000000055500000000055500000001000000010000008606502600000720910000007194026000007209100000071940063600108005701953340024490000
0020020667639429003010007891840000000000068740916501000030000000055500000000055500000001000000010000008606502600000720910000007194026000007209100000071940063600108005701953340024490000
005001066763958700301001111394000000000024737702610400001000150000
005001066763959000301001111394000000000024737702610400001000150000
00200306676395920030100111139400000000002473770261070000300452000555000000000000000000010000000100000086065026000007209100000071940260000072091000000719400000000000000000000006360010800570195334002449000000
00200306676396030030400326764700000000003455529996080000304107000555000000000000000000010000000100000086065026000007209100000071940260000072091000000719400000000000000000000006360010800570195334002449000000
00200306676396650150300261477700000000003086566844061201500189000555000000000000000000010000000100000086065026000007209100000071940260000072091000000719400000000000000000000006360010800570195334002449000000
00200306676396760150300238769100000000000884958307061201500456000555000000000000000000010000000100000086065026000007209100000071940260000072091000000719400000000000000000000006360010800570195334002449000000
0020020667639810003010007891840000000000068740916501000030000000055500000000055500000001000000010000008606502600000720910000007194026000007209100000071940063600108005701953340024490000
0020020667639826003010007891840000000000068740916501000030000000055500000000055500000001000000010000008606502600000720910000007194026000007209100000071940063600108005701953340024490000
002011066764015700104166487414000000000024296430800400001037040005550005550005550000000000000000000100000001000000860650260000072091000000719402600000720910000007194000000000000000000000000000000000000000000000000006360010800570195334002449000000
0020020667640254003010007891840000000000068740916501000030000000055500000000055500000001000000010000008606502600000720910000007194026000007209100000071940063600108005701953340024490000
0020020667640344003010007891840000000000068740916501000030000000055500000000055500000001000000010000008606502600000720910000007194026000007209100000071940063600108005701953340024490000
002011066764035000104085625051000000000019290163920400001002500005550005550005550000000000000000000100000001000000860650260000072091000000719402600000720910000007194000000000000000000000000000000000000000000000000006360010800570195334002449000000
002011066764064700104162002891000000000025096392400400001053060005550005550005550000000000000000000100000001000000860650260000072091000000719402600000720910000007194000000000000000000000000000000000000000000000000006360010800570195334002449000000
002011066764065800104088500284000000000028086997200400001003240005550005550005550000000000000000000100000001000000860650260000072091000000719402600000720910000007194000000000000000000000000000000000000000000000000006360010800570195334002449000000
002011066764069400104081931808000000000002499743440400001007670005550005550004600004600008550000000100000001000000860650260000072091000000719402600000720910000007194100000000000000000000300000000000000000000000000006360010800570195334002449000000
002011066764070700104088955737000000000029298629840400001005390005550005550005550000000000000000000100000001000000860650260000072091000000719402600000720910000007194000000000000000000000000000000000000000000000000006360010800570195334002449000000
002011066764089700104089453671000000000031544750800400001004660005550005550005550000000000000000000100000001000000860650260000072091000000719402600000720910000007194000000000000000000000000000000000000000000000000006360010800570195334002449000000
005001066764095200109109578474000000000017181415121023001002300000
002011066764095600109109578474000000000017181415120100001003650005550005550003900003900008550000000100000001000000860650260000072091000000719402600000720910000007194100000000000000000000300000000000000000000000000006360010800570195334002449000000
002011066764143800104161174507000000000026391890640400001010920005550005550005550000000000000000000100000001000000860650260000072091000000719402600000720910000007194000000000000000000000000000000000000000000000000006360010800570195334002449000000
00200306676414460030500042775700000000000202914386071000300777000555000000000000000000010000000100000086065026000007209100000071940260000072091000000719400000000000000000000006360010800570195334002449000000
00200306676415220030400527631700000000001063620514080000300380000555000000000000000000010000000100000086065026000007209100000071940260000072091000000719400000000000000000000006360010800570195334002449000000
0020020667641631003010007891840000000000068740916501000030000000055500000000055500000001000000010000008606502600000720910000007194026000007209100000071940063600108005701953340024490000
0020020667642288003010007891840000000000068740916501000030000000055500000000055500000001000000010000008606502600000720910000007194026000007209100000071940063600108005701953340024490000
00200306676422940030400273192700000000003415527092080000306475000555000000000000000000010000000100000086065026000007209100000071940260000072091000000719400000000000000000000006360010800570195334002449000000
00300108000030000400000000000086065026000007209100000071940260000072091000000719406676433530000
00300101000030000800044400000086065026000007209100000071940260000072091000000719406676433530000
00300107000030000100000000000086065026000007209100000071940260000072091000000719406676433530000
00300106120150000200000000000086065026000007209100000071940260000072091000000719406676433530000
00300104000010000800044400000086065026000007209100000071940260000072091000000719406676433530000
00300101000010000100005550000086065026000007209100000071940260000072091000000719406676433530000
00300107100030000100000000000086065026000007209100000071940260000072091000000719406676433530000
001001026000008606500406676433530260000072091000000719402600000720910000007194020350458000100110000
001001026000008606500506676443170260000072091000000719402600000720910000007194020350458000100110000
0020020667644335003010007891840000000000068740916501000030000000055500000000055500000001000000010000008606502600000720910000007194026000007209100000071940063600108005701953340024490000
005001066764434500000000000000000000000017617641680000000000150000
005001066764434900122056301683000000000002404618771023001000150000
005001066764435000104163142114000000000002404618770000000000150000
005001066764436400104163142114000000000017617641681023001002300000
005001066764436800104163142114000000000017617641681023001002300000
002011066764445600109125154331000000000001519155920100001004400005550005550005550000000000000000000100000001000000860650260000072091000000719402600000720910000007194000000000000000000000000000000000000000000000000006360010800570195334002449000000
00200306676445840030100050000100000000002478080682070100307848000555000000000000000000010000000100000086065026000007209100000071940260000072091000000719400000000000000000000006360010800570195334002449000000
005001066764502100109165218348000000000005422206161023001002300000
002011066764502400109165218348000000000005422206160100001006150005550005550005550000000000000000000100000001000000860650260000072091000000719402600000720910000007194000000000000000000000000000000000000000000000000006360010800570195334002449000000
0020020667645037003010007891840000000000068740916501000030000000055500000000055500000001000000010000008606502600000720910000007194026000007209100000071940063600108005701953340024490000
002011066764516200109163764531000000000007173883600100001006650005550005550004500004500008550000000100000001000000860650260000072091000000719402600000720910000007194100000000000000000000300000000000000000000000000006360010800570195334002449000000
0020020667645327003010007891840000000000068740916501000030000000055500000000055500000001000000010000008606502600000720910000007194026000007209100000071940063600108005701953340024490000
0020020667645334003010007891840000000000068740916501000030000000055500000000055500000001000000010000008606502600000720910000007194026000007209100000071940063600108005701953340024490000
0020020667645348003010007891840000000000068740916501000030000000055500000000055500000001000000010000008606502600000720910000007194026000007209100000071940063600108005701953340024490000
0020020667645356003010007891840000000000068740916501000030000000055500000000055500000001000000010000008606502600000720910000007194026000007209100000071940063600108005701953340024490000
002011066764562900104156507897000000000027973530320400001000360005550005550005550000000000000000000100000001000000860650260000072091000000719402600000720910000007194000000000000000000000000000000000000000000000000006360010800570195334002449000000
005001066764602300104162119021000000000027718833361023001002300000
002011066764602600104162119021000000000027718833360400001004830005550005550004600004600008550000000100000001000000860650260000072091000000719402600000720910000007194100000000000000000000300000000000000000000000000006360010800570195334002449000000
00200306676460320030400535573100000000001983733714080000300002000555000000000000000000010000000100000086065026000007209100000071940260000072091000000719400000000000000000000006360010800570195334002449000000
0020020667646051003010007891840000000000068740916501000030000000055500000000055500000001000000010000008606502600000720910000007194026000007209100000071940063600108005701953340024490000
00200306676463770030400471931200000000001545800370080000301155000555000000000000000000010000000100000086065026000007209100000071940260000072091000000719400000000000000000000006360010800570195334002449000000
00200306676464900070400028244600000000002677878946080000709846000555000000000000000000010000000100000086065026000007209100000071940260000072091000000719400000000000000000000006360010800570195334002449000000
00200306676466330030400298137100000000002141239244080000302421000555000000000000000000010000000100000086065026000007209100000071940260000072091000000719400000000000000000000006360010800570195334002449000000
002011066764666900104151372039000000000023854183120400001001110005550005550005550000000000000000000100000001000000860650260000072091000000719402600000720910000007194000000000000000000000000000000000000000000000000006360010800570195334002449000000
005001066764711000301001125425000000000008712364090400001000150000
005001066764711300301001125425000000000008712364090400001000150000
00200306676471140030100112542500000000000871236409070000301368000555000000000000000000010000000100000086065026000007209100000071940260000072091000000719400000000000000000000006360010800570195334002449000000
002011066764755400104088567931000000000023703644880400001001550005550005550005550000000000000000000100000001000000860650260000072091000000719402600000720910000007194000000000000000000000000000000000000000000000000006360010800570195334002449000000
005001066764783700301000789184000000000006874091651007003000150000
00300101000030000700038850000086065026000007209100000071940260000072091000000719406676478410000
00300101000010000300016650000086065026000007209100000071940260000072091000000719406676478410000
00300107010030000100000000000086065026000007209100000071940260000072091000000719406676478410000
00300104000010000400022200000086065026000007209100000071940260000072091000000719406676478410000
00300108000030000300000000000086065026000007209100000071940260000072091000000719406676478410000
00300108000070000100000000000086065026000007209100000071940260000072091000000719406676478410000
00300107000030000100000000000086065026000007209100000071940260000072091000000719406676478410000
001001026000008606500406676478410260000072091000000719402600000720910000007194020350458000100010000
001001026000008606500306676478460260000072091000000719402600000720910000007194020350458000100010000
001001026000008606500206676478510260000072091000000719402600000720910000007194020350458000100010000
010001001026000007209100000071940000086065066764785800400000
02000100106676478670030100078918400000000000687409165026000007209100000071940114902000008606502600000720910000007194026000007209100000071940000
0210010300250000086065026000007209100000071940260000072091000000719406676478670000
0210010400320000086065026000007209100000071940260000072091000000719406676478670000
0210010500010000086065026000007209100000071940260000072091000000719406676478670000
0210010800040000086065026000007209100000071940260000072091000000719406676478670000
0210010900040000086065026000007209100000071940260000072091000000719406676478670000
0210011000010000086065026000007209100000071940260000072091000000719406676478670000
0210011100010000086065026000007209100000071940260000072091000000719406676478670000
0210011800030000086065026000007209100000071940260000072091000000719406676478670000
0210012500080000086065026000007209100000071940260000072091000000719406676478670000
010001001026000007209100000071940000086065066764786700500000
001001026000008606500106676478740000000072091000000000000000000000000000000000020350458000100010000
03400667623455000008606500005C06676234550667625406000008606504577I000007209100000720910100000190005550000000010000000108000001500000000000000100000001
03400667625696000008606500005C06676256960667629482000008606504580V0000072091000007209101000002700055500000000100000001040000002000460100000001000000010400000160005550000000010000000108000001300000000000000100000001080000013000000000000001000000010800000130000000000000010000000108000001300000000000000100000001080000013000000000000001000000010800000130000000000000010000000108000001300000000000000100000001080000013000000000000001000000010800000130000000000000010000000108000001300000000000000100000001080000013000000000000001000000010800000130000000000000010000000108000001300000000000000100000001080000013000000000000001000000010800000130000000000000010000000108000001300000000000000100000001
