1000020260000086056003063600108048651588430027790000
001001026000008605600206676412040000000105818000000000000000000000000000000000020350458000100000000
010001001026000010581800000091670000086056066764121000100000
0350010667641222357191860000007600000001010000
010001001026000010581800000091670000086056066764122500200000
001001026000008605600306676412280260000105818000000916702600001058180000009167020350458000100020000
001001026000008605600206676433290260000105818000000916702600001058180000009167020350458000100020000
001001026000008605600306676433330260000105818000000916702600001058180000009167020350458000100020000
001001026000008605600406676433420260000105818000000916702600001058180000009167020350458000100020000
005001066764334300301001159052000000000035719186460400001000150000
001001026000008605600506676433490260000105818000000916702600001058180000009167020350458000100020000
002011066764431300117059372984000000000006532467370400001012940005550005550005550000000000000000000100000001000000860560260000105818000000916702600001058180000009167000000000000000000000000000000000000000000000000006360010804865158843002779000000
0020020667644374003010011590520000000000357191864601000030000000055500000000055500000001000000010000008605602600001058180000009167026000010581800000091670063600108048651588430027790000
002011066764496600104089197313000000000033114174160400001005160005550005550005550000000000000000000100000001000000860560260000105818000000916702600001058180000009167000000000000000000000000000000000000000000000000006360010804865158843002779000000
002011066764514900104163985103000000000022909207760400001018070005550005550005550000000000000000000100000001000000860560260000105818000000916702600001058180000009167000000000000000000000000000000000000000000000000006360010804865158843002779000000
005001066764682000301001159052000000000035719186460400001000150000
00300104000010000300016650000086056026000010581800000091670260000105818000000916706676468240000
00300101000030000100005550000086056026000010581800000091670260000105818000000916706676468240000
001001026000008605600406676468240260000105818000000916702600001058180000009167020350458000100120000
005001066764682500301001159052000000000035719186460400001000150000
001001026000008605600506676468310260000105818000000916702600001058180000009167020350458000100120000
002011066764946300104089602269000000000023598134480400001002030005550005550005550000000000000000000100000001000000860560260000105818000000916702600001058180000009167000000000000000000000000000000000000000000000000006360010804865158843002779000000
0020020667649486003010011590520000000000357191864601000030000000055500000000055500000001000000010000008605602600001058180000009167026000010581800000091670063600108048651588430027790000
005001066764970700301001158439000000000035692885820400001000150000
005001066764971100301001158439000000000035692885820400001000150000
00200306676497130030100115843900000000003569288582070000300084000555000000000000000000010000000100000086056026000010581800000091670260000105818000000916700000000000000000000006360010804865158843002779000000
0020020667649884003010011590520000000000357191864601000030000000055500000000055500000001000000010000008605602600001058180000009167026000010581800000091670063600108048651588430027790000
0020020667650167003010011590520000000000357191864601000030000000055500000000055500000001000000010000008605602600001058180000009167026000010581800000091670063600108048651588430027790000
0020020667650174003010011590520000000000357191864601000030000000055500000000055500000001000000010000008605602600001058180000009167026000010581800000091670063600108048651588430027790000
0020020667650177003010011590520000000000357191864601000030000000055500000000055500000001000000010000008605602600001058180000009167026000010581800000091670063600108048651588430027790000
00200306676504180030400444678200000000002678988355080000302893000555000000000000000000010000000100000086056026000010581800000091670260000105818000000916700000000000000000000006360010804865158843002779000000
0020020667650783003010011590520000000000357191864601000030000000055500000000055500000001000000010000008605602600001058180000009167026000010581800000091670063600108048651588430027790000
002011066765105200104163141381000000000017619093200400001015440005550005550005550000000000000000000100000001000000860560260000105818000000916702600001058180000009167000000000000000000000000000000000000000000000000006360010804865158843002779000000
00200306676510610030400350389800000000003891015322080000303219000555000000000000000000010000000100000086056026000010581800000091670260000105818000000916700000000000000000000006360010804865158843002779000000
0450010000000000000000000506676511560000
005001066765118400104084789468000000000015548050641022001000150000
005001066765118800104084789468000000000015548050641022001000150000
005001066765119100104084789468000000000015548050641022001000150000
005001066765119400104084789468000000000015548050641022001000150000
005001066765120600301001158978000000000035699885020001003000150000
005001066765120600301001158978000000000035699885020001003000150000
005001066765120700301001158978000000000035699885020001003000150000
005001066765120800301001158978000000000035699885020001003000150000
005001066765120800301001158978000000000035699885020001003000150000
005001066765121000301001158978000000000035699885020001003000150000
005001066765121100301001158978000000000035699885020001003000150000
005001066765121100301001158978000000000035699885020001003000150000
005001066765121200301001158978000000000035699885020001003000150000
005001066765121600301001158978000000000035699885020001003000150000
005001066765121600301001158978000000000035699885020001003000150000
005001066765121700301001158978000000000035699885020001003000150000
005001066765121900301001158978000000000035699885020001003000150000
005001066765122000301001158978000000000035699885020001003000150000
005001066765122000301001158978000000000035699885020001003000150000
005001066765127400301001158978000000000035699885020001003000150000
005001066765127400301001158978000000000035699885020001003000150000
005001066765127500301001158978000000000035699885020001003000150000
005001066765127600301001158978000000000035699885020001003000150000
005001066765128000301001159052000000000035719186460001003000150000
005001066765128000301001159052000000000035719186460001003000150000
005001066765128100301001159052000000000035719186460001003000150000
005001066765128100301001159052000000000035719186460001003000150000
005001066765128200301001159052000000000035719186460001003000150000
005001066765128300301001159052000000000035719186460001003000150000
005001066765128400301001159052000000000035719186460001003000150000
005001066765128400301001159052000000000035719186460001003000150000
005001066765128500301001159052000000000035719186460001003000150000
005001066765136600301001159052000000000035719186460001003000150000
005001066765136700301001159052000000000035719186460001003000150000
005001066765136700301001159052000000000035719186460001003000150000
005001066765136800301001159052000000000035719186460001003000150000
005001066765136800301001159052000000000035719186460001003000150000
0450010000000000000000000506676515620000
005001066765166700301001158978000000000035699885020400001000150000
005001066765166900301001158978000000000035699885020400001000150000
00200306676516710030100115897800000000003569988502070000300483000555000000000000000000010000000100000086056026000010581800000091670260000105818000000916700000000000000000000006360010804865158843002779000000
0020020667651696003010011590520000000000357191864601000030000000055500000000055500000001000000010000008605602600001058180000009167026000010581800000091670063600108048651588430027790000
002011066765191400109073194116000000000025216643280100001004770005550005550005550000000000000000000100000001000000860560260000105818000000916702600001058180000009167000000000000000000000000000000000000000000000000006360010804865158843002779000000
0020020667651927003010011590520000000000357191864601000030000000055500000000055500000001000000010000008605602600001058180000009167026000010581800000091670063600108048651588430027790000
002011066765201000117057775097000000000011097395690400001010780005550005550004600004600008550000000100000001000000860560260000105818000000916702600001058180000009167100000000000000000000300000000000000000000000000006360010804865158843002779000000
0020020667652113003010011590520000000000357191864601000030000000055500000000055500000001000000010000008605602600001058180000009167026000010581800000091670063600108048651588430027790000
0020020667652142003010011590520000000000357191864601000030000000055500000000055500000001000000010000008605602600001058180000009167026000010581800000091670063600108048651588430027790000
005001066765368000301001159052000000000035719186460400001000150000
00300104000010000300016650000086056026000010581800000091670260000105818000000916706676536840000
00300101000030001000055500000086056026000010581800000091670260000105818000000916706676536840000
00300107000030000200000000000086056026000010581800000091670260000105818000000916706676536840000
00300108000030000200000000000086056026000010581800000091670260000105818000000916706676536840000
00300101000010000100005550000086056026000010581800000091670260000105818000000916706676536840000
001001026000008605600406676536840260000105818000000916702600001058180000009167020350458000100120000
005001066765368500301001159052000000000035719186460400001000150000
001001026000008605600506676536910260000105818000000916702600001058180000009167020350458000100120000
005001066765397900301001159052000000000035719186460400001000150000
0020020667655882003010011590520000000000357191864601000030000000055500000000055500000001000000010000008605602600001058180000009167026000010581800000091670063600108048651588430027790000
002011066765612500104151306141000000000025389770960400001003850005550005550005550000000000000000000100000001000000860560260000105818000000916702600001058180000009167000000000000000000000000000000000000000000000000006360010804865158843002779000000
002011066765613400104083172874000000000008924153040400001018050005550005550005550000000000000000000100000001000000860560260000105818000000916702600001058180000009167000000000000000000000000000000000000000000000000006360010804865158843002779000000
002011066765614700104087466406000000000017362491600400001011650005550005550005550000000000000000000100000001000000860560260000105818000000916702600001058180000009167000000000000000000000000000000000000000000000000006360010804865158843002779000000
0020020667656151003010011590520000000000357191864601000030000000055500000000055500000001000000010000008605602600001058180000009167026000010581800000091670063600108048651588430027790000
0020020667656226003010011590520000000000357191864601000030000000055500000000055500000001000000010000008605602600001058180000009167026000010581800000091670063600108048651588430027790000
002011066765624000104164506764000000000023296681680400001061450005550005550005550000000000000000000100000001000000860560260000105818000000916702600001058180000009167000000000000000000000000000000000000000000000000006360010804865158843002779000000
002011066765624700104165402717000000000019644255440400001014310005550005550005550000000000000000000100000001000000860560260000105818000000916702600001058180000009167000000000000000000000000000000000000000000000000006360010804865158843002779000000
0020020667656346003010011590520000000000357191864601000030000000055500000000055500000001000000010000008605602600001058180000009167026000010581800000091670063600108048651588430027790000
0020020667656487003010011590520000000000357191864601000030000000055500000000055500000001000000010000008605602600001058180000009167026000010581800000091670063600108048651588430027790000
0020020667656499003010011590520000000000357191864601000030000000055500000000055500000001000000010000008605602600001058180000009167026000010581800000091670063600108048651588430027790000
0020020667656541003010011590520000000000357191864601000030000000055500000000055500000001000000010000008605602600001058180000009167026000010581800000091670063600108048651588430027790000
0020020667656678003010011590520000000000357191864601000030000000055500000000055500000001000000010000008605602600001058180000009167026000010581800000091670063600108048651588430027790000
0020020667656686003010011590520000000000357191864601000030000000055500000000055500000001000000010000008605602600001058180000009167026000010581800000091670063600108048651588430027790000
005001066765707100305000429717000000000002432422260710003001360000
002011066765707100305000429717000000000002432422260400001007080005550005550005550000000000000000000100000001000000860560260000105818000000916702600001058180000009167000000000000000000000000000000000000000000000000006360010804865158843002779000000
0020020667657551003010011590520000000000357191864601000030000000055500000000055500000001000000010000008605602600001058180000009167026000010581800000091670063600108048651588430027790000
00200306676576720150300182565100000000004246151813061201503186000555000000000000000000010000000100000086056026000010581800000091670260000105818000000916700000000000000000000006360010804865158843002779000000
0020020667657802003010011590520000000000357191864601000030000000055500000000055500000001000000010000008605602600001058180000009167026000010581800000091670063600108048651588430027790000
0020020667657883003010011590520000000000357191864601000030000000055500000000055500000001000000010000008605602600001058180000009167026000010581800000091670063600108048651588430027790000
00200306676578930030400273711900000000001114990026080000301552000555000000000000000000010000000100000086056026000010581800000091670260000105818000000916700000000000000000000006360010804865158843002779000000
002011066765790200104164415335000000000024123042000400001022560005550005550005550000000000000000000100000001000000860560260000105818000000916702600001058180000009167000000000000000000000000000000000000000000000000006360010804865158843002779000000
0020020667658050003010011590520000000000357191864601000030000000055500000000055500000001000000010000008605602600001058180000009167026000010581800000091670063600108048651588430027790000
0020020667658085003010011590520000000000357191864601000030000000055500000000055500000001000000010000008605602600001058180000009167026000010581800000091670063600108048651588430027790000
0020020667658200003010011590520000000000357191864601000030000000055500000000055500000001000000010000008605602600001058180000009167026000010581800000091670063600108048651588430027790000
002011066765887600104165194511000000000014918195920400001068810005550005550005550000000000000000000100000001000000860560260000105818000000916702600001058180000009167000000000000000000000000000000000000000000000000006360010804865158843002779000000
005001066766024800301001159052000000000035719186460400001000150000
002011066766056500104085032506000000000019212959440400001014880005550005550004500004500008550000000100000001000000860560260000105818000000916702600001058180000009167100000000000000000000300000000000000000000000000006360010804865158843002779000000
0020020667660621003010011590520000000000357191864601000030000000055500000000055500000001000000010000008605602600001058180000009167026000010581800000091670063600108048651588430027790000
00200306676606780030400504042900000000000580606915080000300848000555000000000000000000010000000100000086056026000010581800000091670260000105818000000916700000000000000000000006360010804865158843002779000000
0020020667660700003010011590520000000000357191864601000030000000055500000000055500000001000000010000008605602600001058180000009167026000010581800000091670063600108048651588430027790000
002011066766091100104164276238000000000024086344400400001010640005550005550005550000000000000000000100000001000000860560260000105818000000916702600001058180000009167000000000000000000000000000000000000000000000000006360010804865158843002779000000
002011066766115000104163977755000000000023282061520400001072030005550005550004250004250008550000000100000001000000860560260000105818000000916702600001058180000009167100000000000000000000300000000000000000000000000006360010804865158843002779000000
002011066766131900104152586253000000000027898655440400001063230005550005550005550000000000000000000100000001000000860560260000105818000000916702600001058180000009167000000000000000000000000000000000000000000000000006360010804865158843002779000000
0020020667661465003010011590520000000000357191864601000030000000055500000000055500000001000000010000008605602600001058180000009167026000010581800000091670063600108048651588430027790000
002011066766158600104073522082000000000003639742290400001023800005550005550005550000000000000000000100000001000000860560260000105818000000916702600001058180000009167000000000000000000000019300000000000000000000000006360010804865158843002779000000
002011066766159100117019872595000000000031334169140400001054040005550005550005550000000000000000000100000001000000860560260000105818000000916702600001058180000009167000000000000000000000000000000000000000000000000006360010804865158843002779000000
0020020667661711003010011590520000000000357191864601000030000000055500000000055500000001000000010000008605602600001058180000009167026000010581800000091670063600108048651588430027790000
00200306676621860030400511796100000000003533938006080000300892000555000000000000000000010000000100000086056026000010581800000091670260000105818000000916700000000000000000000006360010804865158843002779000000
00200306676621950030400531856700000000003533994854080000300115000555000000000000000000010000000100000086056026000010581800000091670260000105818000000916700000000000000000000006360010804865158843002779000000
002011066766225400104157323285000000000027990111440400001022490005550005550005550000000000000000000100000001000000860560260000105818000000916702600001058180000009167000000000000000000000000000000000000000000000000006360010804865158843002779000000
002011066766293800117051658854000000000000555332850400001024960005550005550004600004600008550000000100000001000000860560260000105818000000916702600001058180000009167100000000000000000000300000000000000000000000000006360010804865158843002779000000
005001066766307801503002577723000000000024428686180614015000840000
00200306676630780150300257772300000000002442868618061301501154000555000000000000000000010000000100000086056026000010581800000091670260000105818000000916700000000000000000000006360010804865158843002779000000
005001066766312400305000294439000000000013343705180710003001360000
002011066766312500305000294439000000000013343705180400001010660005550005550003900003900008550000000100000001000000860560260000105818000000916702600001058180000009167100000000000000000000300000000000000000000000000006360010804865158843002779000000
005001066766528900301001159052000000000035719186460400001000150000
00300101000030001900105450000086056026000010581800000091670260000105818000000916706676652930000
00300104000010001700094350000086056026000010581800000091670260000105818000000916706676652930000
00300106120150000100000000000086056026000010581800000091670260000105818000000916706676652930000
00300108000030000400000000000086056026000010581800000091670260000105818000000916706676652930000
00300106130150000100000000000086056026000010581800000091670260000105818000000916706676652930000
001001026000008605600406676652930260000105818000000916702600001058180000009167020350458000100020000
005001066766529400301001159052000000000035719186460400001000150000
001001026000008605600306676652980260000105818000000916702600001058180000009167020350458000100020000
02000100106676653090030100115905200000000003571918646026000010581800000091670007601000008605602600001058180000009167026000010581800000091670000
0210010300060000086056026000010581800000091670260000105818000000916706676653090000
0210010400260000086056026000010581800000091670260000105818000000916706676653090000
0210010800020000086056026000010581800000091670260000105818000000916706676653090000
0210010900010000086056026000010581800000091670260000105818000000916706676653090000
0210011000010000086056026000010581800000091670260000105818000000916706676653090000
0210011800030000086056026000010581800000091670260000105818000000916706676653090000
0210012500050000086056026000010581800000091670260000105818000000916706676653090000
010001001026000010581800000091670000086056066766530900500000
001001026000008605600206676653230260000105818000000916700000000000000000000000020350458000100020000
010001001026000010581800000091670000086056066766533000400000
001001026000008605600106676653350000000105818000000000000000000000000000000000020350458000100020000
03400667643349000008605600005C06676433490667646824000008605604580I000010581800001058180100000010005550000000010000000104000000300055500000000100000001
03400667646831000008605600005C06676468310667653684000008605604580V00001058180000105818010000030000555000000001000000010400000020004601000000010000000104000001500055500000000100000001070000002000000000000001000000010800000060000000000000010000000108000000600000000000000100000001080000006000000000000001000000010800000060000000000000010000000108000000600000000000000100000001080000006000000000000001000000010800000060000000000000010000000108000000600000000000000100000001080000006000000000000001000000010800000060000000000000010000000108000000600000000000000100000001080000006000000000000001000000010800000060000000000000010000000108000000600000000000000100000001
