1000020260000086027003063600108005701917300020630000
0450010000000000000000000106674740080000
0450010000000002000000000106674753490000
0450010000000002000000000106675390110000
0450010000000002000000000106676027300000
001001026000008602700206676191320000000097796000000000000000000000000000000000020360458100100000000
005001066761913400301001050174000000000026788036670000000000150000
010001001026000009779600000085650000086027066761914300100000
0350010667619156267880360000093400000001010000
010001001026000009779600000085650000086027066761915800200000
001001026000008602700306676191650260000097796000000856502600000977960000008565020360458100100010000
001001026000008602700406676200920260000097796000000856502600000977960000008565020360458100100010000
001001026000008602700506676201000260000097796000000856502600000977960000008565020360458100100010000
002011066762161100104164384031000000000024351944400400001059150004300004300004300000000000000000000100000001000000860270260000097796000000856502600000977960000008565000000000000000000000000000000000000000000000000006360010800570191730002063000000
005001066762166100104162904959000000000017760617680400001000360000
002011066762166600104162904959000000000017760617680400001053490004300004300004300000000000000000000100000001000000860270260000097796000000856502600000977960000008565000000000000000000000000000000000000000000000000006360010800570191730002063000000
0020020667621749003010010501740000000000267880366701000030000000043000000000043000000001000000010000008602702600000977960000008565026000009779600000085650063600108005701917300020630000
0020020667621807003010010501740000000000267880366701000030000000043000000000043000000001000000010000008602702600000977960000008565026000009779600000085650063600108005701917300020630000
0020020667621868003010010501740000000000267880366701000030000000043000000000043000000001000000010000008602702600000977960000008565026000009779600000085650063600108005701917300020630000
0020020667621992003010010501740000000000267880366701000030000000043000000000043000000001000000010000008602702600000977960000008565026000009779600000085650063600108005701917300020630000
0020020667622067003010010501740000000000267880366701000030000000043000000000043000000001000000010000008602702600000977960000008565026000009779600000085650063600108005701917300020630000
005001066762211901503003231316000000000026595211390614015000840000
00200306676221200150300323131600000000002659521139061301500160000430000000000000000000010000000100000086027026000009779600000085650260000097796000000856500000000000000000000006360010800570191730002063000000
00200306676221270030400251886700000000003413517892080000311586000430000000000000000000010000000100000086027026000009779600000085650260000097796000000856500000000000000000000006360010800570191730002063000000
0020020667622226003010010501740000000000267880366701000030000000043000000000043000000001000000010000008602702600000977960000008565026000009779600000085650063600108005701917300020630000
002011066762229800117052879511000000000017922781070400001014740004300004300004300000000000000000000100000001000000860270260000097796000000856502600000977960000008565000000000000000000000000000000000000000000000000006360010800570191730002063000000
002011066762240300104086756575000000000015996954320400001007420004300004300004300000000000000000000100000001000000860270260000097796000000856502600000977960000008565000000000000000000000000000000000000000000000000006360010800570191730002063000000
002011066762280200104088799531000000000029316424400400001001860004300004300004300000000000000000000100000001000000860270260000097796000000856502600000977960000008565000000000000000000000000000000000000000000000000006360010800570191730002063000000
002011066762314700104163605521000000000018711670480400001021180004300004300004300000000000000000000100000001000000860270260000097796000000856502600000977960000008565000000000000000000000000000000000000000000000000006360010800570191730002063000000
0020020667623180003010010501740000000000267880366701000030000000043000000000043000000001000000010000008602702600000977960000008565026000009779600000085650063600108005701917300020630000
00300104000010000600025800000086027026000009779600000085650260000097796000000856506676237560000
00300101000030000700030100000086027026000009779600000085650260000097796000000856506676237560000
00300106130150000100000000000086027026000009779600000085650260000097796000000856506676237560000
00300108000030000100000000000086027026000009779600000085650260000097796000000856506676237560000
001001026000008602700406676237560260000097796000000856502600000977960000008565020360458100100110000
001001026000008602700506676241270260000097796000000856502600000977960000008565020360458100100110000
002011066762413500104165360275000000000023308096720400001033010004300004300004300000000000000000000100000001000000860270260000097796000000856502600000977960000008565000000000000000000000000000000000000000000000000006360010800570191730002063000000
0020020667624178003010010501740000000000267880366701000030000000043000000000043000000001000000010000008602702600000977960000008565026000009779600000085650063600108005701917300020630000
002011066762464600104164154612000000000018726421200400001034440004300004300000000000000008550000000100000001000000860270260000097796000000856502600000977960000008565100000000000000000000300000000000000000000000000006360010800570191730002063000000
0020020667624669003010010501740000000000267880366701000030000000043000000000043000000001000000010000008602702600000977960000008565026000009779600000085650063600108005701917300020630000
00200306676255840030400277861300000000003413731252080000303814000430000000000000000000010000000100000086027026000009779600000085650260000097796000000856500000000000000000000006360010800570191730002063000000
00300104000010000200008600000086027026000009779600000085650260000097796000000856506676259840000
00300101000030000200008600000086027026000009779600000085650260000097796000000856506676259840000
00300108000030000100000000000086027026000009779600000085650260000097796000000856506676259840000
001001026000008602700406676259840260000097796000000856502600000977960000008565020360458100100010000
001001026000008602700506676259910260000097796000000856502600000977960000008565020360458100100010000
005001066762627901503003111345000000000035716337020614015000840000
00200306676262790150300311134500000000003571633702061301500586000430000000000000000000010000000100000086027026000009779600000085650260000097796000000856500000000000000000000006360010800570191730002063000000
0020020667626287015030031113450000000000357163370206140150058000043000000000000000000001000000010000008602702600000977960000008565026000009779600000085650063600108005701917300020630000
00200306676263500030400453998500000000001109953530080000302346000430000000000000000000010000000100000086027026000009779600000085650260000097796000000856500000000000000000000006360010800570191730002063000000
005001066762645500104084412941000000000008647271121023001002300000
005001066762645900104084412941000000000008647271121023001002300000
002011066762646300104084412941000000000008647271120400001009450004300004300004300000000000000000000100000001000000860270260000097796000000856502600000977960000008565000000000000000000000000000000000000000000000000006360010800570191730002063000000
0020020667626487003010010501740000000000267880366701000030000000043000000000043000000001000000010000008602702600000977960000008565026000009779600000085650063600108005701917300020630000
0020020667627051003010010501740000000000267880366701000030000000043000000000043000000001000000010000008602702600000977960000008565026000009779600000085650063600108005701917300020630000
0020020667627079003010010501740000000000267880366701000030000000043000000000043000000001000000010000008602702600000977960000008565026000009779600000085650063600108005701917300020630000
0020020667627104003010010501740000000000267880366701000030000000043000000000043000000001000000010000008602702600000977960000008565026000009779600000085650063600108005701917300020630000
00200306676271950030400331627300000000003930995045080000302525000430000000000000000000010000000100000086027026000009779600000085650260000097796000000856500000000000000000000006360010800570191730002063000000
005001066762721001503003283324000000000005722708990614015000840000
00200306676272110150300328332400000000000572270899061301500035000430000000000000000000010000000100000086027026000009779600000085650260000097796000000856500000000000000000000006360010800570191730002063000000
00200306676273680020400632238300000000002496716916080000207600000430000000000000000000010000000100000086027026000009779600000085650260000097796000000856500000000000000000000006360010800570191730002063000000
002011066762742600104164218981000000000024377101520400001035040004300004300004300000000000000000000100000001000000860270260000097796000000856502600000977960000008565000000000000000000000000000000000000000000000000006360010800570191730002063000000
00200306676274750030400290606900000000002130136684080000306028000430000000000000000000010000000100000086027026000009779600000085650260000097796000000856500000000000000000000006360010800570191730002063000000
002011066762811700104150033486000000000025904796880400001004130004300004300004300000000000000000000100000001000000860270260000097796000000856502600000977960000008565000000000000000000000000000000000000000000000000006360010800570191730002063000000
0020020667628123003010010501740000000000267880366701000030000000043000000000043000000001000000010000008602702600000977960000008565026000009779600000085650063600108005701917300020630000
00300106130150000200000000000086027026000009779600000085650260000097796000000856506676286510000
00300106140150000100000000000086027026000009779600000085650260000097796000000856506676286510000
00300108000030000300000000000086027026000009779600000085650260000097796000000856506676286510000
00300104000010000300012900000086027026000009779600000085650260000097796000000856506676286510000
00300101000030000500021500000086027026000009779600000085650260000097796000000856506676286510000
00300108000020000100000000000086027026000009779600000085650260000097796000000856506676286510000
001001026000008602700406676286510260000097796000000856502600000977960000008565020360458100100110000
001001026000008602700506676295450260000097796000000856502600000977960000008565020360458100100110000
0020020667629562003010010501740000000000267880366701000030000000043000000000043000000001000000010000008602702600000977960000008565026000009779600000085650063600108005701917300020630000
002011066762956700104156468476000000000027974618320400001028280004300004300004300000000000000000000100000001000000860270260000097796000000856502600000977960000008565000000000000000000000000000000000000000000000000006360010800570191730002063000000
005001066762958400104157417239000000000024874734801023001002300000
002011066762958700104157417239000000000024874734800400001012070004300004300004300000000000000000000100000001000000860270260000097796000000856502600000977960000008565000000000000000000000000000000000000000000000000006360010800570191730002063000000
0020020667629591003010010501740000000000267880366701000030000000043000000000043000000001000000010000008602702600000977960000008565026000009779600000085650063600108005701917300020630000
0020020667629999003010010501740000000000267880366701000030000000043000000000043000000001000000010000008602702600000977960000008565026000009779600000085650063600108005701917300020630000
002011066763011200104079475299000000000042422437670400001024660004300004300004300000000000000000000100000001000000860270260000097796000000856502600000977960000008565000000000000000000000019300000000000000000000000006360010800570191730002063000000
002011066763086600104082768943000000000002320817360400001010570004300004300004300000000000000000000100000001000000860270260000097796000000856502600000977960000008565000000000000000000000000000000000000000000000000006360010800570191730002063000000
002011066763130300104088531465000000000030115436240400001005380004300004300004300000000000000000000100000001000000860270260000097796000000856502600000977960000008565000000000000000000000000000000000000000000000000006360010800570191730002063000000
002011066763157600104163713707000000000017798464720400001088530004300004300004300000000000000000000100000001000000860270260000097796000000856502600000977960000008565000000000000000000000000000000000000000000000000006360010800570191730002063000000
00300101000030000300012900000086027026000009779600000085650260000097796000000856506676316000000
00300104000010000600025800000086027026000009779600000085650260000097796000000856506676316000000
001001026000008602700406676316000260000097796000000856502600000977960000008565020360458100100010000
001001026000008602700506676316070260000097796000000856502600000977960000008565020360458100100010000
00200306676316800030400517702500000000003571606614080000300409000430000000000000000000010000000100000086027026000009779600000085650260000097796000000856500000000000000000000006360010800570191730002063000000
00200306676316930030400453998500000000001109953530080000302348000430000000000000000000010000000100000086027026000009779600000085650260000097796000000856500000000000000000000006360010800570191730002063000000
00200306676318300150300149015200000000003360941003061201503775000430000000000000000000010000000100000086027026000009779600000085650260000097796000000856500000000000000000000006360010800570191730002063000000
0020020667631842003010010501740000000000267880366701000030000000043000000000043000000001000000010000008602702600000977960000008565026000009779600000085650063600108005701917300020630000
002011066763194300104089822961000000000018391071440400001001710004300004300004300000000000000000000100000001000000860270260000097796000000856502600000977960000008565000000000000000000000000000000000000000000000000006360010800570191730002063000000
00200306676319810150300326805800000000001982802562061201500100000430000000000000000000010000000100000086027026000009779600000085650260000097796000000856500000000000000000000006360010800570191730002063000000
0020020667632087003010010501740000000000267880366701000030000000043000000000043000000001000000010000008602702600000977960000008565026000009779600000085650063600108005701917300020630000
00200306676323430030400497003100000000003533307942080000303183000430000000000000000000010000000100000086027026000009779600000085650260000097796000000856500000000000000000000006360010800570191730002063000000
002011066763252700104088858456000000000029328574160400001005960004300004300004300000000000000000000100000001000000860270260000097796000000856502600000977960000008565000000000000000000000000000000000000000000000000006360010800570191730002063000000
0020020667632549003010010501740000000000267880366701000030000000043000000000043000000001000000010000008602702600000977960000008565026000009779600000085650063600108005701917300020630000
0020020667632554003010010501740000000000267880366701000030000000043000000000043000000001000000010000008602702600000977960000008565026000009779600000085650063600108005701917300020630000
0020020667632558003010010501740000000000267880366701000030000000043000000000043000000001000000010000008602702600000977960000008565026000009779600000085650063600108005701917300020630000
0020020667632572003010010501740000000000267880366701000030000000043000000000043000000001000000010000008602702600000977960000008565026000009779600000085650063600108005701917300020630000
005001066763277400104150940221000000000023811715281023001002300000
002011066763277800104150940221000000000023811715280400001002530004300004300004300000000000000000000100000001000000860270260000097796000000856502600000977960000008565000000000000000000000000000000000000000000000000006360010800570191730002063000000
002011066763285500104083994921000000000009384597200400001008420004300004300004300000000000000000000100000001000000860270260000097796000000856502600000977960000008565000000000000000000000000000000000000000000000000006360010800570191730002063000000
0020020667632861003010010501740000000000267880366701000030000000043000000000043000000001000000010000008602702600000977960000008565026000009779600000085650063600108005701917300020630000
0020020667633004003010010501740000000000267880366701000030000000043000000000043000000001000000010000008602702600000977960000008565026000009779600000085650063600108005701917300020630000
0020020667633008003010010501740000000000267880366701000030000000043000000000043000000001000000010000008602702600000977960000008565026000009779600000085650063600108005701917300020630000
00200306676333580030400251031900000000003415683236080000304004000430000000000000000000010000000100000086027026000009779600000085650260000097796000000856500000000000000000000006360010800570191730002063000000
00200306676338930030400509147300000000000873165753080000300451000430000000000000000000010000000100000086027026000009779600000085650260000097796000000856500000000000000000000006360010800570191730002063000000
00200306676339070030400427781600000000002679621107080000302242000430000000000000000000010000000100000086027026000009779600000085650260000097796000000856500000000000000000000006360010800570191730002063000000
005001066763448700301001050174000000000026788036670001003000150000
005001066763449000301001050174000000000026788036671011003000150000
00300108000030000600000000000086027026000009779600000085650260000097796000000856506676344940000
00300106120150000200000000000086027026000009779600000085650260000097796000000856506676344940000
00300101000030000900038700000086027026000009779600000085650260000097796000000856506676344940000
00300104000010000400017200000086027026000009779600000085650260000097796000000856506676344940000
001001026000008602700406676344940260000097796000000856502600000977960000008565020360458100100110000
001001026000008602700506676352550260000097796000000856502600000977960000008565020360458100100110000
002011066763526900104166345741000000000024430810320400001012550004300004300003200000000000000000000100000001000000860270260000097796000000856502600000977960000008565000000000000000000000000000000000000000000000000006360010800570191730002063000000
002011066763526900104166345741000000000024430810320400001012550004300004300001100000000000000000000100000001000000860270260000097796000000856502600000977960000008565000000000000000000000000000000000000000000000000006360010800570191730002063000000
0020020667636175003010010501740000000000267880366701000030000000043000000000043000000001000000010000008602702600000977960000008565026000009779600000085650063600108005701917300020630000
002011066763650600104152808558000000000024904238800400001064100004300004300004300000000000000000000100000001000000860270260000097796000000856502600000977960000008565000000000000000000000000000000000000000000000000006360010800570191730002063000000
00200306676366600030400423163800000000002447072181080000301237000430000000000000000000010000000100000086027026000009779600000085650260000097796000000856500000000000000000000006360010800570191730002063000000
0020020667636681003010010501740000000000267880366701000030000000043000000000043000000001000000010000008602702600000977960000008565026000009779600000085650063600108005701917300020630000
00200306676366860030400488560300000000000454412777080000300524000430000000000000000000010000000100000086027026000009779600000085650260000097796000000856500000000000000000000006360010800570191730002063000000
00200306676368180030400453256500000000001109424394080000301030000430000000000000000000010000000100000086027026000009779600000085650260000097796000000856500000000000000000000006360010800570191730002063000000
00200306676368290030400362010100000000003390333094080000303260000430000000000000000000010000000100000086027026000009779600000085650260000097796000000856500000000000000000000006360010800570191730002063000000
00300104000010000200008600000086027026000009779600000085650260000097796000000856506676368420000
00300101000030000200008600000086027026000009779600000085650260000097796000000856506676368420000
00300108000030000400000000000086027026000009779600000085650260000097796000000856506676368420000
001001026000008602700406676368420260000097796000000856502600000977960000008565020360458100100010000
001001026000008602700506676368490260000097796000000856502600000977960000008565020360458100100010000
00200306676369600030400300496400000000002070303292080000302085000430000000000000000000010000000100000086027026000009779600000085650260000097796000000856500000000000000000000006360010800570191730002063000000
005001066763697800304003004964000000000020703032920800003001170000
044001066763698800304003004964000000000020703032920800003020850000
002011066763720300104150644108000000000025864256720400001003000004300004300004300000000000000000000100000001000000860270260000097796000000856502600000977960000008565000000000000000000000000000000000000000000000000006360010800570191730002063000000
002011066763743800104156601931000000000026816128720400001000710004300004300004300000000000000000000100000001000000860270260000097796000000856502600000977960000008565000000000000000000000000000000000000000000000000006360010800570191730002063000000
0020020667637497003010010501740000000000267880366701000030000000043000000000043000000001000000010000008602702600000977960000008565026000009779600000085650063600108005701917300020630000
0020020667637514003010010501740000000000267880366701000030000000043000000000043000000001000000010000008602702600000977960000008565026000009779600000085650063600108005701917300020630000
00200306676375190030400452964500000000001109641770080000302992000430000000000000000000010000000100000086027026000009779600000085650260000097796000000856500000000000000000000006360010800570191730002063000000
002011066763770300104086161016000000000015778125520400001004270004300004300004300000000000000000000100000001000000860270260000097796000000856502600000977960000008565000000000000000000000000000000000000000000000000006360010800570191730002063000000
002011066763776400104088858502000000000029339897040400001002160004300004300004300000000000000000000100000001000000860270260000097796000000856502600000977960000008565000000000000000000000000000000000000000000000000006360010800570191730002063000000
00200306676377760150300328588200000000000872221897061201500140000430000000000000000000010000000100000086027026000009779600000085650260000097796000000856500000000000000000000006360010800570191730002063000000
0020020667638020003010010501740000000000267880366701000030000000043000000000043000000001000000010000008602702600000977960000008565026000009779600000085650063600108005701917300020630000
0020020667638133003010010501740000000000267880366701000030000000043000000000043000000001000000010000008602702600000977960000008565026000009779600000085650063600108005701917300020630000
002011066763822400104157072266000000000028488638160400001024310004300004300004300000000000000000000100000001000000860270260000097796000000856502600000977960000008565000000000000000000000000000000000000000000000000006360010800570191730002063000000
0020020667638231003010010501740000000000267880366701000030000000043000000000043000000001000000010000008602702600000977960000008565026000009779600000085650063600108005701917300020630000
0020020667638241003010010501740000000000267880366701000030000000043000000000043000000001000000010000008602702600000977960000008565026000009779600000085650063600108005701917300020630000
00200306676389740030400388102700000000003443026571080000308144000430000000000000000000010000000100000086027026000009779600000085650260000097796000000856500000000000000000000006360010800570191730002063000000
00300108000030000300000000000086027026000009779600000085650260000097796000000856506676402220000
00300104000010000500021500000086027026000009779600000085650260000097796000000856506676402220000
00300101000030000600025800000086027026000009779600000085650260000097796000000856506676402220000
00300106120150000100000000000086027026000009779600000085650260000097796000000856506676402220000
001001026000008602700406676402220260000097796000000856502600000977960000008565020360458100100110000
001001026000008602700506676402290260000097796000000856502600000977960000008565020360458100100110000
002011066764023800104088128113000000000016741957840400001004080004300004300004300000000000000000000100000001000000860270260000097796000000856502600000977960000008565000000000000000000000000000000000000000000000000006360010800570191730002063000000
0020020667640274003010010501740000000000267880366701000030000000043000000000043000000001000000010000008602702600000977960000008565026000009779600000085650063600108005701917300020630000
0020020667640991003010010501740000000000267880366701000030000000043000000000043000000001000000010000008602702600000977960000008565026000009779600000085650063600108005701917300020630000
0020020667641002003010010501740000000000267880366701000030000000043000000000043000000001000000010000008602702600000977960000008565026000009779600000085650063600108005701917300020630000
0020020667641353003010010501740000000000267880366701000030000000043000000000043000000001000000010000008602702600000977960000008565026000009779600000085650063600108005701917300020630000
00200306676416300030400444172100000000002680029651080000302416000430000000000000000000010000000100000086027026000009779600000085650260000097796000000856500000000000000000000006360010800570191730002063000000
00200306676416380030400300456500000000002133054188080000303343000430000000000000000000010000000100000086027026000009779600000085650260000097796000000856500000000000000000000006360010800570191730002063000000
00200306676417280030400499481100000000003533295158080000301085000430000000000000000000010000000100000086027026000009779600000085650260000097796000000856500000000000000000000006360010800570191730002063000000
0020020667641784003010010501740000000000267880366701000030000000043000000000043000000001000000010000008602702600000977960000008565026000009779600000085650063600108005701917300020630000
0020020667641788003010010501740000000000267880366701000030000000043000000000043000000001000000010000008602702600000977960000008565026000009779600000085650063600108005701917300020630000
005001066764186800104088858502000000000029339897040400001000800000
0020020667641951003010010501740000000000267880366701000030000000043000000000043000000001000000010000008602702600000977960000008565026000009779600000085650063600108005701917300020630000
0020020667641962003010010501740000000000267880366701000030000000043000000000043000000001000000010000008602702600000977960000008565026000009779600000085650063600108005701917300020630000
00300104000010000100004300000086027026000009779600000085650260000097796000000856506676420890000
00300101000030000800034400000086027026000009779600000085650260000097796000000856506676420890000
00300108000030000300000000000086027026000009779600000085650260000097796000000856506676420890000
001001026000008602700406676420890260000097796000000856502600000977960000008565020360458100100010000
001001026000008602700506676420960260000097796000000856502600000977960000008565020360458100100010000
002011066764225400109006939091000000000009117566160100001019600004300004300004300000000000000000000100000001000000860270260000097796000000856502600000977960000008565000000000000000000000000000000000000000000000000006360010800570191730002063000000
00200306676423510030400535714700000000001983158546080000300003000430000000000000000000010000000100000086027026000009779600000085650260000097796000000856500000000000000000000006360010800570191730002063000000
00200306676423640030400446045900000000003413242740080000303204000430000000000000000000010000000100000086027026000009779600000085650260000097796000000856500000000000000000000006360010800570191730002063000000
00200306676423810030400422610300000000002659892035080000306291000430000000000000000000010000000100000086027026000009779600000085650260000097796000000856500000000000000000000006360010800570191730002063000000
002011066764243600109006936181000000000010922263760100001027220004300004300004300000000000000000000100000001000000860270260000097796000000856502600000977960000008565000000000000000000000000000010000000000000000000206360010800570191730002063000000
0020020667642522003010010501740000000000267880366701000030000000043000000000043000000001000000010000008602702600000977960000008565026000009779600000085650063600108005701917300020630000
0020020667642529003010010501740000000000267880366701000030000000043000000000043000000001000000010000008602702600000977960000008565026000009779600000085650063600108005701917300020630000
0020020667642904003010010501740000000000267880366701000030000000043000000000043000000001000000010000008602702600000977960000008565026000009779600000085650063600108005701917300020630000
002011066764334300104157073637000000000024835868880400001013440004300004300004300000000000000000000100000001000000860270260000097796000000856502600000977960000008565000000000000000000000000000000000000000000000000006360010800570191730002063000000
00300101000010000200008600000086027026000009779600000085650260000097796000000856506676444700000
00300108000030000300000000000086027026000009779600000085650260000097796000000856506676444700000
00300101000030000300012900000086027026000009779600000085650260000097796000000856506676444700000
00300104000010000100004300000086027026000009779600000085650260000097796000000856506676444700000
001001026000008602700406676444700260000097796000000856502600000977960000008565020360458100100110000
001001026000008602700506676453910260000097796000000856502600000977960000008565020360458100100110000
0020020667645431003010010501740000000000267880366701000030000000043000000000043000000001000000010000008602702600000977960000008565026000009779600000085650063600108005701917300020630000
005001066764543600304004308053000000000025169841220000000000150000
00200306676454370030400430805300000000002516984122080000304306000430000000000000000000010000000100000086027026000009779600000085650260000097796000000856500000000000000000000006360010800570191730002063000000
0020020667645462003010010501740000000000267880366701000030000000043000000000043000000001000000010000008602702600000977960000008565026000009779600000085650063600108005701917300020630000
0020020667645472003010010501740000000000267880366701000030000000043000000000043000000001000000010000008602702600000977960000008565026000009779600000085650063600108005701917300020630000
0020020667646076003010010501740000000000267880366701000030000000043000000000043000000001000000010000008602702600000977960000008565026000009779600000085650063600108005701917300020630000
0020020667646144003010010501740000000000267880366701000030000000043000000000043000000001000000010000008602702600000977960000008565026000009779600000085650063600108005701917300020630000
0020020667646553003010010501740000000000267880366701000030000000043000000000043000000001000000010000008602702600000977960000008565026000009779600000085650063600108005701917300020630000
0020020667646690003010010501740000000000267880366701000030000000043000000000043000000001000000010000008602702600000977960000008565026000009779600000085650063600108005701917300020630000
0020020667646934003010010501740000000000267880366701000030000000043000000000043000000001000000010000008602702600000977960000008565026000009779600000085650063600108005701917300020630000
005001066764699901503001731291000000000033851877020614015000840000
00200306676469990150300173129100000000003385187702061301501924000430000000000000000000010000000100000086027026000009779600000085650260000097796000000856500000000000000000000006360010800570191730002063000000
0020020667647010015030017312910000000000338518770206140150189200043000000000000000000001000000010000008602702600000977960000008565026000009779600000085650063600108005701917300020630000
0020020667647127003010010501740000000000267880366701000030000000043000000000043000000001000000010000008602702600000977960000008565026000009779600000085650063600108005701917300020630000
0020020667647286003010010501740000000000267880366701000030000000043000000000043000000001000000010000008602702600000977960000008565026000009779600000085650063600108005701917300020630000
005001066764730100301001050174000000000026788036671011003000150000
00300101000030001000043000000086027026000009779600000085650260000097796000000856506676473100000
00300108000030000100000000000086027026000009779600000085650260000097796000000856506676473100000
00300106130150000100000000000086027026000009779600000085650260000097796000000856506676473100000
00300106140150000100000000000086027026000009779600000085650260000097796000000856506676473100000
001001026000008602700406676473100260000097796000000856502600000977960000008565020360458100100010000
001001026000008602700506676473180260000097796000000856502600000977960000008565020360458100100010000
002011066764752400104156366398000000000027559690960400001000550004300004300004300000000000000000000100000001000000860270260000097796000000856502600000977960000008565000000000000000000000000000000000000000000000000006360010800570191730002063000000
0020020667647654003010010501740000000000267880366701000030000000043000000000043000000001000000010000008602702600000977960000008565026000009779600000085650063600108005701917300020630000
0020020667647659003010010501740000000000267880366701000030000000043000000000043000000001000000010000008602702600000977960000008565026000009779600000085650063600108005701917300020630000
0020020667647669003010010501740000000000267880366701000030000000043000000000043000000001000000010000008602702600000977960000008565026000009779600000085650063600108005701917300020630000
0020020667647680003010010501740000000000267880366701000030000000043000000000043000000001000000010000008602702600000977960000008565026000009779600000085650063600108005701917300020630000
0020020667647928003010010501740000000000267880366701000030000000043000000000043000000001000000010000008602702600000977960000008565026000009779600000085650063600108005701917300020630000
0020020667648007003010010501740000000000267880366701000030000000043000000000043000000001000000010000008602702600000977960000008565026000009779600000085650063600108005701917300020630000
0020020667648086003010010501740000000000267880366701000030000000043000000000043000000001000000010000008602702600000977960000008565026000009779600000085650063600108005701917300020630000
0020020667648564003010010501740000000000267880366701000030000000043000000000043000000001000000010000008602702600000977960000008565026000009779600000085650063600108005701917300020630000
002011066764894100104081128991000000000013990061850400001007910004300004300004300000000000000000000100000001000000860270260000097796000000856502600000977960000008565000000000000000000000019300000000000000000000000006360010800570191730002063000000
00300104000010000200008600000086027026000009779600000085650260000097796000000856506676497150000
00300101000030000800034400000086027026000009779600000085650260000097796000000856506676497150000
001001026000008602700406676497150260000097796000000856502600000977960000008565020360458100100110000
001001026000008602700306676497350260000097796000000856502600000977960000008565020360458100100110000
02000100106676497460030100105017400000000002678803667026000009779600000085650093401000008602702600000977960000008565026000009779600000085650000
0210010300260000086027026000009779600000085650260000097796000000856506676497460000
0210010400510000086027026000009779600000085650260000097796000000856506676497460000
0210010900030000086027026000009779600000085650260000097796000000856506676497460000
0210011000040000086027026000009779600000085650260000097796000000856506676497460000
0210011100020000086027026000009779600000085650260000097796000000856506676497460000
0210011200020000086027026000009779600000085650260000097796000000856506676497460000
0210011800080000086027026000009779600000085650260000097796000000856506676497460000
0210012500040000086027026000009779600000085650260000097796000000856506676497460000
010001001026000009779600000085650000086027066764974600500000
005001066764974800000000000000000000000026788036670000000000150000
005001066764976800301001050174000000000026788036671023003000150000
001001026000008602700206676497890260000097796000000856500000000000000000000000020360458100100110000
010001001026000009779600000085650000086027066764979800400000
001001026000008602700106676498030000000097796000000000000000000000000000000000020360458100100110000
03400667620100000008602700005C06676201000667623756000008602704581I0000097796000009779601000004000043000000000100000001040000021000430000000001000000010613000030000000000000010000000108000001700000000000000100000001
03400667624127000008602700005C06676241270667625984000008602704581V000009779600000977960100000250004300000000010000000104000000900043000000000100000001040000001000000100000001000000010800000090000000000000010000000108000000900000000000000100000001
