1000020260000086139003025243604634340004110028330000
005001066761901300301001011179000000000039524863300000000000150000
005001066761901500301001011179000000000039524863301008003000150000
005001066761902000301001011179000000000039524863301007003000150000
005001066761905800301001011179000000000039524863301000003002170000
005001066761905800301001011179000000000039524863300700003000150000
001001026000008613900206676193650000000088086000000000000000000000000000000000000000000000000000000
005001066761937400301001011179000000000039524863301011003000150000
010001001026000008808600000064270000086139066761938000100000
0350010667619391395248630000120500000001010000
010001001026000008808600000064270000086139066761939300200000
001001026000008613900306676193980260000088086000000642702600000880860000006427000000000000000010000
001001026000008613900406676206210260000088086000000642702600000880860000006427020290457400100010000
005001066762062300301001011179000000000039524863300400001000150000
001001026000008613900506676206300260000088086000000642702600000880860000006427020290457400100010000
005001066762090300301001011179000000000039524863300400001000150000
005001066762090400301001011179000000000039524863301008003000150000
005001066762090500301001011179000000000039524863300400001000150000
001001026000008613900406676209090260000088086000000642702600000880860000006427020290457400100110000
005001066762091000301001011179000000000039524863300400001000150000
001001026000008613900306676209140260000088086000000642702600000880860000006427020290457400100110000
010001001026000008808600000064270000086139066762092100500000
001001026000008613900206676209250260000088086000000642700000000000000000000000020290457400100110000
010001001026000008808600000064270000086139066762093300400000
001001026000008613900106676209400000000088086000000000000000000000000000000000020290457400100110000
