1000020260000086220003025243604634338616660043130000
001001026000008622000206676376330000000099841000000000000000000000000000000000000000000000000000000
010001001026000009984100000087550000086220066763765000100000
0350010667637663267888220000076400000001010000
010001001026000009984100000087550000086220066763766500200000
001001026000008622000306676376740260000099841000000875502600000998410000008755000000000000000010000
001001026000008622000406676376830260000099841000000875502600000998410000008755020350458000100110000
001001026000008622000506676390330260000099841000000875502600000998410000008755020350458000100110000
0020020667639235003010010730930000000000267888229101000030000000055500000000055500000001000000010000008622002600000998410000008755026000009984100000087550025243604634338616660043130000
0020020667639699003010010730930000000000267888229101000030000000055500000000055500000001000000010000008622002600000998410000008755026000009984100000087550025243604634338616660043130000
002011066763986700104152398091000000000025256338640400001001550005550005550005550000000000000000000100000001000000862200260000099841000000875502600000998410000008755000000000000000000000000000000000000000000000000002524360463433861666004313000000
0020020667639942003010010730930000000000267888229101000030000000055500000000055500000001000000010000008622002600000998410000008755026000009984100000087550025243604634338616660043130000
0020020667639981003010010730930000000000267888229101000030000000055500000000055500000001000000010000008622002600000998410000008755026000009984100000087550025243604634338616660043130000
0020020667640386003010010730930000000000267888229101000030000000055500000000055500000001000000010000008622002600000998410000008755026000009984100000087550025243604634338616660043130000
00200306676406460030400398226500000000003442615787080000305877000555000000000000000000010000000100000086220026000009984100000087550260000099841000000875500000000000000000000002524360463433861666004313000000
0020020667640657003010010730930000000000267888229101000030000000055500000000055500000001000000010000008622002600000998410000008755026000009984100000087550025243604634338616660043130000
002011066764072600104087126133000000000016616305360400001004370005550005550004600004600008550000000100000001000000862200260000099841000000875502600000998410000008755100000000000000000000300000000000000000000000000002524360463433861666004313000000
0020020667640813003010010730930000000000267888229101000030000000055500000000055500000001000000010000008622002600000998410000008755026000009984100000087550025243604634338616660043130000
00200306676410760030400428579700000000002679629747080000301904000555000000000000000000010000000100000086220026000009984100000087550260000099841000000875500000000000000000000002524360463433861666004313000000
0020020667641253003010010730930000000000267888229101000030000000055500000000055500000001000000010000008622002600000998410000008755026000009984100000087550025243604634338616660043130000
00200306676414070030400366746700000000003933923285080000304271000555000000000000000000010000000100000086220026000009984100000087550260000099841000000875500000000000000000000002524360463433861666004313000000
0020020667641424003010010730930000000000267888229101000030000000055500000000055500000001000000010000008622002600000998410000008755026000009984100000087550025243604634338616660043130000
002011066764170600104080324711000000000006507162890400001008860005550005550005550000000000000000000100000001000000862200260000099841000000875502600000998410000008755000000000000000000000019300000000000000000000000002524360463433861666004313000000
0020020667641856003010010730930000000000267888229101000030000000055500000000055500000001000000010000008622002600000998410000008755026000009984100000087550025243604634338616660043130000
00300101000030001000055500000086220026000009984100000087550260000099841000000875506676426490000
00300104000010000300016650000086220026000009984100000087550260000099841000000875506676426490000
00300108000030000300000000000086220026000009984100000087550260000099841000000875506676426490000
001001026000008622000406676426490260000099841000000875502600000998410000008755020350458000100010000
001001026000008622000506676446700260000099841000000875502600000998410000008755020350458000100010000
00200306676448890030100111991300000000000454715657070100301617000555000000000000000000010000000100000086220026000009984100000087550260000099841000000875500000000000000000000002524360463433861666004313000000
002011066764521500104088509087000000000027145465040400001002260005550005550005550000000000000000000100000001000000862200260000099841000000875502600000998410000008755000000000000000000000000000000000000000000000000002524360463433861666004313000000
0020020667645233003010010730930000000000267888229101000030000000055500000000055500000001000000010000008622002600000998410000008755026000009984100000087550025243604634338616660043130000
0020020667645337003010010730930000000000267888229101000030000000055500000000055500000001000000010000008622002600000998410000008755026000009984100000087550025243604634338616660043130000
0020020667645411003010010730930000000000267888229101000030000000055500000000055500000001000000010000008622002600000998410000008755026000009984100000087550025243604634338616660043130000
0020020667645430003010010730930000000000267888229101000030000000055500000000055500000001000000010000008622002600000998410000008755026000009984100000087550025243604634338616660043130000
002011066764573000104151238405000000000023834532560400001001870005550005550005550000000000000000000100000001000000862200260000099841000000875502600000998410000008755000000000000000000000000000000000000000000000000002524360463433861666004313000000
00200306676457470030400484472900000000000323414985080000301872000555000000000000000000010000000100000086220026000009984100000087550260000099841000000875500000000000000000000002524360463433861666004313000000
00200306676457980030400527853100000000001544351698080000300090000555000000000000000000010000000100000086220026000009984100000087550260000099841000000875500000000000000000000002524360463433861666004313000000
0020020667645814003010010730930000000000267888229101000030000000055500000000055500000001000000010000008622002600000998410000008755026000009984100000087550025243604634338616660043130000
0020020667646123003010010730930000000000267888229101000030000000055500000000055500000001000000010000008622002600000998410000008755026000009984100000087550025243604634338616660043130000
0020020667646127003010010730930000000000267888229101000030000000055500000000055500000001000000010000008622002600000998410000008755026000009984100000087550025243604634338616660043130000
005001066764616900301001049737000000000033983678940400001000150000
005001066764617300301001049737000000000033983678940400001000150000
00200306676461740030100104973700000000003398367894070000302572000555000000000000000000010000000100000086220026000009984100000087550260000099841000000875500000000000000000000002524360463433861666004313000000
00200306676461910030400407840600000000000556168627080000303019000555000000000000000000010000000100000086220026000009984100000087550260000099841000000875500000000000000000000002524360463433861666004313000000
0020020667646214003010010730930000000000267888229101000030000000055500000000055500000001000000010000008622002600000998410000008755026000009984100000087550025243604634338616660043130000
00200306676462200030400468119600000000002523760154080000303051000555000000000000000000010000000100000086220026000009984100000087550260000099841000000875500000000000000000000002524360463433861666004313000000
002011066764650200104149935773000000000025686464720400001000120005550005550005550000000000000000000100000001000000862200260000099841000000875502600000998410000008755000000000000000000000000000000000000000000000000002524360463433861666004313000000
0020020667646533003010010730930000000000267888229101000030000000055500000000055500000001000000010000008622002600000998410000008755026000009984100000087550025243604634338616660043130000
00200306676466590030400501137200000000003533902854080000301724000555000000000000000000010000000100000086220026000009984100000087550260000099841000000875500000000000000000000002524360463433861666004313000000
005001066764673800301001159095000000000035697672700400001000150000
005001066764674100301001159095000000000035697672700400001000150000
00200306676467430030100115909500000000003569767270070000300250000555000000000000000000010000000100000086220026000009984100000087550260000099841000000875500000000000000000000002524360463433861666004313000000
005001066764675300301001080642000000000026381860930400001000150000
005001066764675600301001080642000000000026381860930400001000150000
00200306676467580030100108064200000000002638186093070000301792000555000000000000000000010000000100000086220026000009984100000087550260000099841000000875500000000000000000000002524360463433861666004313000000
005001066764678500301000955335000000000037311396910400001000150000
005001066764678900301000955335000000000037311396910400001000150000
00200306676467900030100095533500000000003731139691070000304242000555000000000000000000010000000100000086220026000009984100000087550260000099841000000875500000000000000000000002524360463433861666004313000000
002011066764685800104089294076000000000034893663440400001002310005550005550005550000000000000000000100000001000000862200260000099841000000875502600000998410000008755000000000000000000000000000000000000000000000000002524360463433861666004313000000
0020020667646876003010010730930000000000267888229101000030000000055500000000055500000001000000010000008622002600000998410000008755026000009984100000087550025243604634338616660043130000
005001066764743400104086617818000000000017257790161022001000150000
005001066764743700104086617818000000000017257790161023001002310000
002011066764744000104086617818000000000017257790160400001004790005550005550005550000000000000000000100000001000000862200260000099841000000875502600000998410000008755000000000000000000000000000000000000000000000000002524360463433861666004313000000
00300107010030000100000000000086220026000009984100000087550260000099841000000875506676480770000
00300104000010000500027750000086220026000009984100000087550260000099841000000875506676480770000
00300101000030001000055500000086220026000009984100000087550260000099841000000875506676480770000
00300108000030000500000000000086220026000009984100000087550260000099841000000875506676480770000
00300107000030000400000000000086220026000009984100000087550260000099841000000875506676480770000
001001026000008622000406676480770260000099841000000875502600000998410000008755020350458000100110000
001001026000008622000506676485750260000099841000000875502600000998410000008755020350458000100110000
0020020667648580003010010730930000000000267888229101000030000000055500000000055500000001000000010000008622002600000998410000008755026000009984100000087550025243604634338616660043130000
002011066764858400109128362309000000000005873250000100001003950005550005550000000000000008550000000100000001000000862200260000099841000000875502600000998410000008755100000000000000000000300000000000000000000000000002524360463433861666004313000000
00200306676487410030400519217200000000003572346278080000300290000555000000000000000000010000000100000086220026000009984100000087550260000099841000000875500000000000000000000002524360463433861666004313000000
00200306676488060030400507945700000000000871892281080000300644000555000000000000000000010000000100000086220026000009984100000087550260000099841000000875500000000000000000000002524360463433861666004313000000
00200306676492390030400475609900000000001548169858080000300611000555000000000000000000010000000100000086220026000009984100000087550260000099841000000875500000000000000000000002524360463433861666004313000000
00200306676492560030400418581400000000002552823418080000303263000555000000000000000000010000000100000086220026000009984100000087550260000099841000000875500000000000000000000002524360463433861666004313000000
0020020667649809003010010730930000000000267888229101000030000000055500000000055500000001000000010000008622002600000998410000008755026000009984100000087550025243604634338616660043130000
00200306676499020030400452418100000000001110182746080000302914000555000000000000000000010000000100000086220026000009984100000087550260000099841000000875500000000000000000000002524360463433861666004313000000
00300101000030000200011100000086220026000009984100000087550260000099841000000875506676514230000
00300101000010000100005550000086220026000009984100000087550260000099841000000875506676514230000
00300108000030000500000000000086220026000009984100000087550260000099841000000875506676514230000
001001026000008622000406676514230260000099841000000875502600000998410000008755020350458000100010000
001001026000008622000506676534090260000099841000000875502600000998410000008755020350458000100010000
0020020667653432003010010730930000000000267888229101000030000000055500000000055500000001000000010000008622002600000998410000008755026000009984100000087550025243604634338616660043130000
0020020667653508003010010730930000000000267888229101000030000000055500000000055500000001000000010000008622002600000998410000008755026000009984100000087550025243604634338616660043130000
002011066765366400104087549395000000000016790984400400001002880005550005550005550000000000000000000100000001000000862200260000099841000000875502600000998410000008755000000000000000000000000000000000000000000000000002524360463433861666004313000000
002011066765379600104089552946000000000027161147600400001002630005550005550005550000000000000000000100000001000000862200260000099841000000875502600000998410000008755000000000000000000000000000000000000000000000000002524360463433861666004313000000
002011066765380800104152074971000000000024554524880400001001320005550005550005550000000000000000000100000001000000862200260000099841000000875502600000998410000008755000000000000000000000000000000000000000000000000002524360463433861666004313000000
0020020667653869003010010730930000000000267888229101000030000000055500000000055500000001000000010000008622002600000998410000008755026000009984100000087550025243604634338616660043130000
002011066765395900104167161628000000000023212578000400001005540005550005550005550000000000000000000100000001000000862200260000099841000000875502600000998410000008755000000000000000000000000000000000000000000000000002524360463433861666004313000000
002011066765396600104167160834000000000023170652880400001003570005550005550005550000000000000000000100000001000000862200260000099841000000875502600000998410000008755000000000000000000000000000000000000000000000000002524360463433861666004313000000
00200306676544930030400394300600000000000958390187080000302015000555000000000000000000010000000100000086220026000009984100000087550260000099841000000875500000000000000000000002524360463433861666004313000000
005001066765452800305000281086000000000021860587750710003001360000
002011066765452800305000281086000000000021860587750400001025540005550005550005550000000000000000000100000001000000862200260000099841000000875502600000998410000008755000000000000000000000000000000000000000000000000002524360463433861666004313000000
002011066765479800104157962539000000000025624272080400001019730005550005550005550000000000000000000100000001000000862200260000099841000000875502600000998410000008755000000000000000000000000000000000000000000000000002524360463433861666004313000000
002011066765628600104151416443000000000023862503120400001002650005550005550005550000000000000000000100000001000000862200260000099841000000875502600000998410000008755000000000000000000000000000000000000000000000000002524360463433861666004313000000
00300101000030000300016650000086220026000009984100000087550260000099841000000875506676568040000
00300104000010000800044400000086220026000009984100000087550260000099841000000875506676568040000
00300108000030000100000000000086220026000009984100000087550260000099841000000875506676568040000
001001026000008622000406676568040260000099841000000875502600000998410000008755020350458000100110000
001001026000008622000306676568090260000099841000000875502600000998410000008755020350458000100110000
02000100106676571250030100107309300000000002678882291026000009984100000087550076401000008622002600000998410000008755026000009984100000087550000
0210010300140000086220026000009984100000087550260000099841000000875506676571250000
0210010400250000086220026000009984100000087550260000099841000000875506676571250000
0210010800050000086220026000009984100000087550260000099841000000875506676571250000
0210012500040000086220026000009984100000087550260000099841000000875506676571250000
010001001026000009984100000087550000086220066765712500500000
001001026000008622000206676571530260000099841000000875500000000000000000000000020350458000100110000
010001001026000009984100000087550000086220066765716100400000
001001026000008622000106676571670000000099841000000000000000000000000000000000020350458000100110000
03400667644670000008622000005C06676446700667648077000008622004580I000009984100000998410100000130005550000000010000000104000001300055500000000100000001070000004000000000000001000000010701000010000000000000010000000108000000600000000000000100000001
03400667639033000008622000005C06676390330667642649000008622004580V0000099841000009984101000001200055500000000100000001040000001000460100000001000000010400000020005550000000010000000108000000800000000000000100000001080000008000000000000001000000010800000080000000000000010000000108000000800000000000000100000001080000008000000000000001000000010800000080000000000000010000000108000000800000000000000100000001080000008000000000000001000000010800000080000000000000010000000108000000800000000000000100000001080000008000000000000001000000010800000080000000000000010000000108000000800000000000000100000001
