1000020260000086238003063600113503259862800019130000
001001026000008623800206676755500000000105439000000000000000000000000000000000020390458400100100000
010001001026000010543900000092380000086238066767555700100000
0350010667675569340860950000029500000002010000
010001001026000010543900000092380000086238066767557100200000
001001026000008623800306676755750260000105439000000923802600001054390000009238020390458400100120000
001001026000008623800406676755820260000105439000000923802600001054390000009238020390458400100020000
001001026000008623800506676755900260000105439000000923802600001054390000009238020390458400100020000
002011066767618400104087731991000000000018083456720400001004930005550005550005550000000000000000000100000001000000862380260000105439000000923802600001054390000009238000000000000000000000000000000000000000000000000006360011350325986280001913000000
002011066767635100104163896313000000000024341842640400001022250005550005550005550000000000000000000100000001000000862380260000105439000000923802600001054390000009238000000000000000000000000000000000000000000000000006360011350325986280001913000000
0020020667676361003010011309250000000000340860957201000030000000055500000000055500000001000000010000008623802600001054390000009238026000010543900000092380063600113503259862800019130000
0020020667677584003010011309250000000000340860957201000030000000055500000000055500000001000000010000008623802600001054390000009238026000010543900000092380063600113503259862800019130000
00200306676776030030400527020300000000001063193794080000300047000555000000000000000000010000000100000086238026000010543900000092380260000105439000000923800000000000000000000006360011350325986280001913000000
0020020667677618003010011309250000000000340860957201000030000000055500000000055500000001000000010000008623802600001054390000009238026000010543900000092380063600113503259862800019130000
00200306676776230030400407957700000000000572133139080000303804000555000000000000000000010000000100000086238026000010543900000092380260000105439000000923800000000000000000000006360011350325986280001913000000
0020020667677636003010011309250000000000340860957201000030000000055500000000055500000001000000010000008623802600001054390000009238026000010543900000092380063600113503259862800019130000
00200306676776680030400279446500000000003413712612080000303766000555000000000000000000010000000100000086238026000010543900000092380260000105439000000923800000000000000000000006360011350325986280001913000000
005001066767775200305000445054000000000002021304340710003001360000
002011066767775300305000445054000000000002021304340400001002670005550005550005550000000000000000000100000001000000862380260000105439000000923802600001054390000009238000000000000000000000019300000000000000000000000006360011350325986280001913000000
00300104000010000300016650000086238026000010543900000092380260000105439000000923806676782350000
00300101000030000400022200000086238026000010543900000092380260000105439000000923806676782350000
00300108000030000300000000000086238026000010543900000092380260000105439000000923806676782350000
001001026000008623800406676782350260000105439000000923802600001054390000009238020390458400100120000
001001026000008623800306676782400260000105439000000923802600001054390000009238020390458400100120000
02000100106676782510030100113092500000000003408609572026000010543900000092380029502000008623802600001054390000009238026000010543900000092380000
0210010300030000086238026000010543900000092380260000105439000000923806676782510000
0210010400030000086238026000010543900000092380260000105439000000923806676782510000
010001001026000010543900000092380000086238066767825100500000
001001026000008623800206676782560260000105439000000923800000000000000000000000020390458400100120000
010001001026000010543900000092380000086238066767826200400000
001001026000008623800106676782670000000105439000000000000000000000000000000000020390458400100120000
03400667675590000008623800005C06676755900667678235000008623804584I00001054390000105439010000004000555000000001000000010400000030005550000000010000000108000000300000000000000100000001
