1000020260000086171003063600108005701961660026720000
001001026000008617100206676585550000000107283000000000000000000000000000000000000000000000000000000
010001001026000010728300000094370000086171066765856300100000
0350010667658575252557830000017800000001010000
010001001026000010728300000094370000086171066765857700200000
001001026000008617100306676585810260000107283000000943702600001072830000009437000000000000000020000
001001026000008617100406676585890260000107283000000943702600001072830000009437020340457900100020000
005001066765859100301001150111000000000002525578330400001000150000
001001026000008617100506676585970260000107283000000943702600001072830000009437020340457900100020000
0020020667658706003010011501110000000000025255783301000030000000043000000000043000000001000000010000008617102600001072830000009437026000010728300000094370063600108005701961660026720000
002011066765872500104085424021000000000019296108240400001009940004300004300004300000000000000000000100000001000000861710260000107283000000943702600001072830000009437000000000000000000000000000000000000000000000000006360010800570196166002672000000
0020020667659154003010011501110000000000025255783301000030000000043000000000043000000001000000010000008617102600001072830000009437026000010728300000094370063600108005701961660026720000
00200306676591780030400430269100000000002679659971080000301947000430000000000000000000010000000100000086171026000010728300000094370260000107283000000943700000000000000000000006360010800570196166002672000000
0020020667659191003010011501110000000000025255783301000030000000043000000000043000000001000000010000008617102600001072830000009437026000010728300000094370063600108005701961660026720000
0020020667659197003010011501110000000000025255783301000030000000043000000000043000000001000000010000008617102600001072830000009437026000010728300000094370063600108005701961660026720000
0020020667659230003010011501110000000000025255783301000030000000043000000000043000000001000000010000008617102600001072830000009437026000010728300000094370063600108005701961660026720000
0020020667659470003010011501110000000000025255783301000030000000043000000000043000000001000000010000008617102600001072830000009437026000010728300000094370063600108005701961660026720000
0020020667659574003010011501110000000000025255783301000030000000043000000000043000000001000000010000008617102600001072830000009437026000010728300000094370063600108005701961660026720000
0020020667659618003010011501110000000000025255783301000030000000043000000000043000000001000000010000008617102600001072830000009437026000010728300000094370063600108005701961660026720000
002011066765972900104164218981000000000024377101520400001035050004300004300004300000000000000000000100000001000000861710260000107283000000943702600001072830000009437000000000000000000000000000000000000000000000000006360010800570196166002672000000
0020020667660058003010011501110000000000025255783301000030000000043000000000043000000001000000010000008617102600001072830000009437026000010728300000094370063600108005701961660026720000
0020020667660075003010011501110000000000025255783301000030000000043000000000043000000001000000010000008617102600001072830000009437026000010728300000094370063600108005701961660026720000
0020020667660176003010011501110000000000025255783301000030000000043000000000043000000001000000010000008617102600001072830000009437026000010728300000094370063600108005701961660026720000
0020020667660186003010011501110000000000025255783301000030000000043000000000043000000001000000010000008617102600001072830000009437026000010728300000094370063600108005701961660026720000
0020020667660272003010011501110000000000025255783301000030000000043000000000043000000001000000010000008617102600001072830000009437026000010728300000094370063600108005701961660026720000
00200306676605420030400508828600000000000872792185080000300351000430000000000000000000010000000100000086171026000010728300000094370260000107283000000943700000000000000000000006360010800570196166002672000000
0020020667660629003010011501110000000000025255783301000030000000043000000000043000000001000000010000008617102600001072830000009437026000010728300000094370063600108005701961660026720000
0020020667660643003010011501110000000000025255783301000030000000043000000000043000000001000000010000008617102600001072830000009437026000010728300000094370063600108005701961660026720000
005001066766094700104084971592000000000014697344720400001000360000
002011066766095100104084971592000000000014697344720400001003930004300004300004300000000000000000000100000001000000861710260000107283000000943702600001072830000009437000000000000000000000000000000000000000000000000006360010800570196166002672000000
002011066766107600104164822348000000000023255987920400001029720004300004300004300000000000000000000100000001000000861710260000107283000000943702600001072830000009437000000000000000000000000000000000000000000000000006360010800570196166002672000000
0020020667661084003010011501110000000000025255783301000030000000043000000000043000000001000000010000008617102600001072830000009437026000010728300000094370063600108005701961660026720000
0020020667661088003010011501110000000000025255783301000030000000043000000000043000000001000000010000008617102600001072830000009437026000010728300000094370063600108005701961660026720000
0020020667661093003010011501110000000000025255783301000030000000043000000000043000000001000000010000008617102600001072830000009437026000010728300000094370063600108005701961660026720000
0020020667661098003010011501110000000000025255783301000030000000043000000000043000000001000000010000008617102600001072830000009437026000010728300000094370063600108005701961660026720000
005001066766120300301001150111000000000002525578330400001000150000
00300101000030001900081700000086171026000010728300000094370260000107283000000943706676612070000
00300104000010000400017200000086171026000010728300000094370260000107283000000943706676612070000
00300108000030000200000000000086171026000010728300000094370260000107283000000943706676612070000
001001026000008617100406676612070260000107283000000943702600001072830000009437020340457900100120000
005001066766120800301001150111000000000002525578330400001000150000
001001026000008617100506676612130260000107283000000943702600001072830000009437020340457900100120000
002011066766124900109076027865000000000030724258000100001001570004300004300004300000000000000000000100000001000000861710260000107283000000943702600001072830000009437000000000000000000000000000000000000000000000000006360010800570196166002672000000
0020020667661262003010011501110000000000025255783301000030000000043000000000043000000001000000010000008617102600001072830000009437026000010728300000094370063600108005701961660026720000
0020020667661272003010011501110000000000025255783301000030000000043000000000043000000001000000010000008617102600001072830000009437026000010728300000094370063600108005701961660026720000
0020020667661284003010011501110000000000025255783301000030000000043000000000043000000001000000010000008617102600001072830000009437026000010728300000094370063600108005701961660026720000
0020020667661515003010011501110000000000025255783301000030000000043000000000043000000001000000010000008617102600001072830000009437026000010728300000094370063600108005701961660026720000
005001066766159201503001683937000000000033853994300614015000840000
00200306676615920150300168393700000000003385399430061301501250000430000000000000000000010000000100000086171026000010728300000094370260000107283000000943700000000000000000000006360010800570196166002672000000
0020020667661608015030016839370000000000338539943006140150094900043000000000000000000001000000010000008617102600001072830000009437026000010728300000094370063600108005701961660026720000
002011066766165300104150892616000000000025789517520400001005440004300004300001750000000000000000000100000001000000861710260000107283000000943702600001072830000009437000000000000000000000000000000000000000000000000006360010800570196166002672000000
002011066766165300104150892616000000000025789517520400001005440004300004300002550000000000000000000100000001000000861710260000107283000000943702600001072830000009437000000000000000000000000000000000000000000000000006360010800570196166002672000000
0020020667661839003010011501110000000000025255783301000030000000043000000000043000000001000000010000008617102600001072830000009437026000010728300000094370063600108005701961660026720000
002011066766210900104084615923000000000018596178640400001005180004300004300004300000000000000000000100000001000000861710260000107283000000943702600001072830000009437000000000000000000000000000000000000000000000000006360010800570196166002672000000
0020020667662479003010011501110000000000025255783301000030000000043000000000043000000001000000010000008617102600001072830000009437026000010728300000094370063600108005701961660026720000
002011066766290700104087877481000000000016626553040400001003320004300004300004300000000000000000000100000001000000861710260000107283000000943702600001072830000009437000000000000000000000000000000000000000000000000006360010800570196166002672000000
005001066766322700301001150111000000000002525578330400001000150000
00300101000010000100004300000086171026000010728300000094370260000107283000000943706676632310000
00300101000030000600025800000086171026000010728300000094370260000107283000000943706676632310000
00300106130150000100000000000086171026000010728300000094370260000107283000000943706676632310000
00300106140150000100000000000086171026000010728300000094370260000107283000000943706676632310000
00300104000010000300012900000086171026000010728300000094370260000107283000000943706676632310000
001001026000008617100406676632310260000107283000000943702600001072830000009437020340457900100020000
005001066766437200301001150111000000000002525578330400001000150000
001001026000008617100506676643780260000107283000000943702600001072830000009437020340457900100020000
0020020667664461003010011501110000000000025255783301000030000000043000000000043000000001000000010000008617102600001072830000009437026000010728300000094370063600108005701961660026720000
0020020667664468003010011501110000000000025255783301000030000000043000000000043000000001000000010000008617102600001072830000009437026000010728300000094370063600108005701961660026720000
0020020667664487003010011501110000000000025255783301000030000000043000000000043000000001000000010000008617102600001072830000009437026000010728300000094370063600108005701961660026720000
00200306676644940030400517775100000000003569363334080000301781000430000000000000000000010000000100000086171026000010728300000094370260000107283000000943700000000000000000000006360010800570196166002672000000
0020020667664516003010011501110000000000025255783301000030000000043000000000043000000001000000010000008617102600001072830000009437026000010728300000094370063600108005701961660026720000
002011066766452100104152096418000000000025769608400400001001450004300004300004300000000000000000000100000001000000861710260000107283000000943702600001072830000009437000000000000000000000000000000000000000000000000006360010800570196166002672000000
0020020667664532003010011501110000000000025255783301000030000000043000000000043000000001000000010000008617102600001072830000009437026000010728300000094370063600108005701961660026720000
00200306676645620030400470971600000000001547879170080000302258000430000000000000000000010000000100000086171026000010728300000094370260000107283000000943700000000000000000000006360010800570196166002672000000
0020020667664572003010011501110000000000025255783301000030000000043000000000043000000001000000010000008617102600001072830000009437026000010728300000094370063600108005701961660026720000
0020020667664581003010011501110000000000025255783301000030000000043000000000043000000001000000010000008617102600001072830000009437026000010728300000094370063600108005701961660026720000
0020020667664586003010011501110000000000025255783301000030000000043000000000043000000001000000010000008617102600001072830000009437026000010728300000094370063600108005701961660026720000
00200306676646180030400439804400000000002679708787080000301482000430000000000000000000010000000100000086171026000010728300000094370260000107283000000943700000000000000000000006360010800570196166002672000000
00200306676646350030400291269700000000002131630060080000302917000430000000000000000000010000000100000086171026000010728300000094370260000107283000000943700000000000000000000006360010800570196166002672000000
00200306676646450030400512989600000000000456068969080000301371000430000000000000000000010000000100000086171026000010728300000094370260000107283000000943700000000000000000000006360010800570196166002672000000
0020020667664663003010011501110000000000025255783301000030000000043000000000043000000001000000010000008617102600001072830000009437026000010728300000094370063600108005701961660026720000
002011066766467100104085693251000000000016842647760400001005110004300004300004300000000000000000000100000001000000861710260000107283000000943702600001072830000009437000000000000000000000000000000000000000000000000006360010800570196166002672000000
0020020667664690003010011501110000000000025255783301000030000000043000000000043000000001000000010000008617102600001072830000009437026000010728300000094370063600108005701961660026720000
00200306676647000030100083875400000000000335147388070100310242000430000000000000000000010000000100000086171026000010728300000094370260000107283000000943700000000000000000000006360010800570196166002672000000
0020020667664837003010011501110000000000025255783301000030000000043000000000043000000001000000010000008617102600001072830000009437026000010728300000094370063600108005701961660026720000
002011066766537400104085527777000000000015759386320400001013800004300004300004300000000000000000000100000001000000861710260000107283000000943702600001072830000009437000000000000000000000000000000000000000000000000006360010800570196166002672000000
0020020667665697003010011501110000000000025255783301000030000000043000000000043000000001000000010000008617102600001072830000009437026000010728300000094370063600108005701961660026720000
00200306676658960030400333601100000000002140746860080000304113000430000000000000000000010000000100000086171026000010728300000094370260000107283000000943700000000000000000000006360010800570196166002672000000
002011066766595800104085856215000000000015723331280400001007500004300004300004300000000000000000000100000001000000861710260000107283000000943702600001072830000009437000000000000000000000000000000000000000000000000006360010800570196166002672000000
0020020667666109003010011501110000000000025255783301000030000000043000000000043000000001000000010000008617102600001072830000009437026000010728300000094370063600108005701961660026720000
002011066766626200104162579179000000000025081646800400001028330004300004300004300000000000000000000100000001000000861710260000107283000000943702600001072830000009437000000000000000000000000000000000000000000000000006360010800570196166002672000000
002011066766626700109015970311000000000032176374480100001001700004300004300000000000000008550000000100000001000000861710260000107283000000943702600001072830000009437100000000000000000000300000000000000000000000000006360010800570196166002672000000
0020020667666352003010011501110000000000025255783301000030000000043000000000043000000001000000010000008617102600001072830000009437026000010728300000094370063600108005701961660026720000
0020020667666545003010011501110000000000025255783301000030000000043000000000043000000001000000010000008617102600001072830000009437026000010728300000094370063600108005701961660026720000
005001066766679700301001150111000000000002525578330400001000150000
00300101000030001500064500000086171026000010728300000094370260000107283000000943706676668000000
00300108000030000600000000000086171026000010728300000094370260000107283000000943706676668000000
00300104000010000500021500000086171026000010728300000094370260000107283000000943706676668000000
00300107010030000100000000000086171026000010728300000094370260000107283000000943706676668000000
00300101000010000100004300000086171026000010728300000094370260000107283000000943706676668000000
001001026000008617100406676668000260000107283000000943702600001072830000009437020340457900100120000
005001066766680300301001150111000000000002525578330400001000150000
001001026000008617100506676668080260000107283000000943702600001072830000009437020340457900100120000
0020020667667949003010011501110000000000025255783301000030000000043000000000043000000001000000010000008617102600001072830000009437026000010728300000094370063600108005701961660026720000
005001066766854400301001150111000000000002525578330400001000150000
00300101000030000100004300000086171026000010728300000094370260000107283000000943706676685480000
001001026000008617100406676685480260000107283000000943702600001072830000009437020340457900100020000
005001066766947500301001150111000000000002525578330400001000150000
001001026000008617100506676694810260000107283000000943702600001072830000009437020340457900100020000
002011066766960000104164719571000000000024280740560400001059060004300004300000000000000008550000000100000001000000861710260000107283000000943702600001072830000009437100000000000000000000300000000000000000000000000006360010800570196166002672000000
0020020667669615003010011501110000000000025255783301000030000000043000000000043000000001000000010000008617102600001072830000009437026000010728300000094370063600108005701961660026720000
0020020667669624003010011501110000000000025255783301000030000000043000000000043000000001000000010000008617102600001072830000009437026000010728300000094370063600108005701961660026720000
0020020667669630003010011501110000000000025255783301000030000000043000000000043000000001000000010000008617102600001072830000009437026000010728300000094370063600108005701961660026720000
0020020667669637003010011501110000000000025255783301000030000000043000000000043000000001000000010000008617102600001072830000009437026000010728300000094370063600108005701961660026720000
0020020667669650003010011501110000000000025255783301000030000000043000000000043000000001000000010000008617102600001072830000009437026000010728300000094370063600108005701961660026720000
002011066766965900104089015746000000000029458240720400001001720004300004300004300000000000000000000100000001000000861710260000107283000000943702600001072830000009437000000000000000000000000000000000000000000000000006360010800570196166002672000000
002011066766967300104156412421000000000027415253200400001016290004300004300004300000000000000000000100000001000000861710260000107283000000943702600001072830000009437000000000000000000000000000000000000000000000000006360010800570196166002672000000
005001066766969500117060670748000000000027341790330100001002410000
002011066766969500117060670748000000000027341790330400001017650004300004300004300000000000000000000100000001000000861710260000107283000000943702600001072830000009437000000000000000000000000000000000000000000000000006360010800570196166002672000000
002011066766970200104088564355000000000027167342800400001003820004300004300004250004250008550000000100000001000000861710260000107283000000943702600001072830000009437100000000000000000000300000000000000000000000000006360010800570196166002672000000
002011066766971300117060306256000000000006407169610400001008570004300004300004300000000000000000000100000001000000861710260000107283000000943702600001072830000009437000000000000000000000000000000000000000000000000006360010800570196166002672000000
002011066766972300104085017302000000000016861768400400001005300004300004300004300000000000000000000100000001000000861710260000107283000000943702600001072830000009437000000000000000000000000000000000000000000000000006360010800570196166002672000000
002011066766988100104087632195000000000017107684560400001006940004300004300004300000000000000000000100000001000000861710260000107283000000943702600001072830000009437000000000000000000000000000000000000000000000000006360010800570196166002672000000
0020020667669973003010011501110000000000025255783301000030000000043000000000043000000001000000010000008617102600001072830000009437026000010728300000094370063600108005701961660026720000
0020020667669982003010011501110000000000025255783301000030000000043000000000043000000001000000010000008617102600001072830000009437026000010728300000094370063600108005701961660026720000
0020020667670105003010011501110000000000025255783301000030000000043000000000043000000001000000010000008617102600001072830000009437026000010728300000094370063600108005701961660026720000
0020020667670231003010011501110000000000025255783301000030000000043000000000043000000001000000010000008617102600001072830000009437026000010728300000094370063600108005701961660026720000
0020020667670612003010011501110000000000025255783301000030000000043000000000043000000001000000010000008617102600001072830000009437026000010728300000094370063600108005701961660026720000
002011066767094400104088531465000000000030115436240400001005400004300004300004300000000000000000000100000001000000861710260000107283000000943702600001072830000009437000000000000000000000000000000000000000000000000006360010800570196166002672000000
00200306676711580030400334657100000000000884632419080000303649000430000000000000000000010000000100000086171026000010728300000094370260000107283000000943700000000000000000000006360010800570196166002672000000
0020020667671195003010011501110000000000025255783301000030000000043000000000043000000001000000010000008617102600001072830000009437026000010728300000094370063600108005701961660026720000
00200306676712000030400520690400000000003569305078080000300405000430000000000000000000010000000100000086171026000010728300000094370260000107283000000943700000000000000000000006360010800570196166002672000000
00200306676712140030400530034100000000000252925129080000300268000430000000000000000000010000000100000086171026000010728300000094370260000107283000000943700000000000000000000006360010800570196166002672000000
005001066767162100301001150111000000000002525578330400001000150000
00300104000010000900038700000086171026000010728300000094370260000107283000000943706676716250000
00300101000030001100047300000086171026000010728300000094370260000107283000000943706676716250000
00300108000030000300000000000086171026000010728300000094370260000107283000000943706676716250000
001001026000008617100406676716250260000107283000000943702600001072830000009437020340457900100120000
005001066767162700301001150111000000000002525578330400001000150000
001001026000008617100506676716320260000107283000000943702600001072830000009437020340457900100120000
00200306676716960030400389002600000000003442700219080000303430000430000000000000000000010000000100000086171026000010728300000094370260000107283000000943700000000000000000000006360010800570196166002672000000
002011066767186400104164523774000000000023381182160400001035350004300004300004300000000000000000000100000001000000861710260000107283000000943702600001072830000009437000000000000000000000000000000000000000000000000006360010800570196166002672000000
0020020667672434003010011501110000000000025255783301000030000000043000000000043000000001000000010000008617102600001072830000009437026000010728300000094370063600108005701961660026720000
0020020667672791003010011501110000000000025255783301000030000000043000000000043000000001000000010000008617102600001072830000009437026000010728300000094370063600108005701961660026720000
005001066767322500301001150111000000000002525578330400001000150000
00300108000030000100000000000086171026000010728300000094370260000107283000000943706676732290000
00300104000010000100004300000086171026000010728300000094370260000107283000000943706676732290000
00300101000030000200008600000086171026000010728300000094370260000107283000000943706676732290000
001001026000008617100406676732290260000107283000000943702600001072830000009437020340457900100020000
005001066767451300301001150111000000000002525578330400001000150000
001001026000008617100506676745190260000107283000000943702600001072830000009437020340457900100020000
0020020667674682003010011501110000000000025255783301000030000000043000000000043000000001000000010000008617102600001072830000009437026000010728300000094370063600108005701961660026720000
0020020667674692003010011501110000000000025255783301000030000000043000000000043000000001000000010000008617102600001072830000009437026000010728300000094370063600108005701961660026720000
002011066767470000104160606403000000000024941873360400001049580004300004300004300000000000000000000100000001000000861710260000107283000000943702600001072830000009437000000000000000000000000000000000000000000000000006360010800570196166002672000000
005001066767470500301001164935000000000008919916730400001000150000
005001066767470700301001164935000000000008919916730400001000150000
00200306676747090030100116493500000000000891991673070000300110000430000000000000000000010000000100000086171026000010728300000094370260000107283000000943700000000000000000000006360010800570196166002672000000
0020020667674723003010011501110000000000025255783301000030000000043000000000043000000001000000010000008617102600001072830000009437026000010728300000094370063600108005701961660026720000
0020020667674728003010011501110000000000025255783301000030000000043000000000043000000001000000010000008617102600001072830000009437026000010728300000094370063600108005701961660026720000
0020020667675328003010011501110000000000025255783301000030000000043000000000043000000001000000010000008617102600001072830000009437026000010728300000094370063600108005701961660026720000
0020020667675333003010011501110000000000025255783301000030000000043000000000043000000001000000010000008617102600001072830000009437026000010728300000094370063600108005701961660026720000
0020020667675338003010011501110000000000025255783301000030000000043000000000043000000001000000010000008617102600001072830000009437026000010728300000094370063600108005701961660026720000
00200306676753490030400250340100000000003413784804080000301251000430000000000000000000010000000100000086171026000010728300000094370260000107283000000943700000000000000000000006360010800570196166002672000000
002011066767536200104089807804000000000034950060240400001002150004300004300004300000000000000000000100000001000000861710260000107283000000943702600001072830000009437000000000000000000000000000000000000000000000000006360010800570196166002672000000
0020020667675370003010011501110000000000025255783301000030000000043000000000043000000001000000010000008617102600001072830000009437026000010728300000094370063600108005701961660026720000
002011066767546600104156896214000000000027545214160400001030710004300004300004300000000000000000000100000001000000861710260000107283000000943702600001072830000009437000000000000000000000000000000000000000000000000006360010800570196166002672000000
0020020667675978003010011501110000000000025255783301000030000000043000000000043000000001000000010000008617102600001072830000009437026000010728300000094370063600108005701961660026720000
0020020667676004003010011501110000000000025255783301000030000000043000000000043000000001000000010000008617102600001072830000009437026000010728300000094370063600108005701961660026720000
002011066767604300104152712331000000000027872656080400001012020004300004300000000000000008550000000100000001000000861710260000107283000000943702600001072830000009437100000000000000000000300000000000000000000000000006360010800570196166002672000000
005001066767604800301001160671000000000026719158820400001000150000
005001066767605000301001160671000000000026719158820400001000150000
00200306676760520030100116067100000000002671915882070000300493000430000000000000000000010000000100000086171026000010728300000094370260000107283000000943700000000000000000000006360010800570196166002672000000
0020020667676089003010011501110000000000025255783301000030000000043000000000043000000001000000010000008617102600001072830000009437026000010728300000094370063600108005701961660026720000
0020020667676426003010011501110000000000025255783301000030000000043000000000043000000001000000010000008617102600001072830000009437026000010728300000094370063600108005701961660026720000
002011066767660400117027615407000000000021451559850400001049890004300004300004300000000000000000000100000001000000861710260000107283000000943702600001072830000009437000000000000000000000000000000000000000000000000006360010800570196166002672000000
005001066767680700301001150111000000000002525578330400001000150000
00300101000030001200051600000086171026000010728300000094370260000107283000000943706676768110000
00300104000010000500021500000086171026000010728300000094370260000107283000000943706676768110000
00300107000030000200000000000086171026000010728300000094370260000107283000000943706676768110000
00300108000030000100000000000086171026000010728300000094370260000107283000000943706676768110000
001001026000008617100406676768110260000107283000000943702600001072830000009437020340457900100120000
005001066767681200301001150111000000000002525578330400001000150000
001001026000008617100506676768180260000107283000000943702600001072830000009437020340457900100120000
0020020667676856003010011501110000000000025255783301000030000000043000000000043000000001000000010000008617102600001072830000009437026000010728300000094370063600108005701961660026720000
00200306676769320030400237747300000000003411256084080000302040000430000000000000000000010000000100000086171026000010728300000094370260000107283000000943700000000000000000000006360010800570196166002672000000
0020020667676946003010011501110000000000025255783301000030000000043000000000043000000001000000010000008617102600001072830000009437026000010728300000094370063600108005701961660026720000
0020020667677004003010011501110000000000025255783301000030000000043000000000043000000001000000010000008617102600001072830000009437026000010728300000094370063600108005701961660026720000
0020020667677009003010011501110000000000025255783301000030000000043000000000043000000001000000010000008617102600001072830000009437026000010728300000094370063600108005701961660026720000
0020020667677019003010011501110000000000025255783301000030000000043000000000043000000001000000010000008617102600001072830000009437026000010728300000094370063600108005701961660026720000
0020020667677115003010011501110000000000025255783301000030000000043000000000043000000001000000010000008617102600001072830000009437026000010728300000094370063600108005701961660026720000
002011066767713900109006571469000000000012805241040100001024920004300004300004300000000000000000000100000001000000861710260000107283000000943702600001072830000009437000000000000000000000000000000000000000000000000006360010800570196166002672000000
0020020667677335003010011501110000000000025255783301000030000000043000000000043000000001000000010000008617102600001072830000009437026000010728300000094370063600108005701961660026720000
005001066767734201503003017802000000000010327692960614015000840000
00200306676773420150300301780200000000001032769296061301500905000430000000000000000000010000000100000086171026000010728300000094370260000107283000000943700000000000000000000006360010800570196166002672000000
0020020667677354015030030178020000000000103276929606140150055100043000000000000000000001000000010000008617102600001072830000009437026000010728300000094370063600108005701961660026720000
002011066767736000104088505111000000000030130857680400001003960004300004300004300000000000000000000100000001000000861710260000107283000000943702600001072830000009437000000000000000000000000000000000000000000000000006360010800570196166002672000000
0020020667677447003010011501110000000000025255783301000030000000043000000000043000000001000000010000008617102600001072830000009437026000010728300000094370063600108005701961660026720000
0020020667677453003010011501110000000000025255783301000030000000043000000000043000000001000000010000008617102600001072830000009437026000010728300000094370063600108005701961660026720000
0020020667677464003010011501110000000000025255783301000030000000043000000000043000000001000000010000008617102600001072830000009437026000010728300000094370063600108005701961660026720000
0020020667677479003010011501110000000000025255783301000030000000043000000000043000000001000000010000008617102600001072830000009437026000010728300000094370063600108005701961660026720000
002011066767752400104088763341000000000027860531920400001002680004300004300004300000000000000000000100000001000000861710260000107283000000943702600001072830000009437000000000000000000000000000000000000000000000000006360010800570196166002672000000
005001066767885000301001150111000000000002525578330400001000150000
00300101000030001100047300000086171026000010728300000094370260000107283000000943706676788540000
00300108000030000100000000000086171026000010728300000094370260000107283000000943706676788540000
00300101000010000100004300000086171026000010728300000094370260000107283000000943706676788540000
00300106130150000100000000000086171026000010728300000094370260000107283000000943706676788540000
00300106140150000100000000000086171026000010728300000094370260000107283000000943706676788540000
00300104000010000200008600000086171026000010728300000094370260000107283000000943706676788540000
001001026000008617100406676788540260000107283000000943702600001072830000009437020340457900100020000
005001066768012400301001150111000000000002525578330400001000150000
001001026000008617100506676801300260000107283000000943702600001072830000009437020340457900100020000
002011066768015500104164924833000000000024349235920400001058110004300004300000030000000000000000000100000001000000861710260000107283000000943702600001072830000009437000000000000000000000000000000000000000000000000006360010800570196166002672000000
002011066768015500104164924833000000000024349235920400001058110004300004300004270000000000000000000100000001000000861710260000107283000000943702600001072830000009437000000000000000000000000000000000000000000000000006360010800570196166002672000000
0020020667680182003010011501110000000000025255783301000030000000043000000000043000000001000000010000008617102600001072830000009437026000010728300000094370063600108005701961660026720000
0020020667680271003010011501110000000000025255783301000030000000043000000000043000000001000000010000008617102600001072830000009437026000010728300000094370063600108005701961660026720000
005001066768027801503002968013000000000004540215290614015000840000
00200306676802790150300296801300000000000454021529061301502391000430000000000000000000010000000100000086171026000010728300000094370260000107283000000943700000000000000000000006360010800570196166002672000000
0020020667680288015030029680130000000000045402152906140150237400043000000000000000000001000000010000008617102600001072830000009437026000010728300000094370063600108005701961660026720000
0020020667680327003010011501110000000000025255783301000030000000043000000000043000000001000000010000008617102600001072830000009437026000010728300000094370063600108005701961660026720000
005001066768046600104163725748000000000018799127760400001000150000
005001066768046600104163725748000000000018799127760400001000150000
002011066768046600104163725748000000000018799127760400001020880004300004300000000000000008550000000100000001000000861710260000107283000000943702600001072830000009437100000000000000000000300000000000000000000000000006360010800570196166002672000000
005001066768047200119008388881000000000041937808110400001000360000
005001066768048800119008388881000000000041937808110400001000150000
005001066768048900119008388881000000000041937808110400001000150000
005001066768048900119008388881000000000041937808110400001000150000
005001066768049000119008388881000000000041937808110400001000150000
005001066768049000119008388881000000000041937808110400001000150000
005001066768049100119008388881000000000041937808110400001000150000
005001066768049300119008388881000000000041937808110400001000150000
005001066768049400119008388881000000000041937808110400001000150000
005001066768049400119008388881000000000041937808110400001000150000
005001066768049500119008388881000000000041937808110100001000150000
002011066768049500119008388881000000000041937808110400001034860004300004300000000000000008550000000100000001000000861710260000107283000000943702600001072830000009437100000000000000000000300000000000000000000000000006360010800570196166002672000000
005001066768056100000000000000000000000015922194640000000000150000
005001066768056200000000000000000000000000000000000000000000150000
002011066768056800104086860941000000000015922194640400001006050004300004300004300000000000000000000100000001000000861710260000107283000000943702600001072830000009437000000000000000000000000000000000000000000000000006360010800570196166002672000000
0020020667680696003010011501110000000000025255783301000030000000043000000000043000000001000000010000008617102600001072830000009437026000010728300000094370063600108005701961660026720000
0020020667680790003010011501110000000000025255783301000030000000043000000000043000000001000000010000008617102600001072830000009437026000010728300000094370063600108005701961660026720000
0020020667680884003010011501110000000000025255783301000030000000043000000000043000000001000000010000008617102600001072830000009437026000010728300000094370063600108005701961660026720000
0020020667680900003010011501110000000000025255783301000030000000043000000000043000000001000000010000008617102600001072830000009437026000010728300000094370063600108005701961660026720000
002011066768114900104164276025000000000017680561360400001039910004300004300004300000000000000000000100000001000000861710260000107283000000943702600001072830000009437000000000000000000000000000000000000000000000000006360010800570196166002672000000
0020020667681456003010011501110000000000025255783301000030000000043000000000043000000001000000010000008617102600001072830000009437026000010728300000094370063600108005701961660026720000
0020020667681472003010011501110000000000025255783301000030000000043000000000043000000001000000010000008617102600001072830000009437026000010728300000094370063600108005701961660026720000
005001066768304200301001150111000000000002525578330400001000150000
005001066768304500301001150111000000000002525578330400001000150000
00300104000010000500021500000086171026000010728300000094370260000107283000000943706676830490000
00300101000030000900038700000086171026000010728300000094370260000107283000000943706676830490000
00300106130150000100000000000086171026000010728300000094370260000107283000000943706676830490000
00300106140150000100000000000086171026000010728300000094370260000107283000000943706676830490000
001001026000008617100406676830490260000107283000000943702600001072830000009437020340457900100120000
005001066768305100301001150111000000000002525578330400001000150000
001001026000008617100306676830550260000107283000000943702600001072830000009437020340457900100120000
02000100106676830670030100115011100000000000252557833026000010728300000094370017801000008617102600001072830000009437026000010728300000094370000
0210010300140000086171026000010728300000094370260000107283000000943706676830670000
0210010400870000086171026000010728300000094370260000107283000000943706676830670000
0210010800030000086171026000010728300000094370260000107283000000943706676830670000
0210011000030000086171026000010728300000094370260000107283000000943706676830670000
0210011100030000086171026000010728300000094370260000107283000000943706676830670000
0210011800060000086171026000010728300000094370260000107283000000943706676830670000
0210012500100000086171026000010728300000094370260000107283000000943706676830670000
010001001026000010728300000094370000086171066768306700500000
001001026000008617100206676830720260000107283000000943700000000000000000000000020340457900100120000
010001001026000010728300000094370000086171066768308000400000
001001026000008617100106676830860000000107283000000000000000000000000000000000020340457900100120000
03400667658597000008617100005C06676585970667661207000008617104579I00001072830000107283010000066000430000000001000000010400000220004300000000010000000108000001200000000000000100000001
03400667661213000008617100005C06676612130667663231000008617104579V0000107283000010728301000002200043000000000100000001040000005000430000000001000000010400000010001750000000010000000104000000100025500000000100000001061300002000000000000001000000010614000020000000000000010000000106140000200000000000000100000001061400002000000000000001000000010614000020000000000000010000000106140000200000000000000100000001061400002000000000000001000000010614000020000000000000010000000106140000200000000000000100000001
