1000020260000086052003025243604634338614100042500000
001001026000008605200206676242310000000081230000000000000000000000000000000000020290457400100100000
010001001026000008123000000077000000086052066762423900100000
0350010667624250456233540000049600000003010000
010001001026000008123000000077000000086052066762425200200000
001001026000008605200306676242560260000081230000000770002600000812300000007700020290457400100110000
001001026000008605200406676242650260000081230000000770002600000812300000007700020290457400100110000
005001066762427000301001102867000000000004562335450400001000150000
001001026000008605200506676242760260000081230000000770002600000812300000007700020290457400100110000
002011066762439800103095314662000000000033514783440450001000080004650004650004650000000000000000000100000001000000860520260000081230000000770002600000812300000007700000000000000000000000019300000000000000000000000002524360463433861410004250000000
005001066762442800304005128512000000000004560048090000000000150000
005001066762442900304005128512000000000004560048091023003000150000
00200306676244540030400512851200000000000456004809080000300419000465000000000000000000010000000100000086052026000008123000000077000260000081230000000770000000000000000000000002524360463433861410004250000000
005001066762447100304005128512000000000004560048090800003001170000
005001066762457300304005128512000000000004560048090800003000150000
005001066762457400304005128512000000000004560048091023003000150000
044001066762457500304005128512000000000004560048090800003004190000
002011066762458300104087083582000000000015985951440400001007250004650004650004650000000000000000000100000001000000860520260000081230000000770002600000812300000007700000000000000000000000000000000000000000000000000002524360463433861410004250000000
0020020667624588003010011028670000000000045623354501000030000000046500000000046500000001000000010000008605202600000812300000007700026000008123000000077000025243604634338614100042500000
002011066762462000104165194278000000000018694810320400001006840004650004650004600004600008550000000100000001000000860520260000081230000000770002600000812300000007700100000000000000000000300000000000000000000000000002524360463433861410004250000000
002011066762467700104087843455000000000016504218320400001005200004650004650004650000000000000000000100000001000000860520260000081230000000770002600000812300000007700000000000000000000000000000000000000000000000000002524360463433861410004250000000
0020020667624690003010011028670000000000045623354501000030000000046500000000046500000001000000010000008605202600000812300000007700026000008123000000077000025243604634338614100042500000
0020020667624761003010011028670000000000045623354501000030000000046500000000046500000001000000010000008605202600000812300000007700026000008123000000077000025243604634338614100042500000
0020020667624774003010011028670000000000045623354501000030000000046500000000046500000001000000010000008605202600000812300000007700026000008123000000077000025243604634338614100042500000
0020020667624780003010011028670000000000045623354501000030000000046500000000046500000001000000010000008605202600000812300000007700026000008123000000077000025243604634338614100042500000
002011066762483600104152948007000000000027737997520400001013960004650004650004650000000000000000000100000001000000860520260000081230000000770002600000812300000007700000000000000000000000000000000000000000000000000002524360463433861410004250000000
002011066762493200109166210774000000000007960412880100001036510004650004650004600004600008550000000100000001000000860520260000081230000000770002600000812300000007700100000000000000000000300000000000000000000000000002524360463433861410004250000000
0020020667624949003010011028670000000000045623354501000030000000046500000000046500000001000000010000008605202600000812300000007700026000008123000000077000025243604634338614100042500000
0020020667625029003010011028670000000000045623354501000030000000046500000000046500000001000000010000008605202600000812300000007700026000008123000000077000025243604634338614100042500000
002011066762508500104082170479000000000001828424400400001007470004650004650004650000000000000000000100000001000000860520260000081230000000770002600000812300000007700000000000000000000000000000000000000000000000000002524360463433861410004250000000
0020020667625099003010011028670000000000045623354501000030000000046500000000046500000001000000010000008605202600000812300000007700026000008123000000077000025243604634338614100042500000
0020020667625237003010011028670000000000045623354501000030000000046500000000046500000001000000010000008605202600000812300000007700026000008123000000077000025243604634338614100042500000
00200306676252590030400464842300000000002517337322080000301864000465000000000000000000010000000100000086052026000008123000000077000260000081230000000770000000000000000000000002524360463433861410004250000000
002011066762559200117052229671000000000042038275310400001031680004650004650004650000000000000000000100000001000000860520260000081230000000770002600000812300000007700000000000000000000000000000000000000000000000000002524360463433861410004250000000
002011066762587000104086527037000000000015785557200400001007640004650004650004650000000000000000000100000001000000860520260000081230000000770002600000812300000007700000000000000000000000000000000000000000000000000002524360463433861410004250000000
005001066762705800301001102867000000000004562335450400001000150000
00300104500010000100004650000086052026000008123000000077000260000081230000000770006676270620000
00300108000030000200000000000086052026000008123000000077000260000081230000000770006676270620000
00300104000010000700032550000086052026000008123000000077000260000081230000000770006676270620000
00300101000030000900041850000086052026000008123000000077000260000081230000000770006676270620000
00300101000010000100004650000086052026000008123000000077000260000081230000000770006676270620000
001001026000008605200406676270620260000081230000000770002600000812300000007700020290457400100010000
005001066762706300301001102867000000000004562335450400001000150000
001001026000008605200506676270690260000081230000000770002600000812300000007700020290457400100010000
0020020667628168003010011028670000000000045623354501000030000000046500000000046500000001000000010000008605202600000812300000007700026000008123000000077000025243604634338614100042500000
0020020667628173003010011028670000000000045623354501000030000000046500000000046500000001000000010000008605202600000812300000007700026000008123000000077000025243604634338614100042500000
0020020667628187003010011028670000000000045623354501000030000000046500000000046500000001000000010000008605202600000812300000007700026000008123000000077000025243604634338614100042500000
0020020667628278003010011028670000000000045623354501000030000000046500000000046500000001000000010000008605202600000812300000007700026000008123000000077000025243604634338614100042500000
0020020667628288003010011028670000000000045623354501000030000000046500000000046500000001000000010000008605202600000812300000007700026000008123000000077000025243604634338614100042500000
0020020667628304003010011028670000000000045623354501000030000000046500000000046500000001000000010000008605202600000812300000007700026000008123000000077000025243604634338614100042500000
00200306676284430030400262671600000000003415944180080000306104000465000000000000000000010000000100000086052026000008123000000077000260000081230000000770000000000000000000000002524360463433861410004250000000
00200306676285570030400517424700000000001546011794080000300084000465000000000000000000010000000100000086052026000008123000000077000260000081230000000770000000000000000000000002524360463433861410004250000000
002011066762875200109078438838000000000031572432080100001001670004650004650004650000000000000000000100000001000000860520260000081230000000770002600000812300000007700000000000000000000000000000000000000000000000000002524360463433861410004250000000
00200306676287570030400226833100000000004046940926080000303742000465000000000000000000010000000100000086052026000008123000000077000260000081230000000770000000000000000000000002524360463433861410004250000000
00200306676289540030400236254900000000002442538954080000308253000465000000000000000000010000000100000086052026000008123000000077000260000081230000000770000000000000000000000002524360463433861410004250000000
00200306676292640030400480425500000000001545983298080000303365000465000000000000000000010000000100000086052026000008123000000077000260000081230000000770000000000000000000000002524360463433861410004250000000
0020020667629552003010011028670000000000045623354501000030000000046500000000046500000001000000010000008605202600000812300000007700026000008123000000077000025243604634338614100042500000
00200306676297080030400423440800000000002447049957080000302887000465000000000000000000010000000100000086052026000008123000000077000260000081230000000770000000000000000000000002524360463433861410004250000000
0020020667629727003010011028670000000000045623354501000030000000046500000000046500000001000000010000008605202600000812300000007700026000008123000000077000025243604634338614100042500000
00200306676297350030400288438300000000003415711380080000303621000465000000000000000000010000000100000086052026000008123000000077000260000081230000000770000000000000000000000002524360463433861410004250000000
00200306676297490030400454000200000000000658616316080000300807000465000000000000000000010000000100000086052026000008123000000077000260000081230000000770000000000000000000000002524360463433861410004250000000
002011066763003400104080163688000000000015293759270400001010120004650004650004650000000000000000000100000001000000860520260000081230000000770002600000812300000007700000000000000000000000019300000000000000000000000002524360463433861410004250000000
00200306676302380030400416032300000000002659410931080000302133000465000000000000000000010000000100000086052026000008123000000077000260000081230000000770000000000000000000000002524360463433861410004250000000
00200306676302580030400530232600000000001546016530080000300167000465000000000000000000010000000100000086052026000008123000000077000260000081230000000770000000000000000000000002524360463433861410004250000000
0020020667630563003010011028670000000000045623354501000030000000046500000000046500000001000000010000008605202600000812300000007700026000008123000000077000025243604634338614100042500000
005001066763087600301001102867000000000004562335450400001000150000
00300101000030000900041850000086052026000008123000000077000260000081230000000770006676308790000
00300108000030001000000000000086052026000008123000000077000260000081230000000770006676308790000
00300101000010000100004650000086052026000008123000000077000260000081230000000770006676308790000
00300104000010000100004650000086052026000008123000000077000260000081230000000770006676308790000
001001026000008605200406676308790260000081230000000770002600000812300000007700020290457400100110000
005001066763088100301001102867000000000004562335450400001000150000
001001026000008605200506676308860260000081230000000770002600000812300000007700020290457400100110000
00200306676316770150300328967500000000003385305222061201500089000465000000000000000000010000000100000086052026000008123000000077000260000081230000000770000000000000000000000002524360463433861410004250000000
0020020667631692003010011028670000000000045623354501000030000000046500000000046500000001000000010000008605202600000812300000007700026000008123000000077000025243604634338614100042500000
00200306676317100030400484417600000000001545958978080000300918000465000000000000000000010000000100000086052026000008123000000077000260000081230000000770000000000000000000000002524360463433861410004250000000
0020020667631722003010011028670000000000045623354501000030000000046500000000046500000001000000010000008605202600000812300000007700026000008123000000077000025243604634338614100042500000
0020020667631726003010011028670000000000045623354501000030000000046500000000046500000001000000010000008605202600000812300000007700026000008123000000077000025243604634338614100042500000
0020020667631742003010011028670000000000045623354501000030000000046500000000046500000001000000010000008605202600000812300000007700026000008123000000077000025243604634338614100042500000
0020020667631748003010011028670000000000045623354501000030000000046500000000046500000001000000010000008605202600000812300000007700026000008123000000077000025243604634338614100042500000
00200306676318180030400269341300000000001535123988080000305194000465000000000000000000010000000100000086052026000008123000000077000260000081230000000770000000000000000000000002524360463433861410004250000000
0020020667631854003010011028670000000000045623354501000030000000046500000000046500000001000000010000008605202600000812300000007700026000008123000000077000025243604634338614100042500000
0020020667631924003010011028670000000000045623354501000030000000046500000000046500000001000000010000008605202600000812300000007700026000008123000000077000025243604634338614100042500000
002011066763193400104089568958000000000029325215440400001000780004650004650004650000000000000000000100000001000000860520260000081230000000770002600000812300000007700000000000000000000000000000000000000000000000000002524360463433861410004250000000
0020020667632004003010011028670000000000045623354501000030000000046500000000046500000001000000010000008605202600000812300000007700026000008123000000077000025243604634338614100042500000
0020020667632012003010011028670000000000045623354501000030000000046500000000046500000001000000010000008605202600000812300000007700026000008123000000077000025243604634338614100042500000
00200306676327500030400432203100000000002516994986080000302541000465000000000000000000010000000100000086052026000008123000000077000260000081230000000770000000000000000000000002524360463433861410004250000000
00200306676333940030400382050800000000003931138309080000303631000465000000000000000000010000000100000086052026000008123000000077000260000081230000000770000000000000000000000002524360463433861410004250000000
00200306676335280020401729904300000000000040946405080000200046000465000000000000000000010000000100000086052026000008123000000077000260000081230000000770000000000000000000000002524360463433861410004250000000
005001066763400400301001102867000000000004562335450400001000150000
00300106120150000100000000000086052026000008123000000077000260000081230000000770006676340080000
00300101000030000900041850000086052026000008123000000077000260000081230000000770006676340080000
00300108000030000400000000000086052026000008123000000077000260000081230000000770006676340080000
00300104000010000100004650000086052026000008123000000077000260000081230000000770006676340080000
00300108000020000100000000000086052026000008123000000077000260000081230000000770006676340080000
001001026000008605200406676340080260000081230000000770002600000812300000007700020290457400100010000
005001066763400900301001102867000000000004562335450400001000150000
001001026000008605200506676340150260000081230000000770002600000812300000007700020290457400100010000
00200306676342310030400515064100000000003569885302080000300237000465000000000000000000010000000100000086052026000008123000000077000260000081230000000770000000000000000000000002524360463433861410004250000000
0020020667634242003010011028670000000000045623354501000030000000046500000000046500000001000000010000008605202600000812300000007700026000008123000000077000025243604634338614100042500000
00200306676342950020401675000100000000000325030322080000202136000465000000000000000000010000000100000086052026000008123000000077000260000081230000000770000000000000000000000002524360463433861410004250000000
0020020667634497003010011028670000000000045623354501000030000000046500000000046500000001000000010000008605202600000812300000007700026000008123000000077000025243604634338614100042500000
00200306676345040030400467654100000000002423660714080000300720000465000000000000000000010000000100000086052026000008123000000077000260000081230000000770000000000000000000000002524360463433861410004250000000
0020020667634517003010011028670000000000045623354501000030000000046500000000046500000001000000010000008605202600000812300000007700026000008123000000077000025243604634338614100042500000
002011066763486000104088763056000000000027850158800400001002930004650004650004650000000000000000000100000001000000860520260000081230000000770002600000812300000007700000000000000000000000000000000000000000000000000002524360463433861410004250000000
0020020667634976003010011028670000000000045623354501000030000000046500000000046500000001000000010000008605202600000812300000007700026000008123000000077000025243604634338614100042500000
00200306676355160030400528583900000000001063436498080000300071000465000000000000000000010000000100000086052026000008123000000077000260000081230000000770000000000000000000000002524360463433861410004250000000
00200306676358620030400251167600000000003415984948080000307038000465000000000000000000010000000100000086052026000008123000000077000260000081230000000770000000000000000000000002524360463433861410004250000000
00200306676360640030400521834100000000003569637926080000300159000465000000000000000000010000000100000086052026000008123000000077000260000081230000000770000000000000000000000002524360463433861410004250000000
00200306676360760030400499476300000000003534373750080000301092000465000000000000000000010000000100000086052026000008123000000077000260000081230000000770000000000000000000000002524360463433861410004250000000
00200306676361170020401220278500000000003665563557080000202322000465000000000000000000010000000100000086052026000008123000000077000260000081230000000770000000000000000000000002524360463433861410004250000000
00200306676361290030400535196300000000001063468818080000300004000465000000000000000000010000000100000086052026000008123000000077000260000081230000000770000000000000000000000002524360463433861410004250000000
005001066763663100301001065066000000000011095411620400001000150000
00300108000030000700000000000086052026000008123000000077000260000081230000000770006676366340000
00300101000030000400018600000086052026000008123000000077000260000081230000000770006676366340000
00300108000020000200000000000086052026000008123000000077000260000081230000000770006676366340000
00300104000010000100004650000086052026000008123000000077000260000081230000000770006676366340000
001001026000008605200406676366340260000081230000000770002600000812300000007700020290457400100110000
005001066763731700301001102867000000000004562335450400001000150000
001001026000008605200506676373220260000081230000000770002600000812300000007700020290457400100110000
00200306676373310030400471132100000000001545904258080000301400000465000000000000000000010000000100000086052026000008123000000077000260000081230000000770000000000000000000000002524360463433861410004250000000
002011066763734100104152351761000000000023296714960400001000260004650004650004650000000000000000000100000001000000860520260000081230000000770002600000812300000007700000000000000000000000000000000000000000000000000002524360463433861410004250000000
0020020667637357003010011028670000000000045623354501000030000000046500000000046500000001000000010000008605202600000812300000007700026000008123000000077000025243604634338614100042500000
0020020667637360003010011028670000000000045623354501000030000000046500000000046500000001000000010000008605202600000812300000007700026000008123000000077000025243604634338614100042500000
0020020667637367003010011028670000000000045623354501000030000000046500000000046500000001000000010000008605202600000812300000007700026000008123000000077000025243604634338614100042500000
0020020667637377003010011028670000000000045623354501000030000000046500000000046500000001000000010000008605202600000812300000007700026000008123000000077000025243604634338614100042500000
002011066763738600104083458001000000000011924194000400001005250004650004650004600004600008550000000100000001000000860520260000081230000000770002600000812300000007700100000000000000000000300000000000000000000000000002524360463433861410004250000000
0020020667637393003010011028670000000000045623354501000030000000046500000000046500000001000000010000008605202600000812300000007700026000008123000000077000025243604634338614100042500000
0020020667637397003010011028670000000000045623354501000030000000046500000000046500000001000000010000008605202600000812300000007700026000008123000000077000025243604634338614100042500000
0020020667637410003010011028670000000000045623354501000030000000046500000000046500000001000000010000008605202600000812300000007700026000008123000000077000025243604634338614100042500000
0020020667637442003010011028670000000000045623354501000030000000046500000000046500000001000000010000008605202600000812300000007700026000008123000000077000025243604634338614100042500000
002011066763751600109006573143000000000010067894480100001052730004650004650004650000000000000000000100000001000000860520260000081230000000770002600000812300000007700000000000000000000000000000010000000000000000000202524360463433861410004250000000
0020020667637537003010011028670000000000045623354501000030000000046500000000046500000001000000010000008605202600000812300000007700026000008123000000077000025243604634338614100042500000
0020020667637552003010011028670000000000045623354501000030000000046500000000046500000001000000010000008605202600000812300000007700026000008123000000077000025243604634338614100042500000
0020020667637613003010011028670000000000045623354501000030000000046500000000046500000001000000010000008605202600000812300000007700026000008123000000077000025243604634338614100042500000
005001066763763900304005287238000000000015443107380800003000800000
005001066763764400304005287238000000000015443107380800003000800000
005001066763764700304005287238000000000015443107380800003000800000
005001066763764900304005287238000000000015443107380800003000800000
0020020667637704003010011028670000000000045623354501000030000000046500000000046500000001000000010000008605202600000812300000007700026000008123000000077000025243604634338614100042500000
0020020667637711003010011028670000000000045623354501000030000000046500000000046500000001000000010000008605202600000812300000007700026000008123000000077000025243604634338614100042500000
002011066763793900104164855637000000000024373791440400001093820004650004650004650000000000000000000100000001000000860520260000081230000000770002600000812300000007700000000000000000000000000000000000000000000000000002524360463433861410004250000000
0020020667637948003010011028670000000000045623354501000030000000046500000000046500000001000000010000008605202600000812300000007700026000008123000000077000025243604634338614100042500000
0020020667637971003010011028670000000000045623354501000030000000046500000000046500000001000000010000008605202600000812300000007700026000008123000000077000025243604634338614100042500000
00200306676380710030400521058800000000003571662438080000300240000465000000000000000000010000000100000086052026000008123000000077000260000081230000000770000000000000000000000002524360463433861410004250000000
00200306676380810030400431318900000000002516938938080000301602000465000000000000000000010000000100000086052026000008123000000077000260000081230000000770000000000000000000000002524360463433861410004250000000
0020020667638092003010011028670000000000045623354501000030000000046500000000046500000001000000010000008605202600000812300000007700026000008123000000077000025243604634338614100042500000
00200306676382370030400528723800000000001544310738080000300248000465000000000000000000010000000100000086052026000008123000000077000260000081230000000770000000000000000000000002524360463433861410004250000000
00200306676386260030400360925400000000002140444076080000300771000465000000000000000000010000000100000086052026000008123000000077000260000081230000000770000000000000000000000002524360463433861410004250000000
00200306676390720030400414260100000000002659851635080000302116000465000000000000000000010000000100000086052026000008123000000077000260000081230000000770000000000000000000000002524360463433861410004250000000
005001066763909200304004925095000000000015149228370000000000150000
00200306676391020030400492509500000000000322881529080000301144000465000000000000000000010000000100000086052026000008123000000077000260000081230000000770000000000000000000000002524360463433861410004250000000
00200306676392970030400442220400000000004141733467080000301092000465000000000000000000010000000100000086052026000008123000000077000260000081230000000770000000000000000000000002524360463433861410004250000000
005001066764023300301001102867000000000004562335450400001000150000
00300108000030000800000000000086052026000008123000000077000260000081230000000770006676402370000
00300104000010000300013950000086052026000008123000000077000260000081230000000770006676402370000
00300101000030001600074400000086052026000008123000000077000260000081230000000770006676402370000
00300101000010000100004650000086052026000008123000000077000260000081230000000770006676402370000
001001026000008605200406676402370260000081230000000770002600000812300000007700020290457400100010000
005001066764023800301001102867000000000004562335450400001000150000
001001026000008605200506676402440260000081230000000770002600000812300000007700020290457400100010000
00200306676415250030400446486100000000002517702426080000301404000465000000000000000000010000000100000086052026000008123000000077000260000081230000000770000000000000000000000002524360463433861410004250000000
0020020667641699003010011028670000000000045623354501000030000000046500000000046500000001000000010000008605202600000812300000007700026000008123000000077000025243604634338614100042500000
0020020667642046003010011028670000000000045623354501000030000000046500000000046500000001000000010000008605202600000812300000007700026000008123000000077000025243604634338614100042500000
002011066764245500104151088111000000000023798626000400001000340004650004650004650000000000000000000100000001000000860520260000081230000000770002600000812300000007700000000000000000000000000000000000000000000000000002524360463433861410004250000000
00200306676428020030100108618700000000001110193994070100300595000465000000000000000000010000000100000086052026000008123000000077000260000081230000000770000000000000000000000002524360463433861410004250000000
0020020667642814003010011028670000000000045623354501000030000000046500000000046500000001000000010000008605202600000812300000007700026000008123000000077000025243604634338614100042500000
005001066764360300301001102867000000000004562335450400001000150000
00300108000030000100000000000086052026000008123000000077000260000081230000000770006676436070000
00300101000030000300013950000086052026000008123000000077000260000081230000000770006676436070000
00300104000010000100004650000086052026000008123000000077000260000081230000000770006676436070000
00300107010030000100000000000086052026000008123000000077000260000081230000000770006676436070000
001001026000008605200406676436070260000081230000000770002600000812300000007700020290457400100110000
005001066764360800301001102867000000000004562335450400001000150000
001001026000008605200506676436140260000081230000000770002600000812300000007700020290457400100110000
0020020667644799003010011028670000000000045623354501000030000000046500000000046500000001000000010000008605202600000812300000007700026000008123000000077000025243604634338614100042500000
00200306676448110030400436770100000000002679689811080000302953000465000000000000000000010000000100000086052026000008123000000077000260000081230000000770000000000000000000000002524360463433861410004250000000
0020020667644823003010011028670000000000045623354501000030000000046500000000046500000001000000010000008605202600000812300000007700026000008123000000077000025243604634338614100042500000
002011066764483500117051317429000000000028916127890400001017890004650004650004600004600008550000000100000001000000860520260000081230000000770002600000812300000007700100000000000000000000300000000000000000000000000002524360463433861410004250000000
0020020667644855003010011028670000000000045623354501000030000000046500000000046500000001000000010000008605202600000812300000007700026000008123000000077000025243604634338614100042500000
00200306676448740030400452366300000000003413500548080000300918000465000000000000000000010000000100000086052026000008123000000077000260000081230000000770000000000000000000000002524360463433861410004250000000
0020020667644884003010011028670000000000045623354501000030000000046500000000046500000001000000010000008605202600000812300000007700026000008123000000077000025243604634338614100042500000
0020020667644890003010011028670000000000045623354501000030000000046500000000046500000001000000010000008605202600000812300000007700026000008123000000077000025243604634338614100042500000
0020020667644895003010011028670000000000045623354501000030000000046500000000046500000001000000010000008605202600000812300000007700026000008123000000077000025243604634338614100042500000
0020020667644919003010011028670000000000045623354501000030000000046500000000046500000001000000010000008605202600000812300000007700026000008123000000077000025243604634338614100042500000
0020020667644926003010011028670000000000045623354501000030000000046500000000046500000001000000010000008605202600000812300000007700026000008123000000077000025243604634338614100042500000
0020020667644952003010011028670000000000045623354501000030000000046500000000046500000001000000010000008605202600000812300000007700026000008123000000077000025243604634338614100042500000
0020020667644958003010011028670000000000045623354501000030000000046500000000046500000001000000010000008605202600000812300000007700026000008123000000077000025243604634338614100042500000
0020020667645141003010011028670000000000045623354501000030000000046500000000046500000001000000010000008605202600000812300000007700026000008123000000077000025243604634338614100042500000
005001066764706900301001102867000000000004562335450400001000150000
00300101000030001100051150000086052026000008123000000077000260000081230000000770006676470730000
00300108000030000200000000000086052026000008123000000077000260000081230000000770006676470730000
00300104000010000100004650000086052026000008123000000077000260000081230000000770006676470730000
001001026000008605200406676470730260000081230000000770002600000812300000007700020290457400100010000
005001066764707400301001102867000000000004562335450400001000150000
001001026000008605200306676470770260000081230000000770002600000812300000007700020290457400100010000
001001026000008605200206676470820260000081230000000770002600000812300000007700020290457400100010000
010001001026000008123000000077000000086052066764708800400000
02000100106676470970030100110286700000000000456233545026000008123000000077000049603000008605202600000812300000007700026000008123000000077000000
0210010300370000086052026000008123000000077000260000081230000000770006676470970000
0210010400220000086052026000008123000000077000260000081230000000770006676470970000
0210010800010000086052026000008123000000077000260000081230000000770006676470970000
0210010900010000086052026000008123000000077000260000081230000000770006676470970000
0210011200010000086052026000008123000000077000260000081230000000770006676470970000
0210011800030000086052026000008123000000077000260000081230000000770006676470970000
0210012500070000086052026000008123000000077000260000081230000000770006676470970000
010001001026000008123000000077000000086052066764709700500000
001001026000008605200106676471040000000081230000000000000000000000000000000000020290457400100010000
03400667627069000008605200005C06676270690667630879000008605204574I00000812300000081230010000017000465000000001000000010400000030004650000000010000000108000002000000000000000100000001
03400667624276000008605200005C06676242760667627062000008605204574V000008123000000812300100000460004650000000010000000101000000100046010000000100000001040000003000460100000001000000010400000090004650000000010000000104500000100046500000000100000001080000017000000000000001000000010800000170000000000000010000000108000001700000000000000100000001080000017000000000000001000000010800000170000000000000010000000108000001700000000000000100000001080000017000000000000001000000010800000170000000000000010000000108000001700000000000000100000001080000017000000000000001000000010800000170000000000000010000000108000001700000000000000100000001080000017000000000000001000000010800000170000000000000010000000108000001700000000000000100000001
