1000020260000086119003063600108005701976870024170000
001001026000008611900206676455340000000098267000000000000000000000000000000000000000000000000000000
010001001026000009826700000086390000086119066764554700100000
0350010667645561252865610000062400000001010000
010001001026000009826700000086390000086119066764556300200000
001001026000008611900306676455720260000098267000000863902600000982670000008639000000000000000020000
001001026000008611900406676455810260000098267000000863902600000982670000008639021430468300100120000
005001066764558300301001087485000000000025286561380400001000150000
001001026000008611900506676455890260000098267000000863902600000982670000008639021430468300100120000
0020020667646687003010010874850000000000252865613801000030000000043000000000043000000001000000010000008611902600000982670000008639026000009826700000086390063600108005701976870024170000
0020020667646694003010010874850000000000252865613801000030000000043000000000043000000001000000010000008611902600000982670000008639026000009826700000086390063600108005701976870024170000
0020020667646947003010010874850000000000252865613801000030000000043000000000043000000001000000010000008611902600000982670000008639026000009826700000086390063600108005701976870024170000
00200306676469530030400484472900000000000323414985080000301873000430000000000000000000010000000100000086119026000009826700000086390260000098267000000863900000000000000000000006360010800570197687002417000000
005001066764708100301001136249000000000008714965530400001000150000
005001066764708400301001136249000000000008714965530400001000150000
00200306676470850030100113624900000000000871496553070000300331000430000000000000000000010000000100000086119026000009826700000086390260000098267000000863900000000000000000000006360010800570197687002417000000
0020020667648264003010010874850000000000252865613801000030000000043000000000043000000001000000010000008611902600000982670000008639026000009826700000086390063600108005701976870024170000
005001066764918400301001087485000000000025286561380400001000150000
00300101000030000400017200000086119026000009826700000086390260000098267000000863906676491880000
00300108000030000100000000000086119026000009826700000086390260000098267000000863906676491880000
00300107000030000100000000000086119026000009826700000086390260000098267000000863906676491880000
001001026000008611900406676491880260000098267000000863902600000982670000008639021430468300100020000
005001066764918900301001087485000000000025286561380400001000150000
001001026000008611900506676491950260000098267000000863902600000982670000008639021430468300100020000
005001066765145101503002432059000000000008839967390614015000840000
00200306676514510150300243205900000000000883996739061301502794000430000000000000000000010000000100000086119026000009826700000086390260000098267000000863900000000000000000000006360010800570197687002417000000
0020020667652008003010010874850000000000252865613801000030000000043000000000043000000001000000010000008611902600000982670000008639026000009826700000086390063600108005701976870024170000
0020020667652544003010010874850000000000252865613801000030000000043000000000043000000001000000010000008611902600000982670000008639026000009826700000086390063600108005701976870024170000
005001066765375800301001087485000000000025286561380400001000150000
00300106130150000100000000000086119026000009826700000086390260000098267000000863906676537620000
00300101000030000200008600000086119026000009826700000086390260000098267000000863906676537620000
001001026000008611900406676537620260000098267000000863902600000982670000008639021430468300100120000
005001066765376300301001087485000000000025286561380400001000150000
001001026000008611900506676537690260000098267000000863902600000982670000008639021430468300100120000
002011066765483100104151915547000000000025348101840400001100670004300004300004300000000000000000000100000001000000861190260000098267000000863902600000982670000008639000000000000000000000000000000000000000000000000006360010800570197687002417000000
00200306676548360030400517879100000000003569225094080000300909000430000000000000000000010000000100000086119026000009826700000086390260000098267000000863900000000000000000000006360010800570197687002417000000
0020020667654849003010010874850000000000252865613801000030000000043000000000043000000001000000010000008611902600000982670000008639026000009826700000086390063600108005701976870024170000
0020020667654854003010010874850000000000252865613801000030000000043000000000043000000001000000010000008611902600000982670000008639026000009826700000086390063600108005701976870024170000
002011066765486200119009923851000000000027916753090400001012180004300004300004300000000000000000000100000001000000861190260000098267000000863902600000982670000008639000000000000000000000000000000000000000000000000006360010800570197687002417000000
00200306676548670030400487132700000000001546043026080000300441000430000000000000000000010000000100000086119026000009826700000086390260000098267000000863900000000000000000000006360010800570197687002417000000
0020020667655099003010010874850000000000252865613801000030000000043000000000043000000001000000010000008611902600000982670000008639026000009826700000086390063600108005701976870024170000
0020020667655893003010010874850000000000252865613801000030000000043000000000043000000001000000010000008611902600000982670000008639026000009826700000086390063600108005701976870024170000
005001066765726900301001087485000000000025286561380400001000150000
00300104000010000200008600000086119026000009826700000086390260000098267000000863906676572730000
00300108000030000200000000000086119026000009826700000086390260000098267000000863906676572730000
00300101000030000400017200000086119026000009826700000086390260000098267000000863906676572730000
001001026000008611900406676572730260000098267000000863902600000982670000008639021430468300100020000
005001066765727400301001087485000000000025286561380400001000150000
001001026000008611900506676572800260000098267000000863902600000982670000008639021430468300100020000
005001066765733400301001087485000000000025286561380400001000150000
0020020667659222003010010874850000000000252865613801000030000000043000000000043000000001000000010000008611902600000982670000008639026000009826700000086390063600108005701976870024170000
0020020667659246003010010874850000000000252865613801000030000000043000000000043000000001000000010000008611902600000982670000008639026000009826700000086390063600108005701976870024170000
00200306676594510150300274450600000000001032585504061201500441000430000000000000000000010000000100000086119026000009826700000086390260000098267000000863900000000000000000000006360010800570197687002417000000
00200306676594670030400492670900000000000456253353080000300638000430000000000000000000010000000100000086119026000009826700000086390260000098267000000863900000000000000000000006360010800570197687002417000000
0020020667660127003010010874850000000000252865613801000030000000043000000000043000000001000000010000008611902600000982670000008639026000009826700000086390063600108005701976870024170000
0020020667660431003010010874850000000000252865613801000030000000043000000000043000000001000000010000008611902600000982670000008639026000009826700000086390063600108005701976870024170000
0020020667660445003010010874850000000000252865613801000030000000043000000000043000000001000000010000008611902600000982670000008639026000009826700000086390063600108005701976870024170000
002011066766049600104156362856000000000027597727440400001000250004300004300004300000000000000000000100000001000000861190260000098267000000863902600000982670000008639000000000000000000000000000000000000000000000000006360010800570197687002417000000
005001066766077600104164922041000000000024092928720400001000150000
005001066766077700104164922041000000000024092928720400001000150000
005001066766077700104164922041000000000024092928720400001000150000
005001066766077700104164922041000000000024092928720400001000150000
005001066766077800104164922041000000000024092928721023001002300000
005001066766078000104164922041000000000024092928721023001002300000
002011066766078300104164922041000000000024092928720400001015500004300004300004300000000000000000000100000001000000861190260000098267000000863902600000982670000008639000000000000000000000000000000000000000000000000006360010800570197687002417000000
005001066766172600301001087485000000000025286561380400001000150000
00300101000030000500021500000086119026000009826700000086390260000098267000000863906676617300000
00300106120150000100000000000086119026000009826700000086390260000098267000000863906676617300000
00300108000030000100000000000086119026000009826700000086390260000098267000000863906676617300000
00300104000010000200008600000086119026000009826700000086390260000098267000000863906676617300000
001001026000008611900406676617300260000098267000000863902600000982670000008639021430468300100120000
005001066766173200301001087485000000000025286561380400001000150000
001001026000008611900506676617380260000098267000000863902600000982670000008639021430468300100120000
005001066766262400104165414197000000000016300429521023001002300000
002011066766262600104165414197000000000016300429520400001032570004300004300004300000000000000000000100000001000000861190260000098267000000863902600000982670000008639000000000000000000000019000000000000000000000000006360010800570197687002417000000
005001066766268800104082942285000000000008628944080400001000150000
005001066766268900104082942285000000000008628944080400001000360000
005001066766269400104082942285000000000008628944081023001002300000
002011066766270600104082942285000000000008628944080400001008100004300004300004300000000000000000000100000001000000861190260000098267000000863902600000982670000008639000000000000000000000000000000000000000000000000006360010800570197687002417000000
0020020667662760003010010874850000000000252865613801000030000000043000000000043000000001000000010000008611902600000982670000008639026000009826700000086390063600108005701976870024170000
0020020667662776003010010874850000000000252865613801000030000000043000000000043000000001000000010000008611902600000982670000008639026000009826700000086390063600108005701976870024170000
0020020667663287003010010874850000000000252865613801000030000000043000000000043000000001000000010000008611902600000982670000008639026000009826700000086390063600108005701976870024170000
005001066766492500301001087485000000000025286561380400001000150000
00300104000010000200008600000086119026000009826700000086390260000098267000000863906676649290000
00300101000030000300012900000086119026000009826700000086390260000098267000000863906676649290000
001001026000008611900406676649290260000098267000000863902600000982670000008639021430468300100020000
005001066766493100301001087485000000000025286561380400001000150000
001001026000008611900506676649370260000098267000000863902600000982670000008639021430468300100020000
0020020667667418003010010874850000000000252865613801000030000000043000000000043000000001000000010000008611902600000982670000008639026000009826700000086390063600108005701976870024170000
00200306676675900030400512842300000000001545901058080000300259000430000000000000000000010000000100000086119026000009826700000086390260000098267000000863900000000000000000000006360010800570197687002417000000
0020020667667764003010010874850000000000252865613801000030000000043000000000043000000001000000010000008611902600000982670000008639026000009826700000086390063600108005701976870024170000
0020020667667805003010010874850000000000252865613801000030000000043000000000043000000001000000010000008611902600000982670000008639026000009826700000086390063600108005701976870024170000
0020020667667811003010010874850000000000252865613801000030000000043000000000043000000001000000010000008611902600000982670000008639026000009826700000086390063600108005701976870024170000
0020020667668084003010010874850000000000252865613801000030000000043000000000043000000001000000010000008611902600000982670000008639026000009826700000086390063600108005701976870024170000
002011066766842500117042042722000000000037511304960400001021310004300004300004300000000000000000000100000001000000861190260000098267000000863902600000982670000008639000000000000000000000000000000000000000000000000006360010800570197687002417000000
0020020667668433003010010874850000000000252865613801000030000000043000000000043000000001000000010000008611902600000982670000008639026000009826700000086390063600108005701976870024170000
00200306676684730030400482981900000000001545877234080000300075000430000000000000000000010000000100000086119026000009826700000086390260000098267000000863900000000000000000000006360010800570197687002417000000
0020020667668619003010010874850000000000252865613801000030000000043000000000043000000001000000010000008611902600000982670000008639026000009826700000086390063600108005701976870024170000
0020020667669498003010010874850000000000252865613801000030000000043000000000043000000001000000010000008611902600000982670000008639026000009826700000086390063600108005701976870024170000
0020020667669502003010010874850000000000252865613801000030000000043000000000043000000001000000010000008611902600000982670000008639026000009826700000086390063600108005701976870024170000
0020020667669506003010010874850000000000252865613801000030000000043000000000043000000001000000010000008611902600000982670000008639026000009826700000086390063600108005701976870024170000
0020020667669510003010010874850000000000252865613801000030000000043000000000043000000001000000010000008611902600000982670000008639026000009826700000086390063600108005701976870024170000
0020020667669525003010010874850000000000252865613801000030000000043000000000043000000001000000010000008611902600000982670000008639026000009826700000086390063600108005701976870024170000
005001066767007900301001087485000000000025286561380400001000150000
00300101000030001200051600000086119026000009826700000086390260000098267000000863906676700830000
00300108000030000200000000000086119026000009826700000086390260000098267000000863906676700830000
00300104000010000100004300000086119026000009826700000086390260000098267000000863906676700830000
001001026000008611900406676700830260000098267000000863902600000982670000008639021430468300100120000
005001066767008500301001087485000000000025286561380400001000150000
001001026000008611900506676700910260000098267000000863902600000982670000008639021430468300100120000
002011066767300700104082810753000000000002869996240400001003440004300004300004300000000000000000000100000001000000861190260000098267000000863902600000982670000008639000000000000000000000000000000000000000000000000006360010800570197687002417000000
005001066767337300301001087485000000000025286561380400001000150000
00300104000010000100004300000086119026000009826700000086390260000098267000000863906676733770000
001001026000008611900406676733770260000098267000000863902600000982670000008639021430468300100020000
005001066767337900301001087485000000000025286561380400001000150000
001001026000008611900506676733850260000098267000000863902600000982670000008639021430468300100020000
005001066767344300301001087485000000000025286561380400001000150000
001001026000008611900406676734470260000098267000000863902600000982670000008639021430468300100120000
005001066767344900301001087485000000000025286561380400001000150000
001001026000008611900506676734550260000098267000000863902600000982670000008639021430468300100120000
005001066767346200301001087485000000000025286561380400001000150000
001001026000008611900406676734660260000098267000000863902600000982670000008639021430468300100020000
005001066767346700301001087485000000000025286561380400001000150000
001001026000008611900506676734730260000098267000000863902600000982670000008639021430468300100020000
002011066767537900104153199814000000000027918239440400001026620004300004300004300000000000000000000100000001000000861190260000098267000000863902600000982670000008639000000000000000000000000000000000000000000000000006360010800570197687002417000000
005001066767744200301001087485000000000025286561380400001000150000
00300104000010000100004300000086119026000009826700000086390260000098267000000863906676774460000
001001026000008611900406676774460260000098267000000863902600000982670000008639021430468300100120000
005001066767744700301001087485000000000025286561380400001000150000
001001026000008611900306676774510260000098267000000863902600000982670000008639021430468300100120000
02000100106676774620030100108748500000000002528656138026000009826700000086390062401000008611902600000982670000008639026000009826700000086390000
0210010300060000086119026000009826700000086390260000098267000000863906676774620000
0210010400110000086119026000009826700000086390260000098267000000863906676774620000
0210010800010000086119026000009826700000086390260000098267000000863906676774620000
0210010900010000086119026000009826700000086390260000098267000000863906676774620000
0210011000010000086119026000009826700000086390260000098267000000863906676774620000
0210011800010000086119026000009826700000086390260000098267000000863906676774620000
010001001026000009826700000086390000086119066767746300500000
001001026000008611900206676774660260000098267000000863900000000000000000000000021430468300100120000
010001001026000009826700000086390000086119066767747500400000
001001026000008611900106676774810000000098267000000000000000000000000000000000021430468300100120000
03400667649195000008611900005C06676491950667653762000008611904683I000009826700000982670100000190004300000000010000000106130000100000000000000100000001
03400667645589000008611900005C06676455890667649188000008611904683V00000982670000098267010000011000430000000001000000010700000010000000000000010000000108000000300000000000000100000001080000003000000000000001000000010800000030000000000000010000000108000000300000000000000100000001
