1000020260000086107003002185163227835986050039580000
001001026000008610700206676662180000000107242000000000000000000000000000000000000000000000000000000
010001001026000010724200000095370000086107066766622500100000
0350010667666236253116560000018600000001010000
010001001026000010724200000095370000086107066766623800200000
001001026000008610700306676662430260000107242000000953702600001072420000009537000000000000000030000
001001026000008610700406676662500260000107242000000953702600001072420000009537020340457900100030000
005001066766625100301001149375000000000002531165690400001000150000
001001026000008610700506676662570260000107242000000953702600001072420000009537020340457900100030000
005001066766625800301001149375000000000002531165690400001000150000
001001026000008610700406676662670260000107242000000953702600001072420000009537020340457900100130000
005001066766626800301001149375000000000002531165690400001000150000
001001026000008610700506676662730260000107242000000953702600001072420000009537020340457900100130000
0020020667666649003010011493750000000000025311656901000030000000043000000000043000000001000000010000008610702600001072420000009537026000010724200000095370002185163227835986050039580000
0020020667666659003010011493750000000000025311656901000030000000043000000000043000000001000000010000008610702600001072420000009537026000010724200000095370002185163227835986050039580000
00200306676666750030400457434900000000001114756362080000302818000430000000000000000000010000000100000086107026000010724200000095370260000107242000000953700000000000000000000000218516322783598605003958000000
0020020667666682003010011493750000000000025311656901000030000000043000000000043000000001000000010000008610702600001072420000009537026000010724200000095370002185163227835986050039580000
002011066766670200104089215621000000000028811602640400001002430004300004300004300000000000000000000100000001000000861070260000107242000000953702600001072420000009537000000000000000000000000000000000000000000000000000218516322783598605003958000000
0020020667666712003010011493750000000000025311656901000030000000043000000000043000000001000000010000008610702600001072420000009537026000010724200000095370002185163227835986050039580000
0020020667666733003010011493750000000000025311656901000030000000043000000000043000000001000000010000008610702600001072420000009537026000010724200000095370002185163227835986050039580000
002011066766674200109167348427000000000007739961040100001008790004300004300000000000000008550000000100000001000000861070260000107242000000953702600001072420000009537100000000000000000000300000010000000000000000000100218516322783598605003958000000
005001066766688800104164082719000000000024284465361023001002300000
005001066766689100104164082719000000000024284465361023001002300000
002011066766689500104164082719000000000024284465360400001017260004300004300004300000000000000000000100000001000000861070260000107242000000953702600001072420000009537000000000000000000000000000000000000000000000000000218516322783598605003958000000
00200306676674120150300289077400000000000456449849061201500523000430000000000000000000010000000100000086107026000010724200000095370260000107242000000953700000000000000000000000218516322783598605003958000000
0020020667667427003010011493750000000000025311656901000030000000043000000000043000000001000000010000008610702600001072420000009537026000010724200000095370002185163227835986050039580000
0020020667667776003010011493750000000000025311656901000030000000043000000000043000000001000000010000008610702600001072420000009537026000010724200000095370002185163227835986050039580000
00200306676678970030400514291400000000003566631222080000300641000430000000000000000000010000000100000086107026000010724200000095370260000107242000000953700000000000000000000000218516322783598605003958000000
0020020667667938003010011493750000000000025311656901000030000000043000000000043000000001000000010000008610702600001072420000009537026000010724200000095370002185163227835986050039580000
005001066766822400305000277615000000000019812223270710003001360000
002011066766822500305000277615000000000019812223270400001023130004300004300004300000000000000000000100000001000000861070260000107242000000953702600001072420000009537000000000000000000000019300000000000000000000000000218516322783598605003958000000
005001066766842200301001149375000000000002531165690400001000150000
00300101000030000800034400000086107026000010724200000095370260000107242000000953706676684260000
00300108000030000200000000000086107026000010724200000095370260000107242000000953706676684260000
00300104000010000300012900000086107026000010724200000095370260000107242000000953706676684260000
00300101000010000100004300000086107026000010724200000095370260000107242000000953706676684260000
00300106120150000100000000000086107026000010724200000095370260000107242000000953706676684260000
001001026000008610700406676684260260000107242000000953702600001072420000009537020340457900100030000
005001066766842700301001149375000000000002531165690400001000150000
001001026000008610700506676684330260000107242000000953702600001072420000009537020340457900100030000
005001066766882700104083475991000000000011802476241023001002300000
005001066766882800104083475991000000000011802476241023001002300000
002011066766883200104083475991000000000011802476240400001012130004300004300004300000000000000000000100000001000000861070260000107242000000953702600001072420000009537000000000000000000000000000000000000000000000000000218516322783598605003958000000
0020020667668887003010011493750000000000025311656901000030000000043000000000043000000001000000010000008610702600001072420000009537026000010724200000095370002185163227835986050039580000
005001066766889301503003292633000000000019833765460614015000840000
00200306676688940150300329263300000000001983376546061301500024000430000000000000000000010000000100000086107026000010724200000095370260000107242000000953700000000000000000000000218516322783598605003958000000
0020020667668905015030032926330000000000198337654606140150002400043000000000000000000001000000010000008610702600001072420000009537026000010724200000095370002185163227835986050039580000
00200306676689130030400330442900000000003931244581080000305139000430000000000000000000010000000100000086107026000010724200000095370260000107242000000953700000000000000000000000218516322783598605003958000000
0020020667668967003010011493750000000000025311656901000030000000043000000000043000000001000000010000008610702600001072420000009537026000010724200000095370002185163227835986050039580000
0020020667669073003010011493750000000000025311656901000030000000043000000000043000000001000000010000008610702600001072420000009537026000010724200000095370002185163227835986050039580000
0020020667669085003010011493750000000000025311656901000030000000043000000000043000000001000000010000008610702600001072420000009537026000010724200000095370002185163227835986050039580000
005001066766909100104165468912000000000022908434641022001000150000
005001066766909400104165468912000000000022908434641023001002310000
002011066766909700104165468912000000000022908434640400001053400004300004300004300000000000000000000100000001000000861070260000107242000000953702600001072420000009537000000000000000000000000000000000000000000000000000218516322783598605003958000000
0020020667669310003010011493750000000000025311656901000030000000043000000000043000000001000000010000008610702600001072420000009537026000010724200000095370002185163227835986050039580000
0020020667669323003010011493750000000000025311656901000030000000043000000000043000000001000000010000008610702600001072420000009537026000010724200000095370002185163227835986050039580000
0020020667669327003010011493750000000000025311656901000030000000043000000000043000000001000000010000008610702600001072420000009537026000010724200000095370002185163227835986050039580000
005001066766960000104084528028000000000018569367761023001002300000
005001066766960200104084528028000000000018569367761023001002300000
005001066766960600104084528028000000000018569367761023001002300000
005001066766960800104084528028000000000018569367761023001002300000
005001066766961000104084528028000000000018569367761023001002300000
002011066766966000104089470249000000000030770069200400001002680004300004300004300000000000000000000100000001000000861070260000107242000000953702600001072420000009537000000000000000000000000000000000000000000000000000218516322783598605003958000000
002011066766967000117037596898000000000024973635680400001007800004300004300004300000000000000000000100000001000000861070260000107242000000953702600001072420000009537000000000000000000000000000000000000000000000000000218516322783598605003958000000
0020020667669915003010011493750000000000025311656901000030000000043000000000043000000001000000010000008610702600001072420000009537026000010724200000095370002185163227835986050039580000
005001066767111900301001149375000000000002531165690400001000150000
00300104000010000400017200000086107026000010724200000095370260000107242000000953706676711220000
00300101000030000800034400000086107026000010724200000095370260000107242000000953706676711220000
00300106130150000100000000000086107026000010724200000095370260000107242000000953706676711220000
00300106140150000100000000000086107026000010724200000095370260000107242000000953706676711220000
00300108000030000100000000000086107026000010724200000095370260000107242000000953706676711220000
001001026000008610700406676711220260000107242000000953702600001072420000009537020340457900100130000
005001066767128000301001149375000000000002531165690400001000150000
001001026000008610700506676712850260000107242000000953702600001072420000009537020340457900100130000
0020020667671424003010011493750000000000025311656901000030000000043000000000043000000001000000010000008610702600001072420000009537026000010724200000095370002185163227835986050039580000
002011066767145200104151317381000000000025927250640400001001650004300004300004300000000000000000000100000001000000861070260000107242000000953702600001072420000009537000000000000000000000000000000000000000000000000000218516322783598605003958000000
00200306676714630030400286998800000000000335253612080000307198000430000000000000000000010000000100000086107026000010724200000095370260000107242000000953700000000000000000000000218516322783598605003958000000
002011066767147200104156469911000000000024855468240400001014030004300004300004300000000000000000000100000001000000861070260000107242000000953702600001072420000009537000000000000000000000000000000000000000000000000000218516322783598605003958000000
002011066767148600104089829794000000000017124580560400001001790004300004300004300000000000000000000100000001000000861070260000107242000000953702600001072420000009537000000000000000000000000000000000000000000000000000218516322783598605003958000000
00200306676715080030400520636100000000003571760598080000300754000430000000000000000000010000000100000086107026000010724200000095370260000107242000000953700000000000000000000000218516322783598605003958000000
002011066767151900117047545862000000000032036242060400001027200004300004300004300000000000000000000100000001000000861070260000107242000000953702600001072420000009537000000000000000000000000000000000000000000000000000218516322783598605003958000000
005001066767152300104153212111000000000029441651921023001002300000
002011066767152600104153212111000000000029441651920400001013110004300004300004300000000000000000000100000001000000861070260000107242000000953702600001072420000009537000000000000000000000000000000000000000000000000000218516322783598605003958000000
0020020667671541003010011493750000000000025311656901000030000000043000000000043000000001000000010000008610702600001072420000009537026000010724200000095370002185163227835986050039580000
002011066767237600104078698472000000000037557601470400001019520004300004300004300000000000000000000100000001000000861070260000107242000000953702600001072420000009537000000000000000000000019300000000000000000000000000218516322783598605003958000000
005001066767250000104151360871000000000023810716881023001002300000
002011066767250500104151360871000000000023810716880400001001150004300004300004300000000000000000000100000001000000861070260000107242000000953702600001072420000009537000000000000000000000000000000000000000000000000000218516322783598605003958000000
00200306676727470030400527785200000000001983266642080000300144000430000000000000000000010000000100000086107026000010724200000095370260000107242000000953700000000000000000000000218516322783598605003958000000
0020020667672755003010011493750000000000025311656901000030000000043000000000043000000001000000010000008610702600001072420000009537026000010724200000095370002185163227835986050039580000
00200306676727600030400499434800000000003533253638080000301371000430000000000000000000010000000100000086107026000010724200000095370260000107242000000953700000000000000000000000218516322783598605003958000000
002011066767289700109009610831000000000000673756880100001093970004300004300004300000000000000000000100000001000000861070260000107242000000953702600001072420000009537000000000000000000000000000000000000000000000000000218516322783598605003958000000
0020020667673140003010011493750000000000025311656901000030000000043000000000043000000001000000010000008610702600001072420000009537026000010724200000095370002185163227835986050039580000
005001066767334300301001149375000000000002531165690400001000150000
00300101000030000400017200000086107026000010724200000095370260000107242000000953706676733460000
00300104000010000700030100000086107026000010724200000095370260000107242000000953706676733460000
00300108000030000400000000000086107026000010724200000095370260000107242000000953706676733460000
00300101000010000100004300000086107026000010724200000095370260000107242000000953706676733460000
001001026000008610700406676733460260000107242000000953702600001072420000009537020340457900100030000
005001066767334800301001149375000000000002531165690400001000150000
001001026000008610700506676733530260000107242000000953702600001072420000009537020340457900100030000
0020020667673685003010011493750000000000025311656901000030000000043000000000043000000001000000010000008610702600001072420000009537026000010724200000095370002185163227835986050039580000
0020020667673706003010011493750000000000025311656901000030000000043000000000043000000001000000010000008610702600001072420000009537026000010724200000095370002185163227835986050039580000
0020020667673726003010011493750000000000025311656901000030000000043000000000043000000001000000010000008610702600001072420000009537026000010724200000095370002185163227835986050039580000
005001066767373900301001100171000000000003221917690400001000150000
005001066767374200301001100171000000000003221917690400001000150000
00200306676737440030100110017100000000000322191769070000300831000430000000000000000000010000000100000086107026000010724200000095370260000107242000000953700000000000000000000000218516322783598605003958000000
0020020667673829003010011493750000000000025311656901000030000000043000000000043000000001000000010000008610702600001072420000009537026000010724200000095370002185163227835986050039580000
002011066767383400117026780129000000000019458366690400001043820004300004300001200000000000000000000100000001000000861070260000107242000000953702600001072420000009537000000000000000000000000000000000000000000000000000218516322783598605003958000000
002011066767383400117026780129000000000019458366690400001043820004300004300003100000000000000000000100000001000000861070260000107242000000953702600001072420000009537000000000000000000000000000000000000000000000000000218516322783598605003958000000
0020020667673844003010011493750000000000025311656901000030000000043000000000043000000001000000010000008610702600001072420000009537026000010724200000095370002185163227835986050039580000
0020020667673848003010011493750000000000025311656901000030000000043000000000043000000001000000010000008610702600001072420000009537026000010724200000095370002185163227835986050039580000
0020020667673854003010011493750000000000025311656901000030000000043000000000043000000001000000010000008610702600001072420000009537026000010724200000095370002185163227835986050039580000
002011066767385900117049884711000000000009587560750400001051910004300004300004300000000000000000000100000001000000861070260000107242000000953702600001072420000009537000000000000000000000000000000000000000000000000000218516322783598605003958000000
0020020667674280003010011493750000000000025311656901000030000000043000000000043000000001000000010000008610702600001072420000009537026000010724200000095370002185163227835986050039580000
0020020667674283003010011493750000000000025311656901000030000000043000000000043000000001000000010000008610702600001072420000009537026000010724200000095370002185163227835986050039580000
00200306676743590030400342343600000000002141028812080000307476000430000000000000000000010000000100000086107026000010724200000095370260000107242000000953700000000000000000000000218516322783598605003958000000
0020020667674742003010011493750000000000025311656901000030000000043000000000043000000001000000010000008610702600001072420000009537026000010724200000095370002185163227835986050039580000
00600106676753020000000000184735648810230011200000000090000
005001066767530400109109161255000000000018473564880100001000150000
005001066767530500109109161255000000000018473564880100001000360000
005001066767530800109109161255000000000018473564881023001002300000
005001066767531100109109161255000000000018473564881023001002300000
005001066767531400109109161255000000000018473564881023001002300000
005001066767531600109109161255000000000018473564881023001002300000
002011066767562700117054504858000000000012719979840400001016010004300004300004300000000000000000000100000001000000861070260000107242000000953702600001072420000009537000000000000000000000019000000000000000000000000000218516322783598605003958000000
0020020667675701003010011493750000000000025311656901000030000000043000000000043000000001000000010000008610702600001072420000009537026000010724200000095370002185163227835986050039580000
00200306676757600030400415008500000000002659682163080000306860000430000000000000000000010000000100000086107026000010724200000095370260000107242000000953700000000000000000000000218516322783598605003958000000
005001066767619000301001149375000000000002531165690400001000150000
00300101000030001100047300000086107026000010724200000095370260000107242000000953706676761940000
00300107000030000100000000000086107026000010724200000095370260000107242000000953706676761940000
00300104000010000300012900000086107026000010724200000095370260000107242000000953706676761940000
00300108000030000200000000000086107026000010724200000095370260000107242000000953706676761940000
001001026000008610700406676761940260000107242000000953702600001072420000009537020340457900100130000
005001066767634800301001149375000000000002531165690400001000150000
001001026000008610700506676763540260000107242000000953702600001072420000009537020340457900100130000
002011066767661000104152707301000000000026839427280400001023850004300004300004300000000000000000000100000001000000861070260000107242000000953702600001072420000009537000000000000000000000000000000000000000000000000000218516322783598605003958000000
0020020667676619003010011493750000000000025311656901000030000000043000000000043000000001000000010000008610702600001072420000009537026000010724200000095370002185163227835986050039580000
0020020667676629003010011493750000000000025311656901000030000000043000000000043000000001000000010000008610702600001072420000009537026000010724200000095370002185163227835986050039580000
0020020667676637003010011493750000000000025311656901000030000000043000000000043000000001000000010000008610702600001072420000009537026000010724200000095370002185163227835986050039580000
0020020667676646003010011493750000000000025311656901000030000000043000000000043000000001000000010000008610702600001072420000009537026000010724200000095370002185163227835986050039580000
0020020667676662003010011493750000000000025311656901000030000000043000000000043000000001000000010000008610702600001072420000009537026000010724200000095370002185163227835986050039580000
005001066767667000104156442851000000000027102976721023001002300000
005001066767667200104156442851000000000027102976721023001002300000
002011066767667700104156442851000000000027102976720400001001230004300004300000000000000008550000000100000001000000861070260000107242000000953702600001072420000009537100000000000000000000300000000000000000000000000000218516322783598605003958000000
0020020667676681003010011493750000000000025311656901000030000000043000000000043000000001000000010000008610702600001072420000009537026000010724200000095370002185163227835986050039580000
005001066767668600104085161594000000000016955479761023001002300000
005001066767668700104085161594000000000016955479761023001002300000
002011066767668900104085161594000000000016955479760400001006730004300004300004300000000000000000000100000001000000861070260000107242000000953702600001072420000009537000000000000000000000000000000000000000000000000000218516322783598605003958000000
00200306676766970030400479886700000000001546039202080000303327000430000000000000000000010000000100000086107026000010724200000095370260000107242000000953700000000000000000000000218516322783598605003958000000
0020020667676707003010011493750000000000025311656901000030000000043000000000043000000001000000010000008610702600001072420000009537026000010724200000095370002185163227835986050039580000
005001066767678700109126174009000000000002259059921023001002300000
005001066767679000109126174009000000000002259059921023001002300000
005001066767679300109126174009000000000002259059921023001002300000
002011066767679700109126174009000000000002259059920100001004210004300004300004300000000000000000000100000001000000861070260000107242000000953702600001072420000009537000000000000000000000000000000000000000000000000000218516322783598605003958000000
005001066767689200104088370356000000000029348828880400001000150000
005001066767689200104088370356000000000029348828880400001000150000
002011066767689400104088370356000000000029348828880400001005520004300004300004300000000000000000000100000001000000861070260000107242000000953702600001072420000009537000000000000000000000000000000000000000000000000000218516322783598605003958000000
0020020667677136003010011493750000000000025311656901000030000000043000000000043000000001000000010000008610702600001072420000009537026000010724200000095370002185163227835986050039580000
0020020667677256003010011493750000000000025311656901000030000000043000000000043000000001000000010000008610702600001072420000009537026000010724200000095370002185163227835986050039580000
002011066767727500104166110876000000000024246508240400001021510004300004300000000000000008550000000100000001000000861070260000107242000000953702600001072420000009537100000000000000000000300000000000000000000000000000218516322783598605003958000000
002011066767730400104162086083000000000028432464080400001015410004300004300000000000000008550000000100000001000000861070260000107242000000953702600001072420000009537100000000000000000000300000000000000000000000000000218516322783598605003958000000
0020020667677552003010011493750000000000025311656901000030000000043000000000043000000001000000010000008610702600001072420000009537026000010724200000095370002185163227835986050039580000
00200306676778280030400508942800000000000252114169080000300529000430000000000000000000010000000100000086107026000010724200000095370260000107242000000953700000000000000000000000218516322783598605003958000000
0020020667677855003010011493750000000000025311656901000030000000043000000000043000000001000000010000008610702600001072420000009537026000010724200000095370002185163227835986050039580000
0020020667678049003010011493750000000000025311656901000030000000043000000000043000000001000000010000008610702600001072420000009537026000010724200000095370002185163227835986050039580000
005001066767817300104164107436000000000023107456721023001002300000
005001066767817500104164107436000000000023107456721023001002300000
005001066767817800104164107436000000000023107456720400001000360000
005001066767818100104164107436000000000023107456720400001000150000
005001066767818200104164107436000000000023107456720400001000150000
005001066767818300104164107436000000000023107456720400001000150000
002011066767818300104164107436000000000023107456720400001035890004300004300004300000000000000000000100000001000000861070260000107242000000953702600001072420000009537000000000000000000000000000000000000000000000000000218516322783598605003958000000
0020020667678532003010011493750000000000025311656901000030000000043000000000043000000001000000010000008610702600001072420000009537026000010724200000095370002185163227835986050039580000
005001066767873500301001149375000000000002531165690400001000150000
00300104000010000700030100000086107026000010724200000095370260000107242000000953706676787380000
00300101000030001300055900000086107026000010724200000095370260000107242000000953706676787380000
00300108000030000200000000000086107026000010724200000095370260000107242000000953706676787380000
00300101000010000100004300000086107026000010724200000095370260000107242000000953706676787380000
001001026000008610700406676787380260000107242000000953702600001072420000009537020340457900100030000
005001066767874000301001149375000000000002531165690400001000150000
001001026000008610700506676787460260000107242000000953702600001072420000009537020340457900100030000
00200306676792670030400399784100000000001011194491080000304971000430000000000000000000010000000100000086107026000010724200000095370260000107242000000953700000000000000000000000218516322783598605003958000000
00200306676797700150300328645500000000003569867302061201500100000430000000000000000000010000000100000086107026000010724200000095370260000107242000000953700000000000000000000000218516322783598605003958000000
0020020667680374003010011493750000000000025311656901000030000000043000000000043000000001000000010000008610702600001072420000009537026000010724200000095370002185163227835986050039580000
005001066768037900104163899754000000000022912940241023001002300000
005001066768038200104163899754000000000022912940240400001000150000
005001066768038300104163899754000000000022912940240400001000360000
002011066768038700104163899754000000000022912940240400001018140004300004300004300000000000000000000100000001000000861070260000107242000000953702600001072420000009537000000000000000000000000000000000000000000000000000218516322783598605003958000000
0020020667680519003010011493750000000000025311656901000030000000043000000000043000000001000000010000008610702600001072420000009537026000010724200000095370002185163227835986050039580000
005001066768089400301001149375000000000002531165690400001000150000
00300108000030000100000000000086107026000010724200000095370260000107242000000953706676808980000
00300106120150000100000000000086107026000010724200000095370260000107242000000953706676808980000
00300101000030000200008600000086107026000010724200000095370260000107242000000953706676808980000
00300104000010000100004300000086107026000010724200000095370260000107242000000953706676808980000
001001026000008610700406676808980260000107242000000953702600001072420000009537020340457900100130000
0020020667681157003010011493750000000000025311656901000030000000043000000000043000000001000000010000008610702600001072420000009537026000010724200000095370002185163227835986050039580000
005001066768116300104088020746000000000018119127761023001002300000
005001066768116500104088020746000000000018119127761023001002300000
002011066768117000104088020746000000000018119127760400001010840004300004300004300000000000000000000100000001000000861070260000107242000000953702600001072420000009537000000000000000000000000000000000000000000000000000218516322783598605003958000000
002011066768118100104152735607000000000028456553680400001029370004300004300004300000000000000000000100000001000000861070260000107242000000953702600001072420000009537000000000000000000000000000000000000000000000000000218516322783598605003958000000
0020020667681195003010011493750000000000025311656901000030000000043000000000043000000001000000010000008610702600001072420000009537026000010724200000095370002185163227835986050039580000
0020020667681206003010011493750000000000025311656901000030000000043000000000043000000001000000010000008610702600001072420000009537026000010724200000095370002185163227835986050039580000
0020020667681385003010011493750000000000025311656901000030000000043000000000043000000001000000010000008610702600001072420000009537026000010724200000095370002185163227835986050039580000
005001066768139100104081707614000000000001834954961023001002300000
005001066768139300104081707614000000000001834954961023001002300000
005001066768139600104081707614000000000001834954961023001002300000
005001066768140300104081707614000000000001834954961023001002300000
005001066768140600104081707614000000000001834954961023001002300000
005001066768141300104081707614000000000001834954961023001002300000
005001066768172600104087907356000000000017107584721023001002300000
002011066768172800104087907356000000000017107584720400001008820004300004300004300000000000000000000100000001000000861070260000107242000000953702600001072420000009537000000000000000000000019000000000000000000000000000218516322783598605003958000000
005001066768176800301001149375000000000002531165690400001000150000
00300101000030000400017200000086107026000010724200000095370260000107242000000953706676817740000
00300104000010000300012900000086107026000010724200000095370260000107242000000953706676817740000
001001026000008610700506676817740260000107242000000953702600001072420000009537020340457900100130000
0020020667681830003010011493750000000000025311656901000030000000043000000000043000000001000000010000008610702600001072420000009537026000010724200000095370002185163227835986050039580000
005001066768191700104164879341000000000022915561681023001002300000
002011066768192000104164879341000000000022915561680400001040970004300004300004300000000000000000000100000001000000861070260000107242000000953702600001072420000009537000000000000000000000000000000000000000000000000000218516322783598605003958000000
0020020667682384003010011493750000000000025311656901000030000000043000000000043000000001000000010000008610702600001072420000009537026000010724200000095370002185163227835986050039580000
0020020667682513003010011493750000000000025311656901000030000000043000000000043000000001000000010000008610702600001072420000009537026000010724200000095370002185163227835986050039580000
0020020667682621003010011493750000000000025311656901000030000000043000000000043000000001000000010000008610702600001072420000009537026000010724200000095370002185163227835986050039580000
0020020667682919003010011493750000000000025311656901000030000000043000000000043000000001000000010000008610702600001072420000009537026000010724200000095370002185163227835986050039580000
005001066768344500301001149375000000000002531165690400001000150000
00300101000030000500021500000086107026000010724200000095370260000107242000000953706676834490000
00300104000010000100004300000086107026000010724200000095370260000107242000000953706676834490000
001001026000008610700406676834490260000107242000000953702600001072420000009537020340457900100030000
005001066768345000301001149375000000000002531165690400001000150000
001001026000008610700506676834560260000107242000000953702600001072420000009537020340457900100030000
005001066768446400301001121268000000000008724436090400001000150000
005001066768446700301001121268000000000008724436090400001000150000
00200306676844690030100112126800000000000872443609070000301214000430000000000000000000010000000100000086107026000010724200000095370260000107242000000953700000000000000000000000218516322783598605003958000000
005001066768471200104165721022000000000023062009040400001000360000
005001066768471600104165721022000000000023062009041023001002300000
005001066768471800104165721022000000000023062009041023001002300000
002011066768472100104165721022000000000023062009040400001022090004300004300004300000000000000000000100000001000000861070260000107242000000953702600001072420000009537000000000000000000000000000000000000000000000000000218516322783598605003958000000
0020020667684727003010011493750000000000025311656901000030000000043000000000043000000001000000010000008610702600001072420000009537026000010724200000095370002185163227835986050039580000
0020020667684732003010011493750000000000025311656901000030000000043000000000043000000001000000010000008610702600001072420000009537026000010724200000095370002185163227835986050039580000
005001066768498500104163941114000000000024375719120400001000360000
005001066768498900104163941114000000000024375719120400001000360000
002011066768499300104163941114000000000024375719120400001023630004300004300004300000000000000000000100000001000000861070260000107242000000953702600001072420000009537000000000000000000000000000000000000000000000000000218516322783598605003958000000
005001066768553700301001149375000000000002531165690400001000150000
00300107000030000100000000000086107026000010724200000095370260000107242000000953706676855410000
00300104000010000200008600000086107026000010724200000095370260000107242000000953706676855410000
00300101000030000200008600000086107026000010724200000095370260000107242000000953706676855410000
001001026000008610700406676855410260000107242000000953702600001072420000009537020340457900100130000
005001066768554200301001149375000000000002531165690400001000150000
001001026000008610700506676855470260000107242000000953702600001072420000009537020340457900100130000
005001066768556100104162234261000000000025120689361023001002300000
002011066768556400104162234261000000000025120689360400001023960004300004300004300000000000000000000100000001000000861070260000107242000000953702600001072420000009537000000000000000000000000000000000000000000000000000218516322783598605003958000000
005001066768559900104163141381000000000017619093201023001002300000
005001066768560300104163141381000000000017619093201023001002300000
002011066768560600104163141381000000000017619093200400001015470004300004300000450000000000000000000100000001000000861070260000107242000000953702600001072420000009537000000000000000000000000000000000000000000000000000218516322783598605003958000000
002011066768560600104163141381000000000017619093200400001015470004300004300003850000000000000000000100000001000000861070260000107242000000953702600001072420000009537000000000000000000000000000000000000000000000000000218516322783598605003958000000
002011066768561200117059065755000000000006507082730400001023530004300004300004300000000000000000000100000001000000861070260000107242000000953702600001072420000009537000000000000000000000000000000000000000000000000000218516322783598605003958000000
0020020667685670003010011493750000000000025311656901000030000000043000000000043000000001000000010000008610702600001072420000009537026000010724200000095370002185163227835986050039580000
0020020667685698003010011493750000000000025311656901000030000000043000000000043000000001000000010000008610702600001072420000009537026000010724200000095370002185163227835986050039580000
0020020667685811003010011493750000000000025311656901000030000000043000000000043000000001000000010000008610702600001072420000009537026000010724200000095370002185163227835986050039580000
005001066768584800109124391691000000000002392886481023001002300000
002011066768585100109124391691000000000002392886480100001023590004300004300004300000000000000000000100000001000000861070260000107242000000953702600001072420000009537000000000000000000000000000010000000000000000000100218516322783598605003958000000
0020020667685975003010011493750000000000025311656901000030000000043000000000043000000001000000010000008610702600001072420000009537026000010724200000095370002185163227835986050039580000
002011066768609100117049650264000000000031167047940400001015720004300004300004300000000000000000000100000001000000861070260000107242000000953702600001072420000009537000000000000000000000000000000000000000000000000000218516322783598605003958000000
002011066768611600104162590326000000000028375588560400001087310004300004300000000000000008550000000100000001000000861070260000107242000000953702600001072420000009537100000000000000000000300000000000000000000000000000218516322783598605003958000000
005001066770004100109076026648000000000033368241361023001002300000
005001066770004400109076026648000000000033368241360100001000150000
005001066770004400109076026648000000000033368241360100001000150000
005001066770004500109076026648000000000033368241361023001002300000
005001066770004700109076026648000000000033368241361023001002300000
002011066770005400109076026648000000000033368241360100001000280004300004300004300000000000000000000100000001000000861070260000107242000000953702600001072420000009537000000000000000000000000000000000000000000000000000218516322783598605003958000000
0020020667700516003010011493750000000000025311656901000030000000043000000000043000000001000000010000008610702600001072420000009537026000010724200000095370002185163227835986050039580000
005001066770157900301001149375000000000002531165690400001000150000
00300104000010000500021500000086107026000010724200000095370260000107242000000953706677015820000
00300101000030000500021500000086107026000010724200000095370260000107242000000953706677015820000
00300101000010000200008600000086107026000010724200000095370260000107242000000953706677015820000
001001026000008610700406677015820260000107242000000953702600001072420000009537020340457900100030000
005001066770158400301001149375000000000002531165690400001000150000
001001026000008610700306677015880260000107242000000953702600001072420000009537020340457900100030000
02000100106677024390030100114937500000000000253116569026000010724200000095370018601000008610702600001072420000009537026000010724200000095370000
0210010300120000086107026000010724200000095370260000107242000000953706677024390000
0210010400700000086107026000010724200000095370260000107242000000953706677024390000
0210010800020000086107026000010724200000095370260000107242000000953706677024390000
0210010900020000086107026000010724200000095370260000107242000000953706677024390000
0210011000010000086107026000010724200000095370260000107242000000953706677024390000
0210011100010000086107026000010724200000095370260000107242000000953706677024390000
0210011800140000086107026000010724200000095370260000107242000000953706677024390000
0210012500210000086107026000010724200000095370260000107242000000953706677024390000
010001001026000010724200000095370000086107066770243900500000
001001026000008610700206677024440260000107242000000953700000000000000000000000020340457900100030000
010001001026000010724200000095370000086107066770245000400000
001001026000008610700106677024560000000107242000000000000000000000000000000000020340457900100030000
03400667666273000008610700005C06676662730667668426000008610704579V00001072420000107242010000039000430000000001000000010100000010000001000000010000000104000001800043000000000100000001061200001000000000000001000000010800000080000000000000010000000108000000800000000000000100000001080000008000000000000001000000010800000080000000000000010000000108000000800000000000000100000001080000008000000000000001000000010800000080000000000000010000000108000000800000000000000100000001080000008000000000000001000000010800000080000000000000010000000108000000800000000000000100000001
