1000020260000086172003063600108048651614030024780000
0450010000000002000000000106675753230000
0450010000000002000000000106675819990000
0450010000000002000000000106675832890000
0450010000000002000000000106675845780000
0450010000000002000000000106675858660000
0450010000000002000000000106676007530000
0450010000000002000000000106676075500000
0450010000000002000000000106676198050000
001001026000008617200206676210160000000088086000000000000000000000000000000000000000000000000000000
010001001026000008808600000064270000086172066762102200100000
0350010667621034395248630000120500000002010000
010001001026000008808600000064270000086172066762103600200000
001001026000008617200306676210490260000088086000000642702600000880860000006427000000000000000010000
001001026000008617200406676210570260000088086000000642702600000880860000006427020290457400100110000
005001066762105900301001011179000000000039524863300400001000150000
001001026000008617200506676210640260000088086000000642702600000880860000006427020290457400100110000
002011066762190900104082604266000000000007250499280400001009140004650004650004650000000000000000000100000001000000861720260000088086000000642702600000880860000006427000000000000000000000000000000000000000000000000006360010804865161403002478000000
00200306676220120150300260449600000000001113438266061201501619000465000000000000000000010000000100000086172026000008808600000064270260000088086000000642700000000000000000000006360010804865161403002478000000
002011066762354400104151572461000000000026089252560400001000450004650004650004650000000000000000000100000001000000861720260000088086000000642702600000880860000006427000000000000000000000000000000000000000000000000006360010804865161403002478000000
002011066762409400109125551739000000000003614544080100001000800004650004650004650000000000000000000100000001000000861720260000088086000000642702600000880860000006427000000000000000000000000000000000000000000000000006360010804865161403002478000000
00200306676242840030400523341300000000001546023826080000300208000465000000000000000000010000000100000086172026000008808600000064270260000088086000000642700000000000000000000006360010804865161403002478000000
002011066762435200104088756271000000000028097209040400001002390004650004650004650000000000000000000100000001000000861720260000088086000000642702600000880860000006427000000000000000000000000000000000000000000000000006360010804865161403002478000000
00200306676244380030400529407200000000001983163922080000300288000465000000000000000000010000000100000086172026000008808600000064270260000088086000000642700000000000000000000006360010804865161403002478000000
0020020667624488003010010111790000000000395248633001000030000000046500000000046500000001000000010000008617202600000880860000006427026000008808600000064270063600108048651614030024780000
005001066762488301503003289128000000000005725241630614015000840000
00200306676248830150300328912800000000000572524163061301500011000465000000000000000000010000000100000086172026000008808600000064270260000088086000000642700000000000000000000006360010804865161403002478000000
0020020667624892015030032891280000000000057252416306140150000800046500000000000000000001000000010000008617202600000880860000006427026000008808600000064270063600108048651614030024780000
005001066762573500301001011179000000000039524863300400001000150000
00300104000010000300013950000086172026000008808600000064270260000088086000000642706676257380000
00300106120150000100000000000086172026000008808600000064270260000088086000000642706676257380000
00300101000010000100004650000086172026000008808600000064270260000088086000000642706676257380000
00300108000030000200000000000086172026000008808600000064270260000088086000000642706676257380000
00300101000030000100004650000086172026000008808600000064270260000088086000000642706676257380000
00300106130150000100000000000086172026000008808600000064270260000088086000000642706676257380000
00300106140150000100000000000086172026000008808600000064270260000088086000000642706676257380000
001001026000008617200406676257380260000088086000000642702600000880860000006427020290457400100010000
005001066762574000301001011179000000000039524863300400001000150000
001001026000008617200506676257450260000088086000000642702600000880860000006427020290457400100010000
005001066762574700301001011179000000000039524863300400001000150000
001001026000008617200406676257500260000088086000000642702600000880860000006427020290457400100110000
005001066762674400301001011179000000000039524863300400001000150000
001001026000008617200506676267490260000088086000000642702600000880860000006427020290457400100110000
00200306676267600030400512556400000000000455662713080000300204000465000000000000000000010000000100000086172026000008808600000064270260000088086000000642700000000000000000000006360010804865161403002478000000
0020020667626781003010010111790000000000395248633001000030000000046500000000046500000001000000010000008617202600000880860000006427026000008808600000064270063600108048651614030024780000
0020020667626789003010010111790000000000395248633001000030000000046500000000046500000001000000010000008617202600000880860000006427026000008808600000064270063600108048651614030024780000
0020020667626795003010010111790000000000395248633001000030000000046500000000046500000001000000010000008617202600000880860000006427026000008808600000064270063600108048651614030024780000
0020020667626804003010010111790000000000395248633001000030000000046500000000046500000001000000010000008617202600000880860000006427026000008808600000064270063600108048651614030024780000
0020020667626814003010010111790000000000395248633001000030000000046500000000046500000001000000010000008617202600000880860000006427026000008808600000064270063600108048651614030024780000
0020020667626819003010010111790000000000395248633001000030000000046500000000046500000001000000010000008617202600000880860000006427026000008808600000064270063600108048651614030024780000
00200306676268260030400529404800000000001983517442080000300102000465000000000000000000010000000100000086172026000008808600000064270260000088086000000642700000000000000000000006360010804865161403002478000000
002011066762683600104152375414000000000023354655440400001002850004650004650004600004600008550000000100000001000000861720260000088086000000642702600000880860000006427100000000000000000000300000000000000000000000000006360010804865161403002478000000
0020020667626842003010010111790000000000395248633001000030000000046500000000046500000001000000010000008617202600000880860000006427026000008808600000064270063600108048651614030024780000
005001066762685000304004631407000000000041422460111023003000150000
00200306676268520030400463140700000000004142246011080000301246000465000000000000000000010000000100000086172026000008808600000064270260000088086000000642700000000000000000000006360010804865161403002478000000
002011066762703500117050715935000000000023695232850400001011730004650004650004600004600008550000000100000001000000861720260000088086000000642702600000880860000006427100000000000000000000300000000000000000000000000006360010804865161403002478000000
0020020667627044003010010111790000000000395248633001000030000000046500000000046500000001000000010000008617202600000880860000006427026000008808600000064270063600108048651614030024780000
0020020667627049003010010111790000000000395248633001000030000000046500000000046500000001000000010000008617202600000880860000006427026000008808600000064270063600108048651614030024780000
0020020667627076003010010111790000000000395248633001000030000000046500000000046500000001000000010000008617202600000880860000006427026000008808600000064270063600108048651614030024780000
0020020667627117003010010111790000000000395248633001000030000000046500000000046500000001000000010000008617202600000880860000006427026000008808600000064270063600108048651614030024780000
005001066762712400104085553948000000000016032517841022001000150000
002011066762712800104085553948000000000016032517840400001005270004650004650004600004600008550000000100000001000000861720260000088086000000642702600000880860000006427100000000000000000000300000000000000000000000000006360010804865161403002478000000
0020020667627172003010010111790000000000395248633001000030000000046500000000046500000001000000010000008617202600000880860000006427026000008808600000064270063600108048651614030024780000
00200306676272280030400437166900000000002517656378080000304282000465000000000000000000010000000100000086172026000008808600000064270260000088086000000642700000000000000000000006360010804865161403002478000000
00200306676272380030500043776100000000002736078969071000300384000465000000000000000000010000000100000086172026000008808600000064270260000088086000000642700000000000000000000006360010804865161403002478000000
0020020667627248003010010111790000000000395248633001000030000000046500000000046500000001000000010000008617202600000880860000006427026000008808600000064270063600108048651614030024780000
0020020667627254003010010111790000000000395248633001000030000000046500000000046500000001000000010000008617202600000880860000006427026000008808600000064270063600108048651614030024780000
0020020667627259003010010111790000000000395248633001000030000000046500000000046500000001000000010000008617202600000880860000006427026000008808600000064270063600108048651614030024780000
0020020667627263003010010111790000000000395248633001000030000000046500000000046500000001000000010000008617202600000880860000006427026000008808600000064270063600108048651614030024780000
0020020667627274003010010111790000000000395248633001000030000000046500000000046500000001000000010000008617202600000880860000006427026000008808600000064270063600108048651614030024780000
00200306676273840030400490647300000000000455101513080000301211000465000000000000000000010000000100000086172026000008808600000064270260000088086000000642700000000000000000000006360010804865161403002478000000
00200306676275110030400473610100000000002523526794080000300907000465000000000000000000010000000100000086172026000008808600000064270260000088086000000642700000000000000000000006360010804865161403002478000000
00200306676280320030400237083500000000003415721476080000304071000465000000000000000000010000000100000086172026000008808600000064270260000088086000000642700000000000000000000006360010804865161403002478000000
005001066762876700305000449459000000000003190740660400001000150000
005001066762877800305000449459000000000003190740660400001000150000
005001066762878100305000449459000000000003190740660400001000150000
00200306676287810030500044945900000000000319074066071000300006000465000000000000000000010000000100000086172026000008808600000064270260000088086000000642700000000000000000000006360010804865161403002478000000
0020020667628941003010010111790000000000395248633001000030000000046500000000046500000001000000010000008617202600000880860000006427026000008808600000064270063600108048651614030024780000
0020020667628957003010010111790000000000395248633001000030000000046500000000046500000001000000010000008617202600000880860000006427026000008808600000064270063600108048651614030024780000
005001066762945200301001011179000000000039524863300400001000150000
00300108000030000700000000000086172026000008808600000064270260000088086000000642706676294560000
00300101000030001900088350000086172026000008808600000064270260000088086000000642706676294560000
00300104000010000300013950000086172026000008808600000064270260000088086000000642706676294560000
00300107100030000200000000000086172026000008808600000064270260000088086000000642706676294560000
001001026000008617200406676294560260000088086000000642702600000880860000006427020290457400100010000
005001066763050300301001011179000000000039524863300400001000150000
001001026000008617200506676305090260000088086000000642702600000880860000006427020290457400100010000
0020020667630527003010010111790000000000395248633001000030000000046500000000046500000001000000010000008617202600000880860000006427026000008808600000064270063600108048651614030024780000
00200306676311780030400236781800000000003408771252080000304967000465000000000000000000010000000100000086172026000008808600000064270260000088086000000642700000000000000000000006360010804865161403002478000000
0020020667631340003010010111790000000000395248633001000030000000046500000000046500000001000000010000008617202600000880860000006427026000008808600000064270063600108048651614030024780000
002011066763149300104087886121000000000015993439440400001002440004650004650004650000000000000000000100000001000000861720260000088086000000642702600000880860000006427000000000000000000000000000000000000000000000000006360010804865161403002478000000
0020020667631620003010010111790000000000395248633001000030000000046500000000046500000001000000010000008617202600000880860000006427026000008808600000064270063600108048651614030024780000
00200306676317210030400235729400000000001026576756080000303775000465000000000000000000010000000100000086172026000008808600000064270260000088086000000642700000000000000000000006360010804865161403002478000000
005001066763173001503002817201000000000011349947380614015000840000
00200306676317300150300281720100000000001134994738061301500397000465000000000000000000010000000100000086172026000008808600000064270260000088086000000642700000000000000000000006360010804865161403002478000000
00200306676319210030400247078300000000002442208730080000303946000465000000000000000000010000000100000086172026000008808600000064270260000088086000000642700000000000000000000006360010804865161403002478000000
005001066763207800304005009637000000000015460377780800003000150000
00200306676320880030400500963700000000001546037778080000300439000465000000000000000000010000000100000086172026000008808600000064270260000088086000000642700000000000000000000006360010804865161403002478000000
00200306676321060030400411755100000000000572191667080000301671000465000000000000000000010000000100000086172026000008808600000064270260000088086000000642700000000000000000000006360010804865161403002478000000
002011066763277900104156381796000000000026921651920400001000290004650004650004650000000000000000000100000001000000861720260000088086000000642702600000880860000006427000000000000000000000000000000000000000000000000006360010804865161403002478000000
005001066763290700301001011179000000000039524863300400001000150000
00300101000030000300013950000086172026000008808600000064270260000088086000000642706676329110000
00300108000030000500000000000086172026000008808600000064270260000088086000000642706676329110000
00300104000010000200009300000086172026000008808600000064270260000088086000000642706676329110000
00300106130150000100000000000086172026000008808600000064270260000088086000000642706676329110000
001001026000008617200406676329110260000088086000000642702600000880860000006427020290457400100110000
005001066763393900301001011179000000000039524863300400001000150000
001001026000008617200506676339440260000088086000000642702600000880860000006427020290457400100110000
00200306676339510150300292939500000000002530904682061201500807000465000000000000000000010000000100000086172026000008808600000064270260000088086000000642700000000000000000000006360010804865161403002478000000
002011066763396100109072018357000000000029706599120100001000690004650004650004650000000000000000000100000001000000861720260000088086000000642702600000880860000006427000000000000000000000000000000000000000000000000006360010804865161403002478000000
00200306676339670020400799818600000000001626363022080000214538000465000000000000000000010000000100000086172026000008808600000064270260000088086000000642700000000000000000000006360010804865161403002478000000
0020020667633976003010010111790000000000395248633001000030000000046500000000046500000001000000010000008617202600000880860000006427026000008808600000064270063600108048651614030024780000
00200306676339850030400364210300000000002075614796080000303174000465000000000000000000010000000100000086172026000008808600000064270260000088086000000642700000000000000000000006360010804865161403002478000000
0020020667634013003010010111790000000000395248633001000030000000046500000000046500000001000000010000008617202600000880860000006427026000008808600000064270063600108048651614030024780000
00200306676340190030400526571400000000001548031922080000300129000465000000000000000000010000000100000086172026000008808600000064270260000088086000000642700000000000000000000006360010804865161403002478000000
0020020667634034003010010111790000000000395248633001000030000000046500000000046500000001000000010000008617202600000880860000006427026000008808600000064270063600108048651614030024780000
0020020667634257003010010111790000000000395248633001000030000000046500000000046500000001000000010000008617202600000880860000006427026000008808600000064270063600108048651614030024780000
0020020667634310003010010111790000000000395248633001000030000000046500000000046500000001000000010000008617202600000880860000006427026000008808600000064270063600108048651614030024780000
0020020667634314003010010111790000000000395248633001000030000000046500000000046500000001000000010000008617202600000880860000006427026000008808600000064270063600108048651614030024780000
00200306676343220030400345628800000000001962727708080000303112000465000000000000000000010000000100000086172026000008808600000064270260000088086000000642700000000000000000000006360010804865161403002478000000
0020020667634347003010010111790000000000395248633001000030000000046500000000046500000001000000010000008617202600000880860000006427026000008808600000064270063600108048651614030024780000
0020020667634475003010010111790000000000395248633001000030000000046500000000046500000001000000010000008617202600000880860000006427026000008808600000064270063600108048651614030024780000
00200306676344800030400385828900000000003442742299080000304303000465000000000000000000010000000100000086172026000008808600000064270260000088086000000642700000000000000000000006360010804865161403002478000000
0020020667634490003010010111790000000000395248633001000030000000046500000000046500000001000000010000008617202600000880860000006427026000008808600000064270063600108048651614030024780000
0020020667634596003010010111790000000000395248633001000030000000046500000000046500000001000000010000008617202600000880860000006427026000008808600000064270063600108048651614030024780000
00200306676346940030400531165100000000001546027202080000300102000465000000000000000000010000000100000086172026000008808600000064270260000088086000000642700000000000000000000006360010804865161403002478000000
002011066763492600104088877809000000000024804232400400001002740004650004650004600004600008550000000100000001000000861720260000088086000000642702600000880860000006427100000000000000000000300000000000000000000000000006360010804865161403002478000000
0020020667634939003010010111790000000000395248633001000030000000046500000000000000000001000000011000008617202600000880860000006427026000008808600000064270063600108048651614030024780000
0040010306676349540000
00200306676357360150300303975100000000001032350704061201500940000465000000000000000000010000000100000086172026000008808600000064270260000088086000000642700000000000000000000006360010804865161403002478000000
005001066763654600301001011179000000000039524863300400001000150000
00300106120150000200000000000086172026000008808600000064270260000088086000000642706676365490000
00300101000010000100004650000086172026000008808600000064270260000088086000000642706676365490000
00300108000020000100000000000086172026000008808600000064270260000088086000000642706676365490000
00300101000030001000046500000086172026000008808600000064270260000088086000000642706676365490000
00300108000030000500000000000086172026000008808600000064270260000088086000000642706676365490000
00300104000010000100004650000086172026000008808600000064270260000088086000000642706676365490000
001001026000008617200406676365490260000088086000000642702600000880860000006427020290457400100010000
005001066763688000301001011179000000000039524863300400001000150000
005001066763688000301001011179000000000039524863301007003000150000
005001066763688100301001011179000000000039524863300400001000150000
001001026000008617200506676368860260000088086000000642702600000880860000006427020290457400100010000
00200306676368990030400331574900000000003931642021080000300098000465000000000000000000010000000100000086172026000008808600000064270260000088086000000642700000000000000000000006360010804865161403002478000000
0020020667636917003010010111790000000000395248633001000030000000046500000000046500000001000000010000008617202600000880860000006427026000008808600000064270063600108048651614030024780000
00200306676369220030400382050800000000003931138309080000303632000465000000000000000000010000000100000086172026000008808600000064270260000088086000000642700000000000000000000006360010804865161403002478000000
00200306676369390030400494233100000000002523866970080000300270000465000000000000000000010000000100000086172026000008808600000064270260000088086000000642700000000000000000000006360010804865161403002478000000
0020020667636982003010010111790000000000395248633001000030000000046500000000046500000001000000010000008617202600000880860000006427026000008808600000064270063600108048651614030024780000
002011066763701900104151132551000000000025875520720400001001110004650004650004650000000000000000000100000001000000861720260000088086000000642702600000880860000006427000000000000000000000000000000000000000000000000006360010804865161403002478000000
00200306676371280030400522501100000000002523845594080000300228000465000000000000000000010000000100000086172026000008808600000064270260000088086000000642700000000000000000000006360010804865161403002478000000
00200306676372020030400523807500000000002523819322080000300408000465000000000000000000010000000100000086172026000008808600000064270260000088086000000642700000000000000000000006360010804865161403002478000000
00200306676372110030400236173900000000003411255108080000302539000465000000000000000000010000000100000086172026000008808600000064270260000088086000000642700000000000000000000006360010804865161403002478000000
0020020667637222003010010111790000000000395248633001000030000000046500000000046500000001000000010000008617202600000880860000006427026000008808600000064270063600108048651614030024780000
00200306676372270020401729904300000000000040946405080000200048000465000000000000000000010000000100000086172026000008808600000064270260000088086000000642700000000000000000000006360010804865161403002478000000
002011066763787300104083890106000000000008651456720400001006670004650004650004650000000000000000000100000001000000861720260000088086000000642702600000880860000006427000000000000000000000000000000000000000000000000006360010804865161403002478000000
00200306676383720030400248898400000000003413575284080000304435000465000000000000000000010000000100000086172026000008808600000064270260000088086000000642700000000000000000000006360010804865161403002478000000
00200306676383860150300269651100000000002357067318061201501186000465000000000000000000010000000100000086172026000008808600000064270260000088086000000642700000000000000000000006360010804865161403002478000000
002011066763843300104164627715000000000024358398160400001009790004650004650004650000000000000000000100000001000000861720260000088086000000642702600000880860000006427000000000000000000000000000000000000000000000000006360010804865161403002478000000
00200306676385400030400497984500000000001548174418080000300355000465000000000000000000010000000100000086172026000008808600000064270260000088086000000642700000000000000000000006360010804865161403002478000000
0020020667638551003010010111790000000000395248633001000030000000046500000000046500000001000000010000008617202600000880860000006427026000008808600000064270063600108048651614030024780000
005001066763923500301001065066000000000011095411620400001000150000
00300108000030000800000000000086172026000008808600000064270260000088086000000642706676392380000
00300101000030000400018600000086172026000008808600000064270260000088086000000642706676392380000
00300104000010000300013950000086172026000008808600000064270260000088086000000642706676392380000
00300108000020000100000000000086172026000008808600000064270260000088086000000642706676392380000
00300106120150000100000000000086172026000008808600000064270260000088086000000642706676392380000
001001026000008617200406676392380260000088086000000642702600000880860000006427020290457400100110000
005001066764005900301001011179000000000039524863300400001000150000
001001026000008617200506676400650260000088086000000642702600000880860000006427020290457400100110000
00200306676400710030400311100100000000001958945596080000304588000465000000000000000000010000000100000086172026000008808600000064270260000088086000000642700000000000000000000006360010804865161403002478000000
0020020667640085003010010111790000000000395248633001000030000000046500000000046500000001000000010000008617202600000880860000006427026000008808600000064270063600108048651614030024780000
0020020667640098003010010111790000000000395248633001000030000000046500000000046500000001000000010000008617202600000880860000006427026000008808600000064270063600108048651614030024780000
002011066764010300109001006224000000000006684037840100001009840004650004650004650000000000000000000100000001000000861720260000088086000000642702600000880860000006427000000000000000000000000000000000000000000000000006360010804865161403002478000000
00200306676401160030400369807900000000003933971221080000301252000465000000000000000000010000000100000086172026000008808600000064270260000088086000000642700000000000000000000006360010804865161403002478000000
0020020667640130003010010111790000000000395248633001000030000000046500000000046500000001000000010000008617202600000880860000006427026000008808600000064270063600108048651614030024780000
0020020667640139003010010111790000000000395248633001000030000000046500000000046500000001000000010000008617202600000880860000006427026000008808600000064270063600108048651614030024780000
0020020667640156003010010111790000000000395248633001000030000000046500000000046500000001000000010000008617202600000880860000006427026000008808600000064270063600108048651614030024780000
00200306676402510030400476410500000000001546051394080000301359000465000000000000000000010000000100000086172026000008808600000064270260000088086000000642700000000000000000000006360010804865161403002478000000
0020020667640398003010010111790000000000395248633001000030000000046500000000046500000001000000010000008617202600000880860000006427026000008808600000064270063600108048651614030024780000
0020020667640402003010010111790000000000395248633001000030000000046500000000046500000001000000010000008617202600000880860000006427026000008808600000064270063600108048651614030024780000
0020020667640406003010010111790000000000395248633001000030000000046500000000046500000001000000010000008617202600000880860000006427026000008808600000064270063600108048651614030024780000
00200306676404120030400522762600000000003933640069080000300064000465000000000000000000010000000100000086172026000008808600000064270260000088086000000642700000000000000000000006360010804865161403002478000000
00200306676404220030500043414100000000000322892082071000300487000465000000000000000000010000000100000086172026000008808600000064270260000088086000000642700000000000000000000006360010804865161403002478000000
005001066764043200301001080014000000000006587424600400001000150000
005001066764043500301001080014000000000006587424600400001000150000
00200306676404360030100108001400000000000658742460070000301829000465000000000000000000010000000100000086172026000008808600000064270260000088086000000642700000000000000000000006360010804865161403002478000000
0020020667640480003010010111790000000000395248633001000030000000046500000000046500000001000000010000008617202600000880860000006427026000008808600000064270063600108048651614030024780000
002011066764050600104086560311000000000015781955280400001005450004650004650004650000000000000000000100000001000000861720260000088086000000642702600000880860000006427000000000000000000000000000000000000000000000000006360010804865161403002478000000
00200306676412810030400523341300000000001546023826080000300209000465000000000000000000010000000100000086172026000008808600000064270260000088086000000642700000000000000000000006360010804865161403002478000000
005001066764257100301001011179000000000039524863300400001000150000
00300108000030000500000000000086172026000008808600000064270260000088086000000642706676425750000
00300101000030000900041850000086172026000008808600000064270260000088086000000642706676425750000
00300101000010000100004650000086172026000008808600000064270260000088086000000642706676425750000
00300107100030000100000000000086172026000008808600000064270260000088086000000642706676425750000
00300107000030000100000000000086172026000008808600000064270260000088086000000642706676425750000
00300104000010000100004650000086172026000008808600000064270260000088086000000642706676425750000
001001026000008617200406676425750260000088086000000642702600000880860000006427020290457400100010000
005001066764257600301001011179000000000039524863300400001000150000
001001026000008617200306676425800260000088086000000642702600000880860000006427020290457400100010000
02000100106676425900030100101117900000000003952486330026000008808600000064270120502000008617202600000880860000006427026000008808600000064270000
0210010300340000086172026000008808600000064270260000088086000000642706676425900000
0210010400270000086172026000008808600000064270260000088086000000642706676425900000
0210010500030000086172026000008808600000064270260000088086000000642706676425900000
0210010800010000086172026000008808600000064270260000088086000000642706676425900000
0210010900040000086172026000008808600000064270260000088086000000642706676425900000
0210011000020000086172026000008808600000064270260000088086000000642706676425900000
0210011100010000086172026000008808600000064270260000088086000000642706676425900000
0210011800060000086172026000008808600000064270260000088086000000642706676425900000
0210012500110000086172026000008808600000064270260000088086000000642706676425900000
010001001026000008808600000064270000086172066764259000500000
001001026000008617200206676425940260000088086000000642700000000000000000000000020290457400100010000
010001001026000008808600000064270000086172066764260000400000
001001026000008617200106676426060000000088086000000000000000000000000000000000020290457400100010000
03400667621064000008617200005C06676210640667625738000008617204574V0000088086000008808601000004200046500000000100000001040000004000465000000001000000010612000030000000000000010000000106130000100000000000000100000001061400001000000000000001000000010800000200000000000000010000000108000002000000000000000100000001080000020000000000000001000000010800000200000000000000010000000108000002000000000000000100000001
