1000020260000086150003063600113546209509500015460000
0450010000000002000000000106675746740000
0450010000000002000000000106676060600000
0450010000000002000000000106676073560000
0450010000000002000000000106676086440000
001001026000008615000206676192340000000051749000000000000000000000000000000000020350458000100100000
010001001026000005174900000062260000086150066761924400100000
0350010667619261157364870000024000000001010000
010001001026000005174900000062260000086150066761926300200000
001001026000008615000306676192660260000051749000000622602600000517490000006226020350458000100110000
001001026000008615000206676192730260000051749000000622602600000517490000006226020350458000100110000
001001026000008615000306676192780260000051749000000622602600000517490000006226020350458000100110000
001001026000008615000406676192880260000051749000000622602600000517490000006226020350458000100010000
001001026000008615000506676215380260000051749000000622602600000517490000006226020350458000100010000
002011066762245000104152638393000000000024789018320400001044850005550005550005550000000000000000000100000001000000861500260000051749000000622602600000517490000006226000000000000000000000000000000000000000000000000006360011354620950950001546000000
0020020667622495003010011358710000000000157364872201000030000000055500000000055500000001000000010000008615002600000517490000006226026000005174900000062260063600113546209509500015460000
0020020667622511003010011358710000000000157364872201000030000000055500000000055500000001000000010000008615002600000517490000006226026000005174900000062260063600113546209509500015460000
0020020667622867003010011358710000000000157364872201000030000000055500000000055500000001000000010000008615002600000517490000006226026000005174900000062260063600113546209509500015460000
00200306676228720030400522607700000000002523997050080000300151000555000000000000000000010000000100000086150026000005174900000062260260000051749000000622600000000000000000000006360011354620950950001546000000
005001066762290500104163888272000000000024308037841023001002300000
002011066762290700104163888272000000000024308037840400001042560005550005550005550000000000000000000100000001000000861500260000051749000000622602600000517490000006226000000000000000000000000000000000000000000000000006360011354620950950001546000000
002011066762315800104152687025000000000026206889680400001017420005550005550005550000000000000000000100000001000000861500260000051749000000622602600000517490000006226000000000000000000000000000000000000000000000000006360011354620950950001546000000
0020020667623397003010011358710000000000157364872201000030000000055500000000055500000001000000010000008615002600000517490000006226026000005174900000062260063600113546209509500015460000
0020020667623448003010011358710000000000157364872201000030000000055500000000055500000001000000010000008615002600000517490000006226026000005174900000062260063600113546209509500015460000
0020020667623565003010011358710000000000157364872201000030000000055500000000055500000001000000010000008615002600000517490000006226026000005174900000062260063600113546209509500015460000
002011066762364800104164431977000000000024127985360400001022640005550005550005550000000000000000000100000001000000861500260000051749000000622602600000517490000006226000000000000000000000000000000000000000000000000006360011354620950950001546000000
005001066762365400104165526238000000000016333346001023001000150000
005001066762365400000000000000000000000016333346000000000000150000
005001066762365500000000000000000000000016333346000000000000150000
005001066762365600000000000000000000000016333346000000000000150000
002011066762365900104165526238000000000016333346000400001013530005550005550005550000000000000000000100000001000000861500260000051749000000622602600000517490000006226000000000000000000000000000000000000000000000000006360011354620950950001546000000
0020020667623726003010011358710000000000157364872201000030000000055500000000055500000001000000010000008615002600000517490000006226026000005174900000062260063600113546209509500015460000
0020020667623740003010011358710000000000157364872201000030000000055500000000055500000001000000010000008615002600000517490000006226026000005174900000062260063600113546209509500015460000
0020020667624354003010011358710000000000157364872201000030000000055500000000055500000001000000010000008615002600000517490000006226026000005174900000062260063600113546209509500015460000
005001066762436500109074400216000000000030464046801023001002300000
005001066762436900109074400216000000000030464046801023001002300000
002011066762437400109074400216000000000030464046800100001001060005550005550005550000000000000000000100000001000000861500260000051749000000622602600000517490000006226000000000000000000000000000000000000000000000000006360011354620950950001546000000
00300104000010000500027750000086150026000005174900000062260260000051749000000622606676269810000
00300101000030000900049950000086150026000005174900000062260260000051749000000622606676269810000
00300108000030000100000000000086150026000005174900000062260260000051749000000622606676269810000
00300101000010000100005550000086150026000005174900000062260260000051749000000622606676269810000
001001026000008615000406676269810260000051749000000622602600000517490000006226020350458000100110000
001001026000008615000506676269880260000051749000000622602600000517490000006226020350458000100110000
002011066762699300104164700439000000000022904953040400001016470005550005550004500004500008550000000100000001000000861500260000051749000000622602600000517490000006226100000000000000000000300000000000000000000000000006360011354620950950001546000000
0020020667627024003010011358710000000000157364872201000030000000055500000000055500000001000000010000008615002600000517490000006226026000005174900000062260063600113546209509500015460000
0020020667627136003010011358710000000000157364872201000030000000055500000000055500000001000000010000008615002600000517490000006226026000005174900000062260063600113546209509500015460000
0020020667627154003010011358710000000000157364872201000030000000055500000000055500000001000000010000008615002600000517490000006226026000005174900000062260063600113546209509500015460000
0020020667627290003010011358710000000000157364872201000030000000055500000000055500000001000000010000008615002600000517490000006226026000005174900000062260063600113546209509500015460000
0020020667627866003010011358710000000000157364872201000030000000055500000000055500000001000000010000008615002600000517490000006226026000005174900000062260063600113546209509500015460000
0020020667627943003010011358710000000000157364872201000030000000055500000000055500000001000000010000008615002600000517490000006226026000005174900000062260063600113546209509500015460000
0020020667627955003010011358710000000000157364872201000030000000055500000000055500000001000000010000008615002600000517490000006226026000005174900000062260063600113546209509500015460000
002011066762796000109125660252000000000007343442640100001037590005550005550005550000000000000000000100000001000000861500260000051749000000622602600000517490000006226000000000000000000000000000010000000000000000000206360011354620950950001546000000
00200306676280330030400462961500000000004147614091080000303562000555000000000000000000010000000100000086150026000005174900000062260260000051749000000622600000000000000000000006360011354620950950001546000000
002011066762834100104088874371000000000029339121360400001006110005550005550004600004600008550000000100000001000000861500260000051749000000622602600000517490000006226100000000000000000000300000000000000000000000000006360011354620950950001546000000
0020020667628380003010011358710000000000157364872201000030000000055500000000055500000001000000010000008615002600000517490000006226026000005174900000062260063600113546209509500015460000
0020020667628543003010011358710000000000157364872201000030000000055500000000055500000001000000010000008615002600000517490000006226026000005174900000062260063600113546209509500015460000
00200306676286300030400423878100000000002446983621080000303914000555000000000000000000010000000100000086150026000005174900000062260260000051749000000622600000000000000000000006360011354620950950001546000000
0020020667628917003010011358710000000000157364872201000030000000055500000000055500000001000000010000008615002600000517490000006226026000005174900000062260063600113546209509500015460000
002011066762893400104156644185000000000027561395920400001000430005550005550005550000000000000000000100000001000000861500260000051749000000622602600000517490000006226000000000000000000000000000000000000000000000000006360011354620950950001546000000
0020020667629271003010011358710000000000157364872201000030000000055500000000055500000001000000010000008615002600000517490000006226026000005174900000062260063600113546209509500015460000
00200306676294000030400372079100000000000884855011080000300815000555000000000000000000010000000100000086150026000005174900000062260260000051749000000622600000000000000000000006360011354620950950001546000000
00300104000010000300016650000086150026000005174900000062260260000051749000000622606676313490000
00300101000030001100061050000086150026000005174900000062260260000051749000000622606676313490000
00300101000010000100005550000086150026000005174900000062260260000051749000000622606676313490000
00300108000030000300000000000086150026000005174900000062260260000051749000000622606676313490000
001001026000008615000406676313490260000051749000000622602600000517490000006226020350458000100010000
001001026000008615000506676313560260000051749000000622602600000517490000006226020350458000100010000
002011066763177700104153084383000000000027885609680400001057550005550005550005550000000000000000000100000001000000861500260000051749000000622602600000517490000006226000000000000000000000000000000000000000000000000006360011354620950950001546000000
002011066763183200104152741844000000000026857590480400001050350005550005550005550000000000000000000100000001000000861500260000051749000000622602600000517490000006226000000000000000000000000000000000000000000000000006360011354620950950001546000000
002011066763183600109054964841000000000017778617040100001006860005550005550005550000000000000000000100000001000000861500260000051749000000622602600000517490000006226000000000000000000000000000000000000000000000000006360011354620950950001546000000
0020020667631841003010011358710000000000157364872201000030000000055500000000055500000001000000010000008615002600000517490000006226026000005174900000062260063600113546209509500015460000
002011066763194200117005110388000000000017988421150400001050860005550005550005550000000000000000000100000001000000861500260000051749000000622602600000517490000006226000000000000000000000000000000000000000000000000006360011354620950950001546000000
00200306676319880030400356148100000000002138195116080000302990000555000000000000000000010000000100000086150026000005174900000062260260000051749000000622600000000000000000000006360011354620950950001546000000
00200306676320050030400525692800000000001983595954080000300281000555000000000000000000010000000100000086150026000005174900000062260260000051749000000622600000000000000000000006360011354620950950001546000000
005001066763221100104164916806000000000024338637521023001002300000
002011066763221400104164916806000000000024338637520400001025170005550005550005550000000000000000000100000001000000861500260000051749000000622602600000517490000006226000000000000000000000000000000000000000000000000006360011354620950950001546000000
005001066763251500301001112617000000000024738339571023003000150000
005001066763251600301001112617000000000024738339570400001000150000
005001066763252100301001112617000000000024738339570400001000150000
00200306676325220030100111261700000000002473833957070000301147000555000000000000000000010000000100000086150026000005174900000062260260000051749000000622600000000000000000000006360011354620950950001546000000
0020020667632556003010011358710000000000157364872201000030000000055500000000055500000001000000010000008615002600000517490000006226026000005174900000062260063600113546209509500015460000
0020020667632563003010011358710000000000157364872201000030000000055500000000055500000001000000010000008615002600000517490000006226026000005174900000062260063600113546209509500015460000
00200306676326640030400353354100000000002073949340080000303218000555000000000000000000010000000100000086150026000005174900000062260260000051749000000622600000000000000000000006360011354620950950001546000000
00200306676328720030400316437600000000003316086652080000304944000555000000000000000000010000000100000086150026000005174900000062260260000051749000000622600000000000000000000006360011354620950950001546000000
0020020667633072003010011358710000000000157364872201000030000000055500000000055500000001000000010000008615002600000517490000006226026000005174900000062260063600113546209509500015460000
00200306676332370030400519756500000000003570078182080000300407000555000000000000000000010000000100000086150026000005174900000062260260000051749000000622600000000000000000000006360011354620950950001546000000
00200306676334770030400289426500000000000333675612080000304932000555000000000000000000010000000100000086150026000005174900000062260260000051749000000622600000000000000000000006360011354620950950001546000000
00300104000010000400022200000086150026000005174900000062260260000051749000000622606676348760000
00300101000010000100005550000086150026000005174900000062260260000051749000000622606676348760000
00300101000030000400022200000086150026000005174900000062260260000051749000000622606676348760000
00300108000030000600000000000086150026000005174900000062260260000051749000000622606676348760000
00300107000030000100000000000086150026000005174900000062260260000051749000000622606676348760000
001001026000008615000406676348760260000051749000000622602600000517490000006226020350458000100110000
001001026000008615000506676358220260000051749000000622602600000517490000006226020350458000100110000
0020020667635836003010011358710000000000157364872201000030000000055500000000055500000001000000010000008615002600000517490000006226026000005174900000062260063600113546209509500015460000
0020020667635858003010011358710000000000157364872201000030000000055500000000055500000001000000010000008615002600000517490000006226026000005174900000062260063600113546209509500015460000
0020020667635867003010011358710000000000157364872201000030000000055500000000055500000001000000010000008615002600000517490000006226026000005174900000062260063600113546209509500015460000
002011066763587600104166755443000000000024457221840400001049760005550005550005550000000000000000000100000001000000861500260000051749000000622602600000517490000006226000000000000000000000000000000000000000000000000006360011354620950950001546000000
0020020667635885003010011358710000000000157364872201000030000000055500000000055500000001000000010000008615002600000517490000006226026000005174900000062260063600113546209509500015460000
0020020667635892003010011358710000000000157364872201000030000000055500000000055500000001000000010000008615002600000517490000006226026000005174900000062260063600113546209509500015460000
005001066763590000304005267891000000000015443295540001003000150000
00200306676359010030400526789100000000001544329554080000300267000555000000000000000000010000000100000086150026000005174900000062260260000051749000000622600000000000000000000006360011354620950950001546000000
0020020667636128003010011358710000000000157364872201000030000000055500000000055500000001000000010000008615002600000517490000006226026000005174900000062260063600113546209509500015460000
0020020667636525003010011358710000000000157364872201000030000000055500000000055500000001000000010000008615002600000517490000006226026000005174900000062260063600113546209509500015460000
0020020667636623003010011358710000000000157364872201000030000000055500000000055500000001000000010000008615002600000517490000006226026000005174900000062260063600113546209509500015460000
0020020667636644003010011358710000000000157364872201000030000000055500000000055500000001000000010000008615002600000517490000006226026000005174900000062260063600113546209509500015460000
0020020667636973003010011358710000000000157364872201000030000000055500000000055500000001000000010000008615002600000517490000006226026000005174900000062260063600113546209509500015460000
00200306676371010030400486909800000000000456105785080000300751000555000000000000000000010000000100000086150026000005174900000062260260000051749000000622600000000000000000000006360011354620950950001546000000
002011066763717900104152615611000000000027864581840400001035570005550005550003000003000008550000000100000001000000861500260000051749000000622602600000517490000006226100000000000000000000300000000000000000000000000006360011354620950950001546000000
0020020667637388003010011358710000000000157364872201000030000000055500000000055500000001000000010000008615002600000517490000006226026000005174900000062260063600113546209509500015460000
0020020667637394003010011358710000000000157364872201000030000000055500000000055500000001000000010000008615002600000517490000006226026000005174900000062260063600113546209509500015460000
00200306676382390030400420755900000000002446556885080000303068000555000000000000000000010000000100000086150026000005174900000062260260000051749000000622600000000000000000000006360011354620950950001546000000
002011066763847700104157496503000000000028497518800400001043860005550005550004500004500008550000000100000001000000861500260000051749000000622602600000517490000006226100000000000000000000300000000000000000000000000006360011354620950950001546000000
00300101000030001200066600000086150026000005174900000062260260000051749000000622606676394530000
00300104000010000300016650000086150026000005174900000062260260000051749000000622606676394530000
00300108000030000300000000000086150026000005174900000062260260000051749000000622606676394530000
001001026000008615000406676394530260000051749000000622602600000517490000006226020350458000100010000
001001026000008615000506676394610260000051749000000622602600000517490000006226020350458000100010000
002011066764084000119006017647000000000020911466150400001025810005550005550005550000000000000000000100000001000000861500260000051749000000622602600000517490000006226000000000000000000000000000000000000000000000000006360011354620950950001546000000
005001066764084601503002804797000000000010327707840614015000840000
00200306676408470150300280479700000000001032770784061301501376000555000000000000000000010000000100000086150026000005174900000062260260000051749000000622600000000000000000000006360011354620950950001546000000
0020020667640859015030028047970000000000103277078406140150136400055500000000000000000001000000010000008615002600000517490000006226026000005174900000062260063600113546209509500015460000
0020020667640969003010011358710000000000157364872201000030000000055500000000055500000001000000010000008615002600000517490000006226026000005174900000062260063600113546209509500015460000
002011066764098200104087230674000000000016904016080400001003110005550005550005550000000000000000000100000001000000861500260000051749000000622602600000517490000006226000000000000000000000000000000000000000000000000006360011354620950950001546000000
0020020667641174003010011358710000000000157364872201000030000000055500000000055500000001000000010000008615002600000517490000006226026000005174900000062260063600113546209509500015460000
0020020667641282003010011358710000000000157364872201000030000000055500000000055500000001000000010000008615002600000517490000006226026000005174900000062260063600113546209509500015460000
002011066764128600104151395101000000000024551724240400001001230005550005550005550000000000000000000100000001000000861500260000051749000000622602600000517490000006226000000000000000000000000000000000000000000000000006360011354620950950001546000000
0020020667641429003010011358710000000000157364872201000030000000055500000000055500000001000000010000008615002600000517490000006226026000005174900000062260063600113546209509500015460000
0020020667641463003010011358710000000000157364872201000030000000055500000000055500000001000000010000008615002600000517490000006226026000005174900000062260063600113546209509500015460000
005001066764172700301001118186000000000015745652180400001000150000
005001066764173000301001118186000000000015745652180400001000150000
005001066764173200301001118186000000000015745652180700003000800000
005001066764173200301001118186000000000015745652180400001000150000
005001066764173200301001118186000000000015745652180400001000150000
005001066764173300301001118186000000000015745652181011003000150000
005001066764188200301001118186000000000015745652180400001000150000
005001066764188400301001118186000000000015745652180400001000150000
005001066764188500301001118186000000000015745652180700003000800000
005001066764188500301001118186000000000015745652180400001000150000
0020020667641908003010011358710000000000157364872201000030000000055500000000055500000001000000010000008615002600000517490000006226026000005174900000062260063600113546209509500015460000
005001066764201500301001118186000000000015745652180400001000150000
005001066764201800301001118186000000000015745652180400001000150000
005001066764201900301001118186000000000015745652180700003000800000
005001066764202000301001118186000000000015745652180400001000150000
005001066764202000301001118186000000000015745652180400001000150000
005001066764202100301001118186000000000015745652181011003000150000
00200306676422080030400462961500000000004147614091080000303564000555000000000000000000010000000100000086150026000005174900000062260260000051749000000622600000000000000000000006360011354620950950001546000000
00300104000010000300016650000086150026000005174900000062260260000051749000000622606676436920000
00300106130150000100000000000086150026000005174900000062260260000051749000000622606676436920000
00300106140150000100000000000086150026000005174900000062260260000051749000000622606676436920000
00300101000030000600033300000086150026000005174900000062260260000051749000000622606676436920000
00300108000030000100000000000086150026000005174900000062260260000051749000000622606676436920000
001001026000008615000406676436920260000051749000000622602600000517490000006226020350458000100110000
001001026000008615000306676437040260000051749000000622602600000517490000006226020350458000100110000
02000100106676437290030100113587100000000001573648722026000005174900000062260024001000008615002600000517490000006226026000005174900000062260000
0210010300140000086150026000005174900000062260260000051749000000622606676437290000
0210010400270000086150026000005174900000062260260000051749000000622606676437290000
0210010800010000086150026000005174900000062260260000051749000000622606676437290000
0210011000010000086150026000005174900000062260260000051749000000622606676437290000
0210011100010000086150026000005174900000062260260000051749000000622606676437290000
0210011800030000086150026000005174900000062260260000051749000000622606676437290000
0210012500040000086150026000005174900000062260260000051749000000622606676437290000
010001001026000005174900000062260000086150066764372900500000
001001026000008615000206676437320260000051749000000622600000000000000000000000020350458000100110000
010001001026000005174900000062260000086150066764374000400000
001001026000008615000106676437460000000051749000000000000000000000000000000000020350458000100110000
03400667621538000008615000005C06676215380667626981000008615004580I00000517490000051749010000021000555000000001000000010400000120005550000000010000000108000000800000000000000100000001
03400667626988000008615000005C06676269880667631349000008615004580V00000517490000051749010000024000555000000001000000010400000020005550000000010000000104000000100046010000000100000001040000002000450100000001000000010800000060000000000000010000000108000000600000000000000100000001080000006000000000000001000000010800000060000000000000010000000108000000600000000000000100000001080000006000000000000001000000010800000060000000000000010000000108000000600000000000000100000001080000006000000000000001000000010800000060000000000000010000000108000000600000000000000100000001080000006000000000000001000000010800000060000000000000010000000108000000600000000000000100000001
