1000020260000086052003025243604634338614100042480000
0450010000000002000000000106675831490000
001001026000008605200206676176980000000081230000000000000000000000000000000000000000000000000000000
010001001026000008123000000077000000086052066761770600100000
0350010667617720456233540000049600000001010000
010001001026000008123000000077000000086052066761772300200000
001001026000008605200306676177260260000081230000000770002600000812300000007700000000000000000010000
001001026000008605200406676187000260000081230000000770002600000812300000007700020290457400100110000
005001066761870100301001102867000000000004562335450400001000150000
001001026000008605200506676187070260000081230000000770002600000812300000007700020290457400100110000
0020020667618796003010011028670000000000045623354501000030000000046500000000046500000001000000010000008605202600000812300000007700026000008123000000077000025243604634338614100042480000
00200306676188260030400492041700000000000456009081080000300334000465000000000000000000010000000100000086052026000008123000000077000260000081230000000770000000000000000000000002524360463433861410004248000000
0020020667618839003010011028670000000000045623354501000030000000046500000000046500000001000000010000008605202600000812300000007700026000008123000000077000025243604634338614100042480000
00200306676188450030400496312400000000003533863510080000301161000465000000000000000000010000000100000086052026000008123000000077000260000081230000000770000000000000000000000002524360463433861410004248000000
0020020667618864003010011028670000000000045623354501000030000000046500000000046500000001000000010000008605202600000812300000007700026000008123000000077000025243604634338614100042480000
0020020667618942003010011028670000000000045623354501000030000000046500000000046500000001000000010000008605202600000812300000007700026000008123000000077000025243604634338614100042480000
005001066761894700301001052411000000000034115408200400001000150000
005001066761895100301001052411000000000034115408200400001000150000
00200306676189530030100105241100000000003411540820070000304455000465000000000000000000010000000100000086052026000008123000000077000260000081230000000770000000000000000000000002524360463433861410004248000000
005001066761915400301001090303000000000003233832250400001000150000
005001066761915700301001090303000000000003233832250400001000150000
005001066761916200301001090303000000000003233832250400001000150000
00200306676191630030100109030300000000000323383225070000301469000465000000000000000000010000000100000086052026000008123000000077000260000081230000000770000000000000000000000002524360463433861410004248000000
002011066761923600104084257024000000000009147333840400001005910004650004650004650000000000000000000100000001000000860520260000081230000000770002600000812300000007700000000000000000000000000000000000000000000000000002524360463433861410004248000000
005001066761988800305000448592000000000027734271290400001000150000
005001066761989000305000448592000000000027734271290400001000150000
00200306676198910030500044859200000000002773427129071000300038000465000000000000000000010000000100000086052026000008123000000077000260000081230000000770000000000000000000000002524360463433861410004248000000
0020020667620044003010011028670000000000045623354501000030000000046500000000046500000001000000010000008605202600000812300000007700026000008123000000077000025243604634338614100042480000
005001066762120500301001102867000000000004562335450400001000150000
005001066762120800301001102867000000000004562335450400001000150000
005001066762121100301001102867000000000004562335450400001000150000
00300101000030000500023250000086052026000008123000000077000260000081230000000770006676212150000
00300108000030000200000000000086052026000008123000000077000260000081230000000770006676212150000
00300107000030000200000000000086052026000008123000000077000260000081230000000770006676212150000
00300104000010000100004650000086052026000008123000000077000260000081230000000770006676212150000
00300107100030000100000000000086052026000008123000000077000260000081230000000770006676212150000
001001026000008605200406676212150260000081230000000770002600000812300000007700020290457400100010000
005001066762121600301001102867000000000004562335450400001000150000
001001026000008605200306676212200260000081230000000770002600000812300000007700020290457400100010000
001001026000008605200206676212300260000081230000000770002600000812300000007700020290457400100010000
010001001026000008123000000077000000086052066762123700400000
02000100106676212450030100110286700000000000456233545026000008123000000077000049601000008605202600000812300000007700026000008123000000077000000
0210010300020000086052026000008123000000077000260000081230000000770006676212450000
0210010400020000086052026000008123000000077000260000081230000000770006676212450000
0210010500010000086052026000008123000000077000260000081230000000770006676212450000
0210010800020000086052026000008123000000077000260000081230000000770006676212450000
010001001026000008123000000077000000086052066762124500500000
001001026000008605200106676212480000000081230000000000000000000000000000000000020290457400100010000
03400667618707000008605200005C06676187070667621215000008605204574V000008123000000812300100000050004650000000010000000104000000100046500000000100000001070000002000000000000001000000010710000010000000000000010000000108000000200000000000000100000001080000002000000000000001000000010800000020000000000000010000000108000000200000000000000100000001080000002000000000000001000000010800000020000000000000010000000108000000200000000000000100000001
