1000020260000086173003063600108005701976540031510000
001001026000008617300206676436320000000105960000000000000000000000000000000000000000000000000000000
010001001026000010596000000092490000086173066764364000100000
0350010667643652871399320000024700000001010000
010001001026000010596000000092490000086173066764365400200000
001001026000008617300306676436580260000105960000000924902600001059600000009249000000000000000020000
001001026000008617300406676436650260000105960000000924902600001059600000009249020290457400100020000
005001066764496600301001136461000000000008713993210400001000150000
001001026000008617300506676449710260000105960000000924902600001059600000009249020290457400100020000
0020020667645504003010011364610000000000087139932101000030000000046500000000046500000001000000010000008617302600001059600000009249026000010596000000092490063600108005701976540031510000
0020020667646224003010011364610000000000087139932101000030000000046500000000046500000001000000010000008617302600001059600000009249026000010596000000092490063600108005701976540031510000
00200306676463130030400522762600000000003933640069080000300065000465000000000000000000010000000100000086173026000010596000000092490260000105960000000924900000000000000000000006360010800570197654003151000000
00200306676463230030400464842300000000002517337322080000301865000465000000000000000000010000000100000086173026000010596000000092490260000105960000000924900000000000000000000006360010800570197654003151000000
0020020667646656003010011364610000000000087139932101000030000000046500000000046500000001000000010000008617302600001059600000009249026000010596000000092490063600108005701976540031510000
0020020667646664003010011364610000000000087139932101000030000000046500000000046500000001000000010000008617302600001059600000009249026000010596000000092490063600108005701976540031510000
005001066764682800304003615777000000000033987044381023003000150000
00200306676468300030400361577700000000003398704438080000304040000465000000000000000000010000000100000086173026000010596000000092490260000105960000000924900000000000000000000006360010800570197654003151000000
005001066764721700301001136461000000000008713993210400001000150000
00300101000030000400018600000086173026000010596000000092490260000105960000000924906676472200000
00300108000030000300000000000086173026000010596000000092490260000105960000000924906676472200000
001001026000008617300406676472200260000105960000000924902600001059600000009249020290457400100120000
005001066764858400301001136461000000000008713993210400001000150000
001001026000008617300506676485890260000105960000000924902600001059600000009249020290457400100120000
00200306676485960030400452189100000000003413365940080000301333000465000000000000000000010000000100000086173026000010596000000092490260000105960000000924900000000000000000000006360010800570197654003151000000
0020020667648605003010011364610000000000087139932101000030000000046500000000046500000001000000010000008617302600001059600000009249026000010596000000092490063600108005701976540031510000
0020020667648623003010011364610000000000087139932101000030000000046500000000046500000001000000010000008617302600001059600000009249026000010596000000092490063600108005701976540031510000
002011066764877700104151791279000000000025336351440400001001550004650004650004650000000000000000000100000001000000861730260000105960000000924902600001059600000009249000000000000000000000000000000000000000000000000006360010800570197654003151000000
0020020667648886003010011364610000000000087139932101000030000000046500000000046500000001000000010000008617302600001059600000009249026000010596000000092490063600108005701976540031510000
00200306676492940030400526160300000000002523908490080000300007000465000000000000000000010000000100000086173026000010596000000092490260000105960000000924900000000000000000000006360010800570197654003151000000
002011066764933100119010197395000000000025143993930400001004840004650004650004650000000000000000000100000001000000861730260000105960000000924902600001059600000009249000000000000000000000000000000000000000000000000006360010800570197654003151000000
005001066764933500301001136052000000000008714966330400001000150000
005001066764933800301001136052000000000008714966330400001000150000
00200306676493390030100113605200000000000871496633070000300801000465000000000000000000010000000100000086173026000010596000000092490260000105960000000924900000000000000000000006360010800570197654003151000000
0020020667649350003010011364610000000000087139932101000030000000046500000000046500000001000000010000008617302600001059600000009249026000010596000000092490063600108005701976540031510000
005001066765065900301001136461000000000008713993210400001000150000
00300108000030000200000000000086173026000010596000000092490260000105960000000924906676506630000
00300101000030000400018600000086173026000010596000000092490260000105960000000924906676506630000
00300104000010000200009300000086173026000010596000000092490260000105960000000924906676506630000
00300107000030000100000000000086173026000010596000000092490260000105960000000924906676506630000
001001026000008617300406676506630260000105960000000924902600001059600000009249020290457400100020000
005001066765161800301001136461000000000008713993210400001000150000
001001026000008617300506676516240260000105960000000924902600001059600000009249020290457400100020000
0020020667651644003010011364610000000000087139932101000030000000046500000000046500000001000000010000008617302600001059600000009249026000010596000000092490063600108005701976540031510000
005001066765166800301001115152000000000025281401220400001000150000
005001066765167200301001115152000000000025281401220400001000150000
00200306676516730030100111515200000000002528140122070000300775000465000000000000000000010000000100000086173026000010596000000092490260000105960000000924900000000000000000000006360010800570197654003151000000
005001066765171100304003637932000000000033901234940800003000150000
00200306676517120030400363793200000000003390123494080000302504000465000000000000000000010000000100000086173026000010596000000092490260000105960000000924900000000000000000000006360010800570197654003151000000
002011066765177300109059494523000000000009039337680100001005550004650004650004650000000000000000000100000001000000861730260000105960000000924902600001059600000009249000000000000000000000000000010000000000000000000206360010800570197654003151000000
005001066765178300109059494523000000000009039337680100001000150000
005001066765178400109059494523000000000009039337680100001000360000
002011066765178900109081071257000000000008846431440100001001530004650004650004650000000000000000000100000001000000861730260000105960000000924902600001059600000009249000000000000000000000000000000000000000000000000006360010800570197654003151000000
0020020667652127003010011364610000000000087139932101000030000000046500000000046500000001000000010000008617302600001059600000009249026000010596000000092490063600108005701976540031510000
0020020667652336003010011364610000000000087139932101000030000000046500000000046500000001000000010000008617302600001059600000009249026000010596000000092490063600108005701976540031510000
00200306676523410030400353791100000000003390208950080000303688000465000000000000000000010000000100000086173026000010596000000092490260000105960000000924900000000000000000000006360010800570197654003151000000
0020020667652706003010011364610000000000087139932101000030000000046500000000046500000001000000010000008617302600001059600000009249026000010596000000092490063600108005701976540031510000
002011066765271300104084257024000000000009147333840400001005920004650004650004650000000000000000000100000001000000861730260000105960000000924902600001059600000009249000000000000000000000000000000000000000000000000006360010800570197654003151000000
0020020667653085003010011364610000000000087139932101000030000000046500000000046500000001000000010000008617302600001059600000009249026000010596000000092490063600108005701976540031510000
0020020667653102003010011364610000000000087139932101000030000000046500000000046500000001000000010000008617302600001059600000009249026000010596000000092490063600108005701976540031510000
005001066765404000301001136461000000000008713993210400001000150000
00300101000030000600027900000086173026000010596000000092490260000105960000000924906676540430000
00300107000030000100000000000086173026000010596000000092490260000105960000000924906676540430000
00300108000030000200000000000086173026000010596000000092490260000105960000000924906676540430000
00300101000010000200009300000086173026000010596000000092490260000105960000000924906676540430000
00300104000010000100004650000086173026000010596000000092490260000105960000000924906676540430000
001001026000008617300406676540430260000105960000000924902600001059600000009249020290457400100120000
005001066765515300301001136461000000000008713993210400001000150000
001001026000008617300506676551580260000105960000000924902600001059600000009249020290457400100120000
0020020667655173003010011364610000000000087139932101000030000000046500000000046500000001000000010000008617302600001059600000009249026000010596000000092490063600108005701976540031510000
0020020667655185003010011364610000000000087139932101000030000000046500000000046500000001000000010000008617302600001059600000009249026000010596000000092490063600108005701976540031510000
0020020667655192003010011364610000000000087139932101000030000000046500000000046500000001000000010000008617302600001059600000009249026000010596000000092490063600108005701976540031510000
0020020667655473003010011364610000000000087139932101000030000000046500000000046500000001000000010000008617302600001059600000009249026000010596000000092490063600108005701976540031510000
0020020667655643003010011364610000000000087139932101000030000000046500000000046500000001000000010000008617302600001059600000009249026000010596000000092490063600108005701976540031510000
005001066765586000301000763533000000000024697195120400001000150000
005001066765586500301000763533000000000024697195120400001000150000
00200306676558660030100076353300000000002469719512070000306999000465000000000000000000010000000100000086173026000010596000000092490260000105960000000924900000000000000000000006360010800570197654003151000000
005001066765717500301001136461000000000008713993210400001000150000
00300101000030000500023250000086173026000010596000000092490260000105960000000924906676571780000
00300107000030000100000000000086173026000010596000000092490260000105960000000924906676571780000
001001026000008617300406676571780260000105960000000924902600001059600000009249020290457400100020000
005001066765885600301001136461000000000008713993210400001000150000
001001026000008617300506676588610260000105960000000924902600001059600000009249020290457400100020000
00200306676588700030400377908700000000003931859349080000300852000465000000000000000000010000000100000086173026000010596000000092490260000105960000000924900000000000000000000006360010800570197654003151000000
0020020667658884003010011364610000000000087139932101000030000000046500000000046500000001000000010000008617302600001059600000009249026000010596000000092490063600108005701976540031510000
0020020667659007003010011364610000000000087139932101000030000000046500000000046500000001000000010000008617302600001059600000009249026000010596000000092490063600108005701976540031510000
0020020667659020003010011364610000000000087139932101000030000000046500000000046500000001000000010000008617302600001059600000009249026000010596000000092490063600108005701976540031510000
002011066765909500104086527037000000000015785557200400001007650004650004650004650000000000000000000100000001000000861730260000105960000000924902600001059600000009249000000000000000000000000000000000000000000000000006360010800570197654003151000000
0020020667659161003010011364610000000000087139932101000030000000046500000000046500000001000000010000008617302600001059600000009249026000010596000000092490063600108005701976540031510000
005001066765935101503002577723000000000024428686180614015000840000
00200306676593510150300257772300000000002442868618061301501153000465000000000000000000010000000100000086173026000010596000000092490260000105960000000924900000000000000000000006360010800570197654003151000000
002011066765936100104157009289000000000024025075920400001000090004650004650004650000000000000000000100000001000000861730260000105960000000924902600001059600000009249000000000000000000000000000000000000000000000000006360010800570197654003151000000
0020020667659490003010011364610000000000087139932101000030000000046500000000046500000001000000010000008617302600001059600000009249026000010596000000092490063600108005701976540031510000
005001066765979000304004588561000000000034084614440800003000360000
00200306676597950030400458856100000000003408461444080000300627000465000000000000000000010000000100000086173026000010596000000092490260000105960000000924900000000000000000000006360010800570197654003151000000
00200306676598400030400488758400000000000456424489080000302559000465000000000000000000010000000100000086173026000010596000000092490260000105960000000924900000000000000000000006360010800570197654003151000000
002011066766034700117011129729000000000020967511330400001069380004650004650004650000000000000000000100000001000000861730260000105960000000924902600001059600000009249000000000000000000000000000000000000000000000000006360010800570197654003151000000
00200306676603620030400402763100000000000572128947080000303089000465000000000000000000010000000100000086173026000010596000000092490260000105960000000924900000000000000000000006360010800570197654003151000000
0020020667660421003010011364610000000000087139932101000030000000046500000000046500000001000000010000008617302600001059600000009249026000010596000000092490063600108005701976540031510000
002011066766042600104150223226000000000025461235920400001003180004650004650004650000000000000000000100000001000000861730260000105960000000924902600001059600000009249000000000000000000000000000000000000000000000000006360010800570197654003151000000
005001066766136000301001136461000000000008713993210400001000150000
00300108000030000400000000000086173026000010596000000092490260000105960000000924906676613630000
00300101000030000600027900000086173026000010596000000092490260000105960000000924906676613630000
00300104000010000400018600000086173026000010596000000092490260000105960000000924906676613630000
00300106130150000100000000000086173026000010596000000092490260000105960000000924906676613630000
001001026000008617300406676613630260000105960000000924902600001059600000009249020290457400100120000
005001066766230400301001136461000000000008713993210400001000150000
001001026000008617300506676623090260000105960000000924902600001059600000009249020290457400100120000
0020020667662340003010011364610000000000087139932101000030000000046500000000046500000001000000010000008617302600001059600000009249026000010596000000092490063600108005701976540031510000
0020020667662348003010011364610000000000087139932101000030000000046500000000046500000001000000010000008617302600001059600000009249026000010596000000092490063600108005701976540031510000
0020020667662355003010011364610000000000087139932101000030000000046500000000046500000001000000010000008617302600001059600000009249026000010596000000092490063600108005701976540031510000
00200306676623730030400513584500000000002524137002080000300340000465000000000000000000010000000100000086173026000010596000000092490260000105960000000924900000000000000000000006360010800570197654003151000000
0020020667662381003010011364610000000000087139932101000030000000046500000000046500000001000000010000008617302600001059600000009249026000010596000000092490063600108005701976540031510000
0020020667662400003010011364610000000000087139932101000030000000046500000000046500000001000000010000008617302600001059600000009249026000010596000000092490063600108005701976540031510000
00200306676627030030400454952200000000001109339722080000303019000465000000000000000000010000000100000086173026000010596000000092490260000105960000000924900000000000000000000006360010800570197654003151000000
002011066766309400109166157172000000000007692764880100001005440004650004650000000000000008550000000100000001000000861730260000105960000000924902600001059600000009249100000000000000000000300000010000000000000000000306360010800570197654003151000000
0020020667663453003010011364610000000000087139932101000030000000046500000000046500000001000000010000008617302600001059600000009249026000010596000000092490063600108005701976540031510000
005001066766371801503002668575000000000025283853700614015000840000
00200306676637190150300266857500000000002528385370061301500353000465000000000000000000010000000100000086173026000010596000000092490260000105960000000924900000000000000000000006360010800570197654003151000000
0020020667663727015030026685750000000000252838537006140150035000046500000000000000000001000000010000008617302600001059600000009249026000010596000000092490063600108005701976540031510000
00200306676637730030400479881600000000001545931026080000301482000465000000000000000000010000000100000086173026000010596000000092490260000105960000000924900000000000000000000006360010800570197654003151000000
00200306676639450030400247949700000000003385076356080000303451000465000000000000000000010000000100000086173026000010596000000092490260000105960000000924900000000000000000000006360010800570197654003151000000
00200306676641270050400174296100000000000627964133080000500687000465000000000000000000010000000100000086173026000010596000000092490260000105960000000924900000000000000000000006360010800570197654003151000000
005001066766450500301001136461000000000008713993210400001000150000
00300101000030000600027900000086173026000010596000000092490260000105960000000924906676645090000
00300108000030000400000000000086173026000010596000000092490260000105960000000924906676645090000
00300101000010000100004650000086173026000010596000000092490260000105960000000924906676645090000
00300106130150000100000000000086173026000010596000000092490260000105960000000924906676645090000
00300106140150000100000000000086173026000010596000000092490260000105960000000924906676645090000
00300108000050000100000000000086173026000010596000000092490260000105960000000924906676645090000
001001026000008617300406676645090260000105960000000924902600001059600000009249020290457400100020000
005001066766483600301001136461000000000008713993210400001000150000
001001026000008617300506676648420260000105960000000924902600001059600000009249020290457400100020000
0020020667664856003010011364610000000000087139932101000030000000046500000000046500000001000000010000008617302600001059600000009249026000010596000000092490063600108005701976540031510000
0020020667665091003010011364610000000000087139932101000030000000046500000000046500000001000000010000008617302600001059600000009249026000010596000000092490063600108005701976540031510000
0020020667665124003010011364610000000000087139932101000030000000046500000000046500000001000000010000008617302600001059600000009249026000010596000000092490063600108005701976540031510000
005001066766514300301001139655000000000002529175130400001000150000
005001066766514600301001139655000000000002529175130400001000150000
00200306676651470030100113965500000000000252917513070000300268000465000000000000000000010000000100000086173026000010596000000092490260000105960000000924900000000000000000000006360010800570197654003151000000
005001066766517400305000448592000000000027734271290400001000150000
005001066766517600305000448592000000000027734271290400001000150000
00200306676651760030500044859200000000002773427129071000300039000465000000000000000000010000000100000086173026000010596000000092490260000105960000000924900000000000000000000006360010800570197654003151000000
005001066766518500301001052411000000000034115408200400001000150000
005001066766518900301001052411000000000034115408200400001000150000
00200306676651910030100105241100000000003411540820070000304456000465000000000000000000010000000100000086173026000010596000000092490260000105960000000924900000000000000000000006360010800570197654003151000000
0020020667665326003010011364610000000000087139932101000030000000046500000000046500000001000000010000008617302600001059600000009249026000010596000000092490063600108005701976540031510000
0020020667665334003010011364610000000000087139932101000030000000046500000000046500000001000000010000008617302600001059600000009249026000010596000000092490063600108005701976540031510000
0020020667665901003010011364610000000000087139932101000030000000046500000000046500000001000000010000008617302600001059600000009249026000010596000000092490063600108005701976540031510000
005001066766608400000000000000000000000024723180240000000000150000
002011066766608900104150619359000000000024723180240400001003370004650004650004650000000000000000000100000001000000861730260000105960000000924902600001059600000009249000000000000000000000000000000000000000000000000006360010800570197654003151000000
0020020667666270003010011364610000000000087139932101000030000000046500000000046500000001000000010000008617302600001059600000009249026000010596000000092490063600108005701976540031510000
0020020667666347003010011364610000000000087139932101000030000000046500000000046500000001000000010000008617302600001059600000009249026000010596000000092490063600108005701976540031510000
002011066766635300109008047902000000000012550454480100001008860004650004650004650000000000000000000100000001000000861730260000105960000000924902600001059600000009249000000000000000000000000000010000000000000000003406360010800570197654003151000000
002011066766635900109057376541000000000005160072400100001002220004650004650004650000000000000000000100000001000000861730260000105960000000924902600001059600000009249000000000000000000000000000010000000000000000000206360010800570197654003151000000
00200306676663650030400479091200000000001547975714080000302019000465000000000000000000010000000100000086173026000010596000000092490260000105960000000924900000000000000000000006360010800570197654003151000000
00200306676663820030400517604500000000003572154982080000300826000465000000000000000000010000000100000086173026000010596000000092490260000105960000000924900000000000000000000006360010800570197654003151000000
0020020667666391003010011364610000000000087139932101000030000000046500000000046500000001000000010000008617302600001059600000009249026000010596000000092490063600108005701976540031510000
00200306676664790030500043317100000000003025945314071000300147000465000000000000000000010000000100000086173026000010596000000092490260000105960000000924900000000000000000000006360010800570197654003151000000
0020020667666658003010011364610000000000087139932101000030000000046500000000046500000001000000010000008617302600001059600000009249026000010596000000092490063600108005701976540031510000
0020020667666832003010011364610000000000087139932101000030000000046500000000046500000001000000010000008617302600001059600000009249026000010596000000092490063600108005701976540031510000
002011066766690400104089163631000000000030762975440400001002410004650004650004650000000000000000000100000001000000861730260000105960000000924902600001059600000009249000000000000000000000000000000000000000000000000006360010800570197654003151000000
002011066766697000104156381796000000000026921651920400001000300004650004650004650000000000000000000100000001000000861730260000105960000000924902600001059600000009249000000000000000000000000000000000000000000000000006360010800570197654003151000000
0020020667667015003010011364610000000000087139932101000030000000046500000000046500000001000000010000008617302600001059600000009249026000010596000000092490063600108005701976540031510000
005001066766810200301001136461000000000008713993210400001000150000
00300101000030001200055800000086173026000010596000000092490260000105960000000924906676681050000
00300107000030000200000000000086173026000010596000000092490260000105960000000924906676681050000
00300107100030000200000000000086173026000010596000000092490260000105960000000924906676681050000
00300104000010000300013950000086173026000010596000000092490260000105960000000924906676681050000
00300101000010000200009300000086173026000010596000000092490260000105960000000924906676681050000
00300108000030000200000000000086173026000010596000000092490260000105960000000924906676681050000
001001026000008617300406676681050260000105960000000924902600001059600000009249020290457400100120000
005001066766848200301001136461000000000008713993210400001000150000
001001026000008617300306676684850260000105960000000924902600001059600000009249020290457400100120000
02000100106676684960030100113646100000000000871399321026000010596000000092490024701000008617302600001059600000009249026000010596000000092490000
0210010300180000086173026000010596000000092490260000105960000000924906676684960000
0210010400220000086173026000010596000000092490260000105960000000924906676684960000
0210010500020000086173026000010596000000092490260000105960000000924906676684960000
0210010800050000086173026000010596000000092490260000105960000000924906676684960000
0210011000020000086173026000010596000000092490260000105960000000924906676684960000
0210011100010000086173026000010596000000092490260000105960000000924906676684960000
0210011800050000086173026000010596000000092490260000105960000000924906676684960000
0210012500020000086173026000010596000000092490260000105960000000924906676684960000
010001001026000010596000000092490000086173066766849600500000
001001026000008617300206676685000260000105960000000924900000000000000000000000020290457400100120000
010001001026000010596000000092490000086173066766850600400000
001001026000008617300106676685120000000105960000000000000000000000000000000000020290457400100120000
03400667644971000008617300005C06676449710667647220000008617304574I000010596000001059600100000320004650000000010000000108000001100000000000000100000001
03400667648589000008617300005C06676485890667650663000008617304574V00001059600000105960010000015000465000000001000000010400000020004650000000010000000107000000200000000000000100000001080000007000000000000001000000010800000070000000000000010000000108000000700000000000000100000001080000007000000000000001000000010800000070000000000000010000000108000000700000000000000100000001
