1000020260000086029003063600107318383295100035530000
0450010000000002000000000106675788070000
001001026000008602900206676205400000000078322000000000000000000000000000000000000000000000000000000
010001001026000007832200000075390000086029066762054800100000
0350010667620560456525080000048400000001010000
010001001026000007832200000075390000086029066762056200200000
001001026000008602900306676205650260000078322000000753902600000783220000007539000000000000000010000
001001026000008602900406676216290260000078322000000753902600000783220000007539020340457900100010000
001001026000008602900506676216360260000078322000000753902600000783220000007539020340457900100010000
00200306676221400030400430805300000000002516984122080000304303000430000000000000000000010000000100000086029026000007832200000075390260000078322000000753900000000000000000000006360010731838329510003553000000
0020020667622152003010011021820000000000045652508101000030000000043000000000043000000001000000010000008602902600000783220000007539026000007832200000075390063600107318383295100035530000
0020020667622297003010011021820000000000045652508101000030000000043000000000043000000001000000010000008602902600000783220000007539026000007832200000075390063600107318383295100035530000
0020020667622301003010011021820000000000045652508101000030000000043000000000043000000001000000010000008602902600000783220000007539026000007832200000075390063600107318383295100035530000
002011066762232800117036945783000000000030616343750400001017010004300004300004300000000000000000000100000001000000860290260000078322000000753902600000783220000007539000000000000000000000000000000000000000000000000006360010731838329510003553000000
0020020667622334003010011021820000000000045652508101000030000000043000000000043000000001000000010000008602902600000783220000007539026000007832200000075390063600107318383295100035530000
0020020667622400003010011021820000000000045652508101000030000000043000000000043000000001000000010000008602902600000783220000007539026000007832200000075390063600107318383295100035530000
002011066762252200104081889399000000000000712607440400001017000004300004300004300000000000000000000100000001000000860290260000078322000000753902600000783220000007539000000000000000000000000000000000000000000000000006360010731838329510003553000000
002011066762252900104151213348000000000025769531600400001006770004300004300004300000000000000000000100000001000000860290260000078322000000753902600000783220000007539000000000000000000000000000000000000000000000000006360010731838329510003553000000
0020020667622534003010011021820000000000045652508101000030000000043000000000043000000001000000010000008602902600000783220000007539026000007832200000075390063600107318383295100035530000
0450010000000000000000000506676226270000
002011066762268300104152352112000000000023010734800400001000110004300004300004300000000000000000000100000001000000860290260000078322000000753902600000783220000007539000000000000000000000000000000000000000000000000006360010731838329510003553000000
005001066762279300304005103951000000000039337052210000000000150000
00200306676228010030400510395100000000003933705221080000300865000430000000000000000000010000000100000086029026000007832200000075390260000078322000000753900000000000000000000006360010731838329510003553000000
002011066762281300117041029544000000000009217518930400001012210004300004300004300000000000000000000100000001000000860290260000078322000000753902600000783220000007539000000000000000000000000000000000000000000000000006360010731838329510003553000000
0020020667622970003010011021820000000000045652508101000030000000043000000000043000000001000000010000008602902600000783220000007539026000007832200000075390063600107318383295100035530000
0020020667622993003010011021820000000000045652508101000030000000043000000000043000000001000000010000008602902600000783220000007539026000007832200000075390063600107318383295100035530000
002011066762340300104156235277000000000028492729040400001010990004300004300004300000000000000000000100000001000000860290260000078322000000753902600000783220000007539000000000000000000000000000000000000000000000000006360010731838329510003553000000
002011066762347100109053403194000000000018504802000100001005870004300004300004300000000000000000000100000001000000860290260000078322000000753902600000783220000007539000000000000000000000000000000000000000000000000006360010731838329510003553000000
00200306676234770030400505288500000000000519454201080000301467000430000000000000000000010000000100000086029026000007832200000075390260000078322000000753900000000000000000000006360010731838329510003553000000
005001066762348700104152676244000000000027917330640400001000150000
002011066762348800104152676244000000000027917330640400001032600004300004300004300000000000000000000100000001000000860290260000078322000000753902600000783220000007539000000000000000000000000000000000000000000000000006360010731838329510003553000000
00200306676235970030400399688600000000001011303547080000304046000430000000000000000000010000000100000086029026000007832200000075390260000078322000000753900000000000000000000006360010731838329510003553000000
00300108000030000400000000000086029026000007832200000075390260000078322000000753906676242990000
00300101000030000800034400000086029026000007832200000075390260000078322000000753906676242990000
00300104000010000700030100000086029026000007832200000075390260000078322000000753906676242990000
00300101000010000100004300000086029026000007832200000075390260000078322000000753906676242990000
001001026000008602900406676242990260000078322000000753902600000783220000007539020340457900100110000
001001026000008602900506676244880260000078322000000753902600000783220000007539020340457900100110000
0020020667624497003010011021820000000000045652508101000030000000043000000000043000000001000000010000008602902600000783220000007539026000007832200000075390063600107318383295100035530000
0020020667624511003010011021820000000000045652508101000030000000043000000000043000000001000000010000008602902600000783220000007539026000007832200000075390063600107318383295100035530000
0020020667624518003010011021820000000000045652508101000030000000043000000000043000000001000000010000008602902600000783220000007539026000007832200000075390063600107318383295100035530000
002011066762456200117057930718000000000007545911290400001015040004300004300004300000000000000000000100000001000000860290260000078322000000753902600000783220000007539000000000000000000000000000000000000000000000000006360010731838329510003553000000
0020020667625523003010011021820000000000045652508101000030000000043000000000043000000001000000010000008602902600000783220000007539026000007832200000075390063600107318383295100035530000
0020020667625551003010011021820000000000045652508101000030000000043000000000043000000001000000010000008602902600000783220000007539026000007832200000075390063600107318383295100035530000
00300101000030000500021500000086029026000007832200000075390260000078322000000753906676260830000
00300104000010000100004300000086029026000007832200000075390260000078322000000753906676260830000
001001026000008602900406676260830260000078322000000753902600000783220000007539020340457900100010000
001001026000008602900506676260900260000078322000000753902600000783220000007539020340457900100010000
002011066762643500104163471169000000000019389827280400001020100004300004300004300000000000000000000100000001000000860290260000078322000000753902600000783220000007539000000000000000000000000000000000000000000000000006360010731838329510003553000000
002011066762650500104152586253000000000027898655440400001063220004300004300004300000000000000000000100000001000000860290260000078322000000753902600000783220000007539000000000000000000000000000000000000000000000000006360010731838329510003553000000
0020020667626814003010011021820000000000045652508101000030000000043000000000043000000001000000010000008602902600000783220000007539026000007832200000075390063600107318383295100035530000
0020020667626920003010011021820000000000045652508101000030000000043000000000043000000001000000010000008602902600000783220000007539026000007832200000075390063600107318383295100035530000
0020020667626927003010011021820000000000045652508101000030000000043000000000043000000001000000010000008602902600000783220000007539026000007832200000075390063600107318383295100035530000
0020020667627348003010011021820000000000045652508101000030000000043000000000043000000001000000010000008602902600000783220000007539026000007832200000075390063600107318383295100035530000
0020020667627356003010011021820000000000045652508101000030000000043000000000043000000001000000010000008602902600000783220000007539026000007832200000075390063600107318383295100035530000
00200306676273930030400427635600000000002517544442080000303185000430000000000000000000010000000100000086029026000007832200000075390260000078322000000753900000000000000000000006360010731838329510003553000000
002011066762790200104165394242000000000016312996560400001041900004300004300004300000000000000000000100000001000000860290260000078322000000753902600000783220000007539000000000000000000000000000000000000000000000000006360010731838329510003553000000
0020020667628018003010011021820000000000045652508101000030000000043000000000043000000001000000010000008602902600000783220000007539026000007832200000075390063600107318383295100035530000
00300104000010000300012900000086029026000007832200000075390260000078322000000753906676295450000
00300101000030000600025800000086029026000007832200000075390260000078322000000753906676295450000
00300108000030000100000000000086029026000007832200000075390260000078322000000753906676295450000
001001026000008602900406676295450260000078322000000753902600000783220000007539020340457900100110000
001001026000008602900506676300890260000078322000000753902600000783220000007539020340457900100110000
0020020667630112003010011021820000000000045652508101000030000000043000000000043000000001000000010000008602902600000783220000007539026000007832200000075390063600107318383295100035530000
0020020667630127003010011021820000000000045652508101000030000000043000000000043000000001000000010000008602902600000783220000007539026000007832200000075390063600107318383295100035530000
0020020667630135003010011021820000000000045652508101000030000000043000000000043000000001000000010000008602902600000783220000007539026000007832200000075390063600107318383295100035530000
002011066763014200104084486805000000000015814239440400001008060004300004300004300000000000000000000100000001000000860290260000078322000000753902600000783220000007539000000000000000000000000000000000000000000000000006360010731838329510003553000000
0020020667630154003010011021820000000000045652508101000030000000043000000000043000000001000000010000008602902600000783220000007539026000007832200000075390063600107318383295100035530000
005001066763016300104163471169000000000019389827280400001000800000
0020020667630171003010011021820000000000045652508101000030000000043000000000043000000001000000010000008602902600000783220000007539026000007832200000075390063600107318383295100035530000
002011066763019100104164406212000000000024137523920400001042900004300004300002250002250008550000000100000001000000860290260000078322000000753902600000783220000007539100000000000000000000300000000000000000000000000006360010731838329510003553000000
00200306676302340020401695666100000000002752450041080000200176000430000000000000000000010000000100000086029026000007832200000075390260000078322000000753900000000000000000000006360010731838329510003553000000
002011066763033000117047924359000000000012088261980400001028570004300004300004300000000000000000000100000001000000860290260000078322000000753902600000783220000007539000000000000000000000000000000000000000000000000006360010731838329510003553000000
0020020667630553003010011021820000000000045652508101000030000000043000000000043000000001000000010000008602902600000783220000007539026000007832200000075390063600107318383295100035530000
0020020667630557003010011021820000000000045652508101000030000000043000000000043000000001000000010000008602902600000783220000007539026000007832200000075390063600107318383295100035530000
00200306676307720020400825781300000000001629592027080000207179000430000000000000000000010000000100000086029026000007832200000075390260000078322000000753900000000000000000000006360010731838329510003553000000
0020020667630917003010011021820000000000045652508101000030000000043000000000043000000001000000010000008602902600000783220000007539026000007832200000075390063600107318383295100035530000
0020020667631170003010011021820000000000045652508101000030000000043000000000043000000001000000010000008602902600000783220000007539026000007832200000075390063600107318383295100035530000
00300101000030000900038700000086029026000007832200000075390260000078322000000753906676318450000
00300104000010000300012900000086029026000007832200000075390260000078322000000753906676318450000
00300108000020000200000000000086029026000007832200000075390260000078322000000753906676318450000
001001026000008602900406676318450260000078322000000753902600000783220000007539020340457900100010000
001001026000008602900506676318530260000078322000000753902600000783220000007539020340457900100010000
0020020667631979003010011021820000000000045652508101000030000000043000000000043000000001000000010000008602902600000783220000007539026000007832200000075390063600107318383295100035530000
002011066763198400109006865381000000000011325366480100001012420004300004300004300000000000000000000100000001000000860290260000078322000000753902600000783220000007539000000000000000000000000000000000000000000000000006360010731838329510003553000000
002011066763199500104086322771000000000016954117840400001015310004300004300004300000000000000000000100000001000000860290260000078322000000753902600000783220000007539000000000000000000000000000000000000000000000000006360010731838329510003553000000
00200306676324040030400268724300000000000659787036080000302177000430000000000000000000010000000100000086029026000007832200000075390260000078322000000753900000000000000000000006360010731838329510003553000000
00200306676324130030400512256500000000003534235382080000300863000430000000000000000000010000000100000086029026000007832200000075390260000078322000000753900000000000000000000006360010731838329510003553000000
00200306676324230030400429423100000000002679673459080000301100000430000000000000000000010000000100000086029026000007832200000075390260000078322000000753900000000000000000000006360010731838329510003553000000
00200306676324320030400531453700000000002659591827080000300108000430000000000000000000010000000100000086029026000007832200000075390260000078322000000753900000000000000000000006360010731838329510003553000000
0020020667632573003010011021820000000000045652508101000030000000043000000000043000000001000000010000008602902600000783220000007539026000007832200000075390063600107318383295100035530000
0020020667632676003010011021820000000000045652508101000030000000043000000000043000000001000000010000008602902600000783220000007539026000007832200000075390063600107318383295100035530000
00200306676326830020401729244800000000001337807051080000200286000430000000000000000000010000000100000086029026000007832200000075390260000078322000000753900000000000000000000006360010731838329510003553000000
002011066763269700104163140529000000000014979853520400001014520004300004300004300000000000000000000100000001000000860290260000078322000000753902600000783220000007539000000000000000000000000000000000000000000000000006360010731838329510003553000000
0020020667632776003010011021820000000000045652508101000030000000043000000000043000000001000000010000008602902600000783220000007539026000007832200000075390063600107318383295100035530000
00200306676328440030400521724800000000003533597014080000300113000430000000000000000000010000000100000086029026000007832200000075390260000078322000000753900000000000000000000006360010731838329510003553000000
00200306676328560030400532034100000000002523596794080000300186000430000000000000000000010000000100000086029026000007832200000075390260000078322000000753900000000000000000000006360010731838329510003553000000
002011066763368000104166765767000000000023740892880400001037150004300004300004300000000000000000000100000001000000860290260000078322000000753902600000783220000007539000000000000000000000000000000000000000000000000006360010731838329510003553000000
00200306676338380030400260938200000000003415698388080000308356000430000000000000000000010000000100000086029026000007832200000075390260000078322000000753900000000000000000000006360010731838329510003553000000
002011066763418200104151306907000000000025780350160400001002090004300004300004300000000000000000000100000001000000860290260000078322000000753902600000783220000007539000000000000000000000000000000000000000000000000006360010731838329510003553000000
00300101000030000400017200000086029026000007832200000075390260000078322000000753906676352420000
00300101000010000100004300000086029026000007832200000075390260000078322000000753906676352420000
00300104000010000400017200000086029026000007832200000075390260000078322000000753906676352420000
00300108000030000700000000000086029026000007832200000075390260000078322000000753906676352420000
00300108000020000100000000000086029026000007832200000075390260000078322000000753906676352420000
001001026000008602900406676352420260000078322000000753902600000783220000007539020340457900100110000
001001026000008602900506676354520260000078322000000753902600000783220000007539020340457900100110000
0020020667635476003010011021820000000000045652508101000030000000043000000000043000000001000000010000008602902600000783220000007539026000007832200000075390063600107318383295100035530000
00200306676354840030400457137400000000000659771100080000301751000430000000000000000000010000000100000086029026000007832200000075390260000078322000000753900000000000000000000006360010731838329510003553000000
002011066763549400109001234014000000000000354553040100001005080004300004300004300000000000000000000100000001000000860290260000078322000000753902600000783220000007539000000000000000000000000000010000000000000000000206360010731838329510003553000000
0020020667635504003010011021820000000000045652508101000030000000043000000000043000000001000000010000008602902600000783220000007539026000007832200000075390063600107318383295100035530000
002011066763551600104156625211000000000027416533200400001000340004300004300003400003400008550000000100000001000000860290260000078322000000753902600000783220000007539100000000000000000000300000000000000000000000000006360010731838329510003553000000
0020020667635520003010011021820000000000045652508101000030000000043000000000043000000001000000010000008602902600000783220000007539026000007832200000075390063600107318383295100035530000
0020020667635526003010011021820000000000045652508101000030000000043000000000043000000001000000010000008602902600000783220000007539026000007832200000075390063600107318383295100035530000
00200306676355300030400466519100000000002523899226080000304466000430000000000000000000010000000100000086029026000007832200000075390260000078322000000753900000000000000000000006360010731838329510003553000000
0020020667635538003010011021820000000000045652508101000030000000043000000000043000000001000000010000008602902600000783220000007539026000007832200000075390063600107318383295100035530000
0020020667635796003010011021820000000000045652508101000030000000043000000000043000000001000000010000008602902600000783220000007539026000007832200000075390063600107318383295100035530000
0020020667635900003010011021820000000000045652508101000030000000043000000000043000000001000000010000008602902600000783220000007539026000007832200000075390063600107318383295100035530000
002011066763600300109074351789000000000032052424400100001001680004300004300004300000000000000000000100000001000000860290260000078322000000753902600000783220000007539000000000000000000000000000000000000000000000000006360010731838329510003553000000
0020020667636222003010011021820000000000045652508101000030000000043000000000043000000001000000010000008602902600000783220000007539026000007832200000075390063600107318383295100035530000
0020020667636565003010011021820000000000045652508101000030000000043000000000043000000001000000010000008602902600000783220000007539026000007832200000075390063600107318383295100035530000
0020020667636570003010011021820000000000045652508101000030000000043000000000043000000001000000010000008602902600000783220000007539026000007832200000075390063600107318383295100035530000
0020020667636666003010011021820000000000045652508101000030000000043000000000043000000001000000010000008602902600000783220000007539026000007832200000075390063600107318383295100035530000
0020020667636671003010011021820000000000045652508101000030000000043000000000043000000001000000010000008602902600000783220000007539026000007832200000075390063600107318383295100035530000
0020020667636707003010011021820000000000045652508101000030000000043000000000043000000001000000010000008602902600000783220000007539026000007832200000075390063600107318383295100035530000
002011066763673500104084031417000000000008662871760400001002720004300004300004300000000000000000000100000001000000860290260000078322000000753902600000783220000007539000000000000000000000000000000000000000000000000006360010731838329510003553000000
005001066763701100104160429005000000000026695378640400001000800000
005001066763701500000000000000000000000026695378640000000000150000
005001066763701600104160429005000000000026695378640400001000800000
005001066763701900104160429005000000000026695378640400001000800000
002011066763704000109129936813000000000007073065680100001007250004300004300004300000000000000000000100000001000000860290260000078322000000753902600000783220000007539000000000000000000000000000000000000000000000000006360010731838329510003553000000
00200306676371150030400442410100000000000580741843080000301236000430000000000000000000010000000100000086029026000007832200000075390260000078322000000753900000000000000000000006360010731838329510003553000000
00300101000030001300055900000086029026000007832200000075390260000078322000000753906676374030000
00300108000030000300000000000086029026000007832200000075390260000078322000000753906676374030000
00300101000010000300012900000086029026000007832200000075390260000078322000000753906676374030000
00300104000010000200008600000086029026000007832200000075390260000078322000000753906676374030000
001001026000008602900406676374030260000078322000000753902600000783220000007539020340457900100010000
001001026000008602900506676374100260000078322000000753902600000783220000007539020340457900100010000
0020020667637646003010011021820000000000045652508101000030000000043000000000043000000001000000010000008602902600000783220000007539026000007832200000075390063600107318383295100035530000
002011066763766900104153121475000000000024700493520400001095060004300004300004300000000000000000000100000001000000860290260000078322000000753902600000783220000007539000000000000000000000019000000000000000000000000006360010731838329510003553000000
0020020667637836003010011021820000000000045652508101000030000000043000000000043000000001000000010000008602902600000783220000007539026000007832200000075390063600107318383295100035530000
00200306676379860030400474264100000000001546012162080000301785000430000000000000000000010000000100000086029026000007832200000075390260000078322000000753900000000000000000000006360010731838329510003553000000
0020020667638054003010011021820000000000045652508101000030000000043000000000043000000001000000010000008602902600000783220000007539026000007832200000075390063600107318383295100035530000
0020020667638224003010011021820000000000045652508101000030000000043000000000043000000001000000010000008602902600000783220000007539026000007832200000075390063600107318383295100035530000
0020020667638228003010011021820000000000045652508101000030000000043000000000043000000001000000010000008602902600000783220000007539026000007832200000075390063600107318383295100035530000
0020020667638231003010011021820000000000045652508101000030000000043000000000043000000001000000010000008602902600000783220000007539026000007832200000075390063600107318383295100035530000
00200306676382950030400520636100000000003571760598080000300751000430000000000000000000010000000100000086029026000007832200000075390260000078322000000753900000000000000000000006360010731838329510003553000000
0020020667638368003010011021820000000000045652508101000030000000043000000000043000000001000000010000008602902600000783220000007539026000007832200000075390063600107318383295100035530000
0020020667638396003010011021820000000000045652508101000030000000043000000000043000000001000000010000008602902600000783220000007539026000007832200000075390063600107318383295100035530000
0020020667638402003010011021820000000000045652508101000030000000043000000000043000000001000000010000008602902600000783220000007539026000007832200000075390063600107318383295100035530000
0020020667638430003010011021820000000000045652508101000030000000043000000000043000000001000000010000008602902600000783220000007539026000007832200000075390063600107318383295100035530000
0020020667638437003010011021820000000000045652508101000030000000043000000000043000000001000000010000008602902600000783220000007539026000007832200000075390063600107318383295100035530000
00200306676384560030400424924300000000003148581966080000301699000430000000000000000000010000000100000086029026000007832200000075390260000078322000000753900000000000000000000006360010731838329510003553000000
00200306676384940030400331488200000000003931888101080000301618000430000000000000000000010000000100000086029026000007832200000075390260000078322000000753900000000000000000000006360010731838329510003553000000
002011066763856800104165705779000000000023033769680400001035450004300004300004300000000000000000000100000001000000860290260000078322000000753902600000783220000007539000000000000000000000000000000000000000000000000006360010731838329510003553000000
00200306676385750030400518474900000000003569393718080000300317000430000000000000000000010000000100000086029026000007832200000075390260000078322000000753900000000000000000000006360010731838329510003553000000
0020020667638877003010011021820000000000045652508101000030000000043000000000043000000001000000010000008602902600000783220000007539026000007832200000075390063600107318383295100035530000
00200306676390420030400478360600000000001547911458080000301597000430000000000000000000010000000100000086029026000007832200000075390260000078322000000753900000000000000000000006360010731838329510003553000000
005001066763905300301001145272000000000002527477530400001000150000
005001066763905600301001145272000000000002527477530400001000150000
00200306676390580030100114527200000000000252747753070000300632000430000000000000000000010000000100000086029026000007832200000075390260000078322000000753900000000000000000000006360010731838329510003553000000
002011066763911100117056551306000000000039028296860400001013470004300004300003000003000008550000000100000001000000860290260000078322000000753902600000783220000007539100000000000000000000300000000000000000000000000006360010731838329510003553000000
002011066763911500104079816291000000000000185515850400001009380004300004300004300000000000000000000100000001000000860290260000078322000000753902600000783220000007539000000000000000000000019300000000000000000000000006360010731838329510003553000000
00300101000030001200051600000086029026000007832200000075390260000078322000000753906676406570000
00300104000010000400017200000086029026000007832200000075390260000078322000000753906676406570000
00300108000030000600000000000086029026000007832200000075390260000078322000000753906676406570000
00300107000030000100000000000086029026000007832200000075390260000078322000000753906676406570000
001001026000008602900406676406570260000078322000000753902600000783220000007539020340457900100110000
001001026000008602900306676406630260000078322000000753902600000783220000007539020340457900100110000
001001026000008602900206676406670260000078322000000753902600000783220000007539020340457900100110000
010001001026000007832200000075390000086029066764067500400000
02000100106676406830030100110218200000000000456525081026000007832200000075390048401000008602902600000783220000007539026000007832200000075390000
0210010300240000086029026000007832200000075390260000078322000000753906676406830000
0210010400550000086029026000007832200000075390260000078322000000753906676406830000
0210010800010000086029026000007832200000075390260000078322000000753906676406830000
0210011800100000086029026000007832200000075390260000078322000000753906676406830000
0210012500040000086029026000007832200000075390260000078322000000753906676406830000
010001001026000007832200000075390000086029066764068400500000
010001001026000010530100000092110000086029066764073000100000
0350010667640742871457830000029700000001010000
010001001026000010530100000092110000086029066764074400200000
001001026000008602900306676407490260000105301000000921102600001053010000009211020340457900100120000
001001026000008602900406676407580260000105301000000921102600001053010000009211020340457900100120000
005001066764076000301001129731000000000008714578330400001000150000
001001026000008602900506676407660260000105301000000921102600001053010000009211020340457900100120000
0020020667641271003010011297310000000000087145783301000030000000043000000000043000000001000000010000008602902600001053010000009211026000010530100000092110063600107318383295100035530000
002011066764127700104164045309000000000024297042640400001012210004300004300000000000000008550000000100000001000000860290260000105301000000921102600001053010000009211100000000000000000000300000000000000000000000000006360010731838329510003553000000
0020020667641291003010011297310000000000087145783301000030000000043000000000043000000001000000010000008602902600001053010000009211026000010530100000092110063600107318383295100035530000
0020020667641303003010011297310000000000087145783301000030000000043000000000043000000001000000010000008602902600001053010000009211026000010530100000092110063600107318383295100035530000
002011066764132200104163143773000000000014929436880400001047220004300004300004300000000000000000000100000001000000860290260000105301000000921102600001053010000009211000000000000000000000000000000000000000000000000006360010731838329510003553000000
00200306676413340040400345931300000000002755055289080000400248000430000000000000000000010000000100000086029026000010530100000092110260000105301000000921100000000000000000000006360010731838329510003553000000
0020020667641345003010011297310000000000087145783301000030000000043000000000043000000001000000010000008602902600001053010000009211026000010530100000092110063600107318383295100035530000
0020020667641353003010011297310000000000087145783301000030000000043000000000043000000001000000010000008602902600001053010000009211026000010530100000092110063600107318383295100035530000
0020020667641359003010011297310000000000087145783301000030000000043000000000043000000001000000010000008602902600001053010000009211026000010530100000092110063600107318383295100035530000
0020020667641369003010011297310000000000087145783301000030000000043000000000043000000001000000010000008602902600001053010000009211026000010530100000092110063600107318383295100035530000
0020020667641373003010011297310000000000087145783301000030000000043000000000043000000001000000010000008602902600001053010000009211026000010530100000092110063600107318383295100035530000
00200306676413790030400523689700000000002523893482080000300459000430000000000000000000010000000100000086029026000010530100000092110260000105301000000921100000000000000000000006360010731838329510003553000000
00200306676413870030400404565600000000000572459939080000302188000430000000000000000000010000000100000086029026000010530100000092110260000105301000000921100000000000000000000006360010731838329510003553000000
0020020667641396003010011297310000000000087145783301000030000000043000000000043000000001000000010000008602902600001053010000009211026000010530100000092110063600107318383295100035530000
00200306676414060030400413827100000000002659756083080000303780000430000000000000000000010000000100000086029026000010530100000092110260000105301000000921100000000000000000000006360010731838329510003553000000
002011066764141700109076025161000000000033418291920100001000890004300004300004300000000000000000000100000001000000860290260000105301000000921102600001053010000009211000000000000000000000000000000000000000000000000006360010731838329510003553000000
002011066764142600117010904559000000000030741413890400001054340004300004300004300000000000000000000100000001000000860290260000105301000000921102600001053010000009211000000000000000000000000000000000000000000000000006360010731838329510003553000000
002011066764143300109057322041000000000004966367440100001007790004300004300004300000000000000000000100000001000000860290260000105301000000921102600001053010000009211000000000000000000000019000000000000000000000000006360010731838329510003553000000
00200306676414420030400364980900000000003933890453080000303139000430000000000000000000010000000100000086029026000010530100000092110260000105301000000921100000000000000000000006360010731838329510003553000000
005001066764146000304003649809000000000039338904530800003001170000
044001066764146300304003649809000000000039338904530800003031390000
00200306676417090030400294510200000000002140396156080000303016000430000000000000000000010000000100000086029026000010530100000092110260000105301000000921100000000000000000000006360010731838329510003553000000
0020020667641723003010011297310000000000087145783301000030000000043000000000043000000001000000010000008602902600001053010000009211026000010530100000092110063600107318383295100035530000
0020020667642064003010011297310000000000087145783301000030000000043000000000043000000001000000010000008602902600001053010000009211026000010530100000092110063600107318383295100035530000
00200306676421560030400268724300000000000659787036080000302178000430000000000000000000010000000100000086029026000010530100000092110260000105301000000921100000000000000000000006360010731838329510003553000000
0020020667642324003010011297310000000000087145783301000030000000043000000000043000000001000000010000008602902600001053010000009211026000010530100000092110063600107318383295100035530000
0020020667642329003010011297310000000000087145783301000030000000043000000000043000000001000000010000008602902600001053010000009211026000010530100000092110063600107318383295100035530000
0020020667642699003010011297310000000000087145783301000030000000043000000000043000000001000000010000008602902600001053010000009211026000010530100000092110063600107318383295100035530000
00200306676427130030400518044100000000003569745622080000300574000430000000000000000000010000000100000086029026000010530100000092110260000105301000000921100000000000000000000006360010731838329510003553000000
0020020667642884003010011297310000000000087145783301000030000000043000000000043000000001000000010000008602902600001053010000009211026000010530100000092110063600107318383295100035530000
005001066764295700301001129731000000000008714578330400001000150000
00300101000030001500064500000086029026000010530100000092110260000105301000000921106676429610000
00300104000010000300012900000086029026000010530100000092110260000105301000000921106676429610000
00300108000040000100000000000086029026000010530100000092110260000105301000000921106676429610000
00300108000030000700000000000086029026000010530100000092110260000105301000000921106676429610000
00300101000010000200008600000086029026000010530100000092110260000105301000000921106676429610000
001001026000008602900406676429610260000105301000000921102600001053010000009211020340457900100020000
005001066764296300301001129731000000000008714578330400001000150000
001001026000008602900506676429690260000105301000000921102600001053010000009211020340457900100020000
0020020667643098003010011297310000000000087145783301000030000000043000000000043000000001000000010000008602902600001053010000009211026000010530100000092110063600107318383295100035530000
0020020667643113003010011297310000000000087145783301000030000000043000000000043000000001000000010000008602902600001053010000009211026000010530100000092110063600107318383295100035530000
002011066764332500104089005384000000000030119189200400001002750004300004300004300000000000000000000100000001000000860290260000105301000000921102600001053010000009211000000000000000000000000000000000000000000000000006360010731838329510003553000000
0020020667643490003010011297310000000000087145783301000030000000043000000000043000000001000000010000008602902600001053010000009211026000010530100000092110063600107318383295100035530000
0020020667643647003010011297310000000000087145783301000030000000043000000000043000000001000000010000008602902600001053010000009211026000010530100000092110063600107318383295100035530000
0020020667643811003010011297310000000000087145783301000030000000043000000000043000000001000000010000008602902600001053010000009211026000010530100000092110063600107318383295100035530000
002011066764394400104164151869000000000019373929680400001151490004300004300004300000000000000000000100000001000000860290260000105301000000921102600001053010000009211000000000000000000000000000000000000000000000000006360010731838329510003553000000
002011066764411300104151907269000000000024742769360400001017920004300004300004300000000000000000000100000001000000860290260000105301000000921102600001053010000009211000000000000000000000000000000000000000000000000006360010731838329510003553000000
00200306676441180030400532889900000000001983048530080000300062000430000000000000000000010000000100000086029026000010530100000092110260000105301000000921100000000000000000000006360010731838329510003553000000
0020020667644130003010011297310000000000087145783301000030000000043000000000043000000001000000010000008602902600001053010000009211026000010530100000092110063600107318383295100035530000
00200306676441350030400493456600000000000455691241080000300509000430000000000000000000010000000100000086029026000010530100000092110260000105301000000921100000000000000000000006360010731838329510003553000000
002011066764415000104089146794000000000033076014800400001004710004300004300004300000000000000000000100000001000000860290260000105301000000921102600001053010000009211000000000000000000000000000000000000000000000000006360010731838329510003553000000
002011066764422800104085163491000000000015715766480400001005700004300004300004300000000000000000000100000001000000860290260000105301000000921102600001053010000009211000000000000000000000000000000000000000000000000006360010731838329510003553000000
0020020667644240003010011297310000000000087145783301000030000000043000000000043000000001000000010000008602902600001053010000009211026000010530100000092110063600107318383295100035530000
005001066764538300301001129731000000000008714578330400001000150000
00300101000030000700030100000086029026000010530100000092110260000105301000000921106676453870000
00300104000010000500021500000086029026000010530100000092110260000105301000000921106676453870000
00300108000030000200000000000086029026000010530100000092110260000105301000000921106676453870000
001001026000008602900406676453870260000105301000000921102600001053010000009211020340457900100120000
005001066764538800301001129731000000000008714578330400001000150000
001001026000008602900506676453940260000105301000000921102600001053010000009211020340457900100120000
00200306676463900150300316790100000000000872059625061201500015000430000000000000000000010000000100000086029026000010530100000092110260000105301000000921100000000000000000000006360010731838329510003553000000
005001066764640701503003167901000000000008720596250612015001170000
044001066764641501503003167901000000000008720596250612015000150000
0020020667646452003010011297310000000000087145783301000030000000043000000000043000000001000000010000008602902600001053010000009211026000010530100000092110063600107318383295100035530000
002011066764693100117037133316000000000015394023880400001023330004300004300004300000000000000000000100000001000000860290260000105301000000921102600001053010000009211000000000000000000000000000000000000000000000000006360010731838329510003553000000
0020020667647070003010011297310000000000087145783301000030000000043000000000043000000001000000010000008602902600001053010000009211026000010530100000092110063600107318383295100035530000
0020020667647690003010011297310000000000087145783301000030000000043000000000043000000001000000010000008602902600001053010000009211026000010530100000092110063600107318383295100035530000
005001066764780800301001129731000000000008714578330400001000150000
00300106120150000100000000000086029026000010530100000092110260000105301000000921106676478120000
00300101000030000300012900000086029026000010530100000092110260000105301000000921106676478120000
00300104000010000100004300000086029026000010530100000092110260000105301000000921106676478120000
001001026000008602900406676478120260000105301000000921102600001053010000009211020340457900100020000
005001066764781400301001129731000000000008714578330400001000150000
001001026000008602900506676478200260000105301000000921102600001053010000009211020340457900100020000
0020020667647879003010011297310000000000087145783301000030000000043000000000043000000001000000010000008602902600001053010000009211026000010530100000092110063600107318383295100035530000
00200306676480400030400430805300000000002516984122080000304307000430000000000000000000010000000100000086029026000010530100000092110260000105301000000921100000000000000000000006360010731838329510003553000000
00200306676481330030400407840600000000000556168627080000303020000430000000000000000000010000000100000086029026000010530100000092110260000105301000000921100000000000000000000006360010731838329510003553000000
00200306676481530030400495424900000000000322922313080000300844000430000000000000000000010000000100000086029026000010530100000092110260000105301000000921100000000000000000000006360010731838329510003553000000
0020020667648254003010011297310000000000087145783301000030000000043000000000043000000001000000010000008602902600001053010000009211026000010530100000092110063600107318383295100035530000
002011066764872700104152906789000000000024664932560400001015600004300004300004300000000000000000000100000001000000860290260000105301000000921102600001053010000009211000000000000000000000000000000000000000000000000006360010731838329510003553000000
0020020667649076003010011297310000000000087145783301000030000000043000000000043000000001000000010000008602902600001053010000009211026000010530100000092110063600107318383295100035530000
0020020667649084003010011297310000000000087145783301000030000000043000000000043000000001000000010000008602902600001053010000009211026000010530100000092110063600107318383295100035530000
002011066764931400117026598258000000000019390966210400001031570004300004300004300000000000000000000100000001000000860290260000105301000000921102600001053010000009211000000000000000000000000000000000000000000000000006360010731838329510003553000000
005001066764976700301001162886000000000004559357370400001000150000
005001066764977000301001162886000000000004559357370400001000150000
00200306676497720030100116288600000000000455935737070000300264000430000000000000000000010000000100000086029026000010530100000092110260000105301000000921100000000000000000000006360010731838329510003553000000
00200306676497820030400401898500000000000572084787080000305667000430000000000000000000010000000100000086029026000010530100000092110260000105301000000921100000000000000000000006360010731838329510003553000000
002011066764979300104156532417000000000027411607760400001000350004300004300004300000000000000000000100000001000000860290260000105301000000921102600001053010000009211000000000000000000000000000000000000000000000000006360010731838329510003553000000
005001066765049600301001129731000000000008714578330400001000150000
00300101000030000400017200000086029026000010530100000092110260000105301000000921106676505000000
00300108000030000400000000000086029026000010530100000092110260000105301000000921106676505000000
00300104000010000300012900000086029026000010530100000092110260000105301000000921106676505000000
00300107000030000100000000000086029026000010530100000092110260000105301000000921106676505000000
001001026000008602900406676505000260000105301000000921102600001053010000009211020340457900100120000
005001066765050200301001129731000000000008714578330400001000150000
001001026000008602900506676505080260000105301000000921102600001053010000009211020340457900100120000
0020020667651740003010011297310000000000087145783301000030000000043000000000043000000001000000010000008602902600001053010000009211026000010530100000092110063600107318383295100035530000
00200306676517480030400352749500000000002130570380080000307006000430000000000000000000010000000100000086029026000010530100000092110260000105301000000921100000000000000000000006360010731838329510003553000000
00200306676517570030400437877900000000002678319843080000302559000430000000000000000000010000000100000086029026000010530100000092110260000105301000000921100000000000000000000006360010731838329510003553000000
002011066765176800104164370901000000000024315208400400001074700004300004300004300000000000000000000100000001000000860290260000105301000000921102600001053010000009211000000000000000000000000000000000000000000000000006360010731838329510003553000000
0020020667651777003010011297310000000000087145783301000030000000043000000000043000000001000000010000008602902600001053010000009211026000010530100000092110063600107318383295100035530000
00200306676517840030400501137200000000003533902854080000301725000430000000000000000000010000000100000086029026000010530100000092110260000105301000000921100000000000000000000006360010731838329510003553000000
0020020667651903003010011297310000000000087145783301000030000000043000000000043000000001000000010000008602902600001053010000009211026000010530100000092110063600107318383295100035530000
002011066765193200104152662138000000000026756529360400001107410004300004300004300000000000000000000100000001000000860290260000105301000000921102600001053010000009211000000000000000000000000000000000000000000000000006360010731838329510003553000000
002011066765195600104028221133000000000011191384280400001153790004300004300004300000000000000000000100000001000000860290260000105301000000921102600001053010000009211000000000000000000000000000000000000000000000000006360010731838329510003553000000
0020020667652237003010011297310000000000087145783301000030000000043000000000043000000001000000010000008602902600001053010000009211026000010530100000092110063600107318383295100035530000
0020020667652297003010011297310000000000087145783301000030000000043000000000043000000001000000010000008602902600001053010000009211026000010530100000092110063600107318383295100035530000
00200306676525910030400380258500000000003442739979080000306874000430000000000000000000010000000100000086029026000010530100000092110260000105301000000921100000000000000000000006360010731838329510003553000000
005001066765293200301001114709000000000004564313851023003000150000
005001066765293600301001114709000000000004564313850400001000150000
005001066765293900301001114709000000000004564313850400001000150000
00200306676529410030100111470900000000000456431385070000300673000430000000000000000000010000000100000086029026000010530100000092110260000105301000000921100000000000000000000006360010731838329510003553000000
002011066765342200104156857626000000000027965243600400001000040004300004300004300000000000000000000100000001000000860290260000105301000000921102600001053010000009211000000000000000000000000000000000000000000000000006360010731838329510003553000000
0020020667654037003010011297310000000000087145783301000030000000043000000000043000000001000000010000008602902600001053010000009211026000010530100000092110063600107318383295100035530000
005001066765410200304005269906000000000019831878740001003000150000
00200306676541070030400526990600000000001983187874080000300268000430000000000000000000010000000100000086029026000010530100000092110260000105301000000921100000000000000000000006360010731838329510003553000000
002011066765415700104165070935000000000024378993360400001051570004300004300004300000000000000000000100000001000000860290260000105301000000921102600001053010000009211000000000000000000000000000000000000000000000000006360010731838329510003553000000
0020020667654330003010011297310000000000087145783301000030000000043000000000043000000001000000010000008602902600001053010000009211026000010530100000092110063600107318383295100035530000
0020020667654482003010011297310000000000087145783301000030000000043000000000043000000001000000010000008602902600001053010000009211026000010530100000092110063600107318383295100035530000
0020020667654523003010011297310000000000087145783301000030000000043000000000043000000001000000010000008602902600001053010000009211026000010530100000092110063600107318383295100035530000
002011066765465800104082438218000000000002491894480400001007990004300004300004300000000000000000000100000001000000860290260000105301000000921102600001053010000009211000000000000000000000000000000000000000000000000006360010731838329510003553000000
005001066765585300301001129731000000000008714578330400001000150000
00300101000030000900038700000086029026000010530100000092110260000105301000000921106676558570000
00300108000030000500000000000086029026000010530100000092110260000105301000000921106676558570000
00300104000010000600025800000086029026000010530100000092110260000105301000000921106676558570000
00300107000030000100000000000086029026000010530100000092110260000105301000000921106676558570000
001001026000008602900406676558570260000105301000000921102600001053010000009211020340457900100020000
005001066765586000301001129731000000000008714578330400001000150000
001001026000008602900506676558660260000105301000000921102600001053010000009211020340457900100020000
0020020667657457003010011297310000000000087145783301000030000000043000000000043000000001000000010000008602902600001053010000009211026000010530100000092110063600107318383295100035530000
0020020667657486003010011297310000000000087145783301000030000000043000000000043000000001000000010000008602902600001053010000009211026000010530100000092110063600107318383295100035530000
0020020667657533003010011297310000000000087145783301000030000000043000000000043000000001000000010000008602902600001053010000009211026000010530100000092110063600107318383295100035530000
0020020667657559003010011297310000000000087145783301000030000000043000000000043000000001000000010000008602902600001053010000009211026000010530100000092110063600107318383295100035530000
0020020667657608003010011297310000000000087145783301000030000000043000000000043000000001000000010000008602902600001053010000009211026000010530100000092110063600107318383295100035530000
002011066765845700117026780129000000000019458366690400001043810004300004300004300000000000000000000100000001000000860290260000105301000000921102600001053010000009211000000000000000000000000000000000000000000000000006360010731838329510003553000000
005001066765849700117026780129000000000019458366690400001000800000
005001066765849700117026780129000000000019458366690100001002410000
0020020667658513003010011297310000000000087145783301000030000000043000000000043000000001000000010000008602902600001053010000009211026000010530100000092110063600107318383295100035530000
00200306676585830030400442807500000000004141787131080000300615000430000000000000000000010000000100000086029026000010530100000092110260000105301000000921100000000000000000000006360010731838329510003553000000
0020020667659401003010011297310000000000087145783301000030000000043000000000043000000001000000010000008602902600001053010000009211026000010530100000092110063600107318383295100035530000
005001066765958401503002569501000000000011094330500614015000840000
00200306676595840150300256950100000000001109433050061301502180000430000000000000000000010000000100000086029026000010530100000092110260000105301000000921100000000000000000000006360010731838329510003553000000
0020020667659638003010011297310000000000087145783301000030000000043000000000043000000001000000010000008602902600001053010000009211026000010530100000092110063600107318383295100035530000
0020020667659643003010011297310000000000087145783301000030000000043000000000043000000001000000010000008602902600001053010000009211026000010530100000092110063600107318383295100035530000
002011066765975400104165746671000000000023286748880400001014750004300004300004300000000000000000000100000001000000860290260000105301000000921102600001053010000009211000000000000000000000000000000000000000000000000006360010731838329510003553000000
0020020667659922003010011297310000000000087145783301000030000000043000000000043000000001000000010000008602902600001053010000009211026000010530100000092110063600107318383295100035530000
002011066766017500104080756735000000000011114541610400001012910004300004300002950000000000000000000100000001000000860290260000105301000000921102600001053010000009211000000000000000000000019300000000000000000000000006360010731838329510003553000000
002011066766017500104080756735000000000011114541610400001012910004300004300001350000000000000000000100000001000000860290260000105301000000921102600001053010000009211000000000000000000000019300000000000000000000000006360010731838329510003553000000
00200306676601810150300158004600000000002423486682061201502731000430000000000000000000010000000100000086029026000010530100000092110260000105301000000921100000000000000000000006360010731838329510003553000000
005001066766019100104162231083000000000025054423760400001000150000
005001066766019100104162231083000000000025054423760400001000150000
005001066766019400104162231083000000000025054423761022001000150000
002011066766019900104162231083000000000025054423760400001024840004300004300004300000000000000000000100000001000000860290260000105301000000921102600001053010000009211000000000000000000000000000000000000000000000000006360010731838329510003553000000
00200306676602620030400531548700000000002659591731080000300206000430000000000000000000010000000100000086029026000010530100000092110260000105301000000921100000000000000000000006360010731838329510003553000000
002011066766029700104083836543000000000009582052560400001011910004300004300004300000000000000000000100000001000000860290260000105301000000921102600001053010000009211000000000000000000000000000000000000000000000000006360010731838329510003553000000
00200306676603070030400491358500000000000456417081080000300707000430000000000000000000010000000100000086029026000010530100000092110260000105301000000921100000000000000000000006360010731838329510003553000000
0020020667660488003010011297310000000000087145783301000030000000043000000000043000000001000000010000008602902600001053010000009211026000010530100000092110063600107318383295100035530000
0020020667660724003010011297310000000000087145783301000030000000043000000000043000000001000000010000008602902600001053010000009211026000010530100000092110063600107318383295100035530000
002011066766089400104159823196000000000025112177360400001013380004300004300004300000000000000000000100000001000000860290260000105301000000921102600001053010000009211000000000000000000000000000000000000000000000000006360010731838329510003553000000
0020020667660909003010011297310000000000087145783301000030000000043000000000043000000001000000010000008602902600001053010000009211026000010530100000092110063600107318383295100035530000
005001066766173700301001129731000000000008714578330400001000150000
00300101000030001300055900000086029026000010530100000092110260000105301000000921106676617410000
00300104000010000600025800000086029026000010530100000092110260000105301000000921106676617410000
00300108000030000300000000000086029026000010530100000092110260000105301000000921106676617410000
00300106130150000100000000000086029026000010530100000092110260000105301000000921106676617410000
00300106120150000100000000000086029026000010530100000092110260000105301000000921106676617410000
001001026000008602900406676617410260000105301000000921102600001053010000009211020340457900100120000
005001066766174300301001129731000000000008714578330400001000150000
001001026000008602900306676617470260000105301000000921102600001053010000009211020340457900100120000
001001026000008602900206676617530260000105301000000921102600001053010000009211020340457900100120000
010001001026000010530100000092110000086029066766176000400000
02000100106676617680030100112973100000000000871457833026000010530100000092110029701000008602902600001053010000009211026000010530100000092110000
0210010300220000086029026000010530100000092110260000105301000000921106676617680000
0210010400410000086029026000010530100000092110260000105301000000921106676617680000
0210010800020000086029026000010530100000092110260000105301000000921106676617680000
0210010900020000086029026000010530100000092110260000105301000000921106676617680000
0210011000010000086029026000010530100000092110260000105301000000921106676617680000
0210011800080000086029026000010530100000092110260000105301000000921106676617680000
0210012500030000086029026000010530100000092110260000105301000000921106676617680000
010001001026000010530100000092110000086029066766176800500000
001001026000008602900106676617710000000105301000000000000000000000000000000000020340457900100120000
03400667621636000008602900005C06676216360667624299000008602904579I00000783220000078322010000056000430000000001000000010400000300004300000000010000000108000002800000000000000100000001
03400667624488000008602900005C06676244880667626083000008602904579V00000783220000078322010000059000430000000001000000010400000130004300000000010000000104000001300043000000000100000001040000013000430000000001000000010400000130004300000000010000000104000001300043000000000100000001
