1000020260000086040003025243604634338603870035140000
0450010000000002000000000106675032580000
0450010000000000000000000106675034180000
0450010000000000000000000106675063920000
0450010000000002000000000106675510230000
001001026000008604000206676196520000000090334000000000000000000000000000000000020330457800100000000
010001002026000009033400000056440000086040066761965800100000
005001066761966700301000970751000000000010060657071023003000150000
0350010667619669100606570000131100000001010000
010001002026000009033400000056440000086040066761967200200000
001001026000008604000306676196770260000090334000000564402600000903340000005644020330457800100010000
001001026000008604000406676196920260000090334000000564402600000903340000005644020330457800100010000
005001066761969300301000970751000000000010060657070400001000150000
001001026000008604000506676196990260000090334000000564402600000903340000005644020330457800100010000
002011066762189300109077288361000000000031690532560100001000020004300004300004300000000000000000000100000001000000860400260000090334000000564402600000903340000005644000000000000000000000000000000000000000000000000002524360463433860387003514000000
002011066762199000104164217266000000000024131123920400001014770004300004300004300000000000000000000100000001000000860400260000090334000000564402600000903340000005644000000000000000000000000000000000000000000000000002524360463433860387003514000000
002011066762220800109128362309000000000005873250000100001003920004300004300004300000000000000000000100000001000000860400260000090334000000564402600000903340000005644000000000000000000000000000000000000000000000000002524360463433860387003514000000
002011066762221400109126767506000000000004062075600100001026640004300004300004300000000000000000000100000001000000860400260000090334000000564402600000903340000005644000000000000000000000000000010000000000000000000202524360463433860387003514000000
002011066762228300117057104869000000000042479292710400001023490004300004300004300000000000000000000100000001000000860400260000090334000000564402600000903340000005644000000000000000000000000000000000000000000000000002524360463433860387003514000000
002011066762229500117048119034000000000032578679040400001029140004300004300004300000000000000000000100000001000000860400260000090334000000564402600000903340000005644000000000000000000000000000000000000000000000000002524360463433860387003514000000
0020020667622331003010009707510000000000100606570701000030000000043000000000043000000001000000010000008604002600000903340000005644026000009033400000056440025243604634338603870035140000
002011066762243900117000150667000000000018057786910400001048900004300004300004300000000000000000000100000001000000860400260000090334000000564402600000903340000005644000000000000000000000000000000000000000000000000002524360463433860387003514000000
002011066762250300104086909381000000000016154862800400001003760004300004300004300000000000000000000100000001000000860400260000090334000000564402600000903340000005644000000000000000000000000000000000000000000000000002524360463433860387003514000000
002011066762276900104083742018000000000012680679120400001008650004300004300004300000000000000000000100000001000000860400260000090334000000564402600000903340000005644000000000000000000000000000000000000000000000000002524360463433860387003514000000
002011066762290000104156691221000000000027451738320400001001440004300004300004300000000000000000000100000001000000860400260000090334000000564402600000903340000005644000000000000000000000000000000000000000000000000002524360463433860387003514000000
00200306676229590030400307654100000000002129991708080000303825000430000000000000000000010000000100000086040026000009033400000056440260000090334000000564400000000000000000000002524360463433860387003514000000
005001066762439600301000970751000000000010060657070400001000150000
00300101000010000300012900000086040026000009033400000056440260000090334000000564406676244010000
00300104000010000700030100000086040026000009033400000056440260000090334000000564406676244010000
00300101000030000100004300000086040026000009033400000056440260000090334000000564406676244010000
00300108000030000100000000000086040026000009033400000056440260000090334000000564406676244010000
001001026000008604000406676244010260000090334000000564402600000903340000005644020330457800100110000
005001066762440200301000970751000000000010060657070400001000150000
001001026000008604000506676244080260000090334000000564402600000903340000005644020330457800100110000
00200306676252090030400428925300000000002680121107080000302521000430000000000000000000010000000100000086040026000009033400000056440260000090334000000564400000000000000000000002524360463433860387003514000000
002011066762522700104152465511000000000027892631760400001030610004300004300004300000000000000000000100000001000000860400260000090334000000564402600000903340000005644000000000000000000000000000000000000000000000000002524360463433860387003514000000
0020020667625604003010009707510000000000100606570701000030000000043000000000043000000001000000010000008604002600000903340000005644026000009033400000056440025243604634338603870035140000
002011066762560900104150949601000000000025777465040400001000700004300004300004300000000000000000000100000001000000860400260000090334000000564402600000903340000005644000000000000000000000000000000000000000000000000002524360463433860387003514000000
002011066762576400104163304866000000000014964073680400001077260004300004300004300000000000000000000100000001000000860400260000090334000000564402600000903340000005644000000000000000000000019000000000000000000000000002524360463433860387003514000000
0450010000000000000000000506676259570000
0020020667626311003010009707510000000000100606570701000030000000043000000000043000000001000000010000008604002600000903340000005644026000009033400000056440025243604634338603870035140000
0020020667626331003010009707510000000000100606570701000030000000043000000000043000000001000000010000008604002600000903340000005644026000009033400000056440025243604634338603870035140000
00200306676264180030400502442300000000000455357817080000301483000430000000000000000000010000000100000086040026000009033400000056440260000090334000000564400000000000000000000002524360463433860387003514000000
005001066762719400301000970751000000000010060657070400001000150000
00300108000030000200000000000086040026000009033400000056440260000090334000000564406676271970000
00300104000010000300012900000086040026000009033400000056440260000090334000000564406676271970000
00300101000030000300012900000086040026000009033400000056440260000090334000000564406676271970000
001001026000008604000406676271970260000090334000000564402600000903340000005644020330457800100110000
005001066762719900301000970751000000000010060657070400001000150000
001001026000008604000506676272050260000090334000000564402600000903340000005644020330457800100110000
005001066762720800301000970751000000000010060657070400001000150000
001001026000008604000406676272120260000090334000000564402600000903340000005644020330457800100010000
005001066762721400301000970751000000000010060657070400001000150000
001001026000008604000506676272200260000090334000000564402600000903340000005644020330457800100010000
0020020667628691003010009707510000000000100606570701000030000000043000000000043000000001000000010000008604002600000903340000005644026000009033400000056440025243604634338603870035140000
0020020667628723003010009707510000000000100606570701000030000000043000000000043000000001000000010000008604002600000903340000005644026000009033400000056440025243604634338603870035140000
0020020667628868003010009707510000000000100606570701000030000000043000000000043000000001000000010000008604002600000903340000005644026000009033400000056440025243604634338603870035140000
0020020667629210003010009707510000000000100606570701000030000000043000000000043000000001000000010000008604002600000903340000005644026000009033400000056440025243604634338603870035140000
0020020667629224003010009707510000000000100606570701000030000000043000000000043000000001000000010000008604002600000903340000005644026000009033400000056440025243604634338603870035140000
0020020667629419003010009707510000000000100606570701000030000000043000000000043000000001000000010000008604002600000903340000005644026000009033400000056440025243604634338603870035140000
0020020667629512003010009707510000000000100606570701000030000000043000000000043000000001000000010000008604002600000903340000005644026000009033400000056440025243604634338603870035140000
002011066762996100104084151609000000000009286431440400001017450004300004300004300000000000000000000100000001000000860400260000090334000000564402600000903340000005644000000000000000000000000000000000000000000000000002524360463433860387003514000000
00200306676301400030400526382700000000001983561250080000300128000430000000000000000000010000000100000086040026000009033400000056440260000090334000000564400000000000000000000002524360463433860387003514000000
0020020667631679003010009707510000000000100606570701000030000000043000000000043000000001000000010000008604002600000903340000005644026000009033400000056440025243604634338603870035140000
0020020667631784003010009707510000000000100606570701000030000000043000000000043000000001000000010000008604002600000903340000005644026000009033400000056440025243604634338603870035140000
0020020667631987003010009707510000000000100606570701000030000000043000000000043000000001000000010000008604002600000903340000005644026000009033400000056440025243604634338603870035140000
0020020667632199003010009707510000000000100606570701000030000000043000000000043000000001000000010000008604002600000903340000005644026000009033400000056440025243604634338603870035140000
00200306676331900030400318358300000000002137808780080000302703000430000000000000000000010000000100000086040026000009033400000056440260000090334000000564400000000000000000000002524360463433860387003514000000
0020020667633205003010009707510000000000100606570701000030000000043000000000043000000001000000010000008604002600000903340000005644026000009033400000056440025243604634338603870035140000
002011066763342100104165941715000000000024438336720400001012100004300004300004300000000000000000000100000001000000860400260000090334000000564402600000903340000005644000000000000000000000000000000000000000000000000002524360463433860387003514000000
002011066763342700104161130356000000000028477159120400001017060004300004300004300000000000000000000100000001000000860400260000090334000000564402600000903340000005644000000000000000000000000000000000000000000000000002524360463433860387003514000000
005001066763402300301000970751000000000010060657070400001000150000
00300101000030001200051600000086040026000009033400000056440260000090334000000564406676340270000
00300104000010000300012900000086040026000009033400000056440260000090334000000564406676340270000
00300108000030000200000000000086040026000009033400000056440260000090334000000564406676340270000
001001026000008604000406676340270260000090334000000564402600000903340000005644020330457800100110000
005001066763402900301000970751000000000010060657070400001000150000
001001026000008604000506676340350260000090334000000564402600000903340000005644020330457800100110000
0020020667634493003010009707510000000000100606570701000030000000043000000000043000000001000000010000008604002600000903340000005644026000009033400000056440025243604634338603870035140000
002011066763449900109066950601000000000014091495120100001000990004300004300004300000000000000000000100000001000000860400260000090334000000564402600000903340000005644000000000000000000000000000010000000000000000000102524360463433860387003514000000
00200306676347370030400449324100000000003413434900080000302779000430000000000000000000010000000100000086040026000009033400000056440260000090334000000564400000000000000000000002524360463433860387003514000000
005001066763592000104088370356000000000029348828880400001000360000
002011066763592400104088370356000000000029348828880400001005490004300004300004300000000000000000000100000001000000860400260000090334000000564402600000903340000005644000000000000000000000000000000000000000000000000002524360463433860387003514000000
0020020667635932003010009707510000000000100606570701000030000000043000000000043000000001000000010000008604002600000903340000005644026000009033400000056440025243604634338603870035140000
002011066763600700104160342643000000000028333197520400001058900004300004300004300000000000000000000100000001000000860400260000090334000000564402600000903340000005644000000000000000000000000000000000000000000000000002524360463433860387003514000000
002011066763608900104151551197000000000025463150800400001001310004300004300004300000000000000000000100000001000000860400260000090334000000564402600000903340000005644000000000000000000000000000000000000000000000000002524360463433860387003514000000
002011066763629900104156324458000000000027954284240400001000250004300004300004300000000000000000000100000001000000860400260000090334000000564402600000903340000005644000000000000000000000000000000000000000000000000002524360463433860387003514000000
00200306676363530030400520390500000000003569540454080000300320000430000000000000000000010000000100000086040026000009033400000056440260000090334000000564400000000000000000000002524360463433860387003514000000
0020020667636399003010009707510000000000100606570701000030000000043000000000043000000001000000010000008604002600000903340000005644026000009033400000056440025243604634338603870035140000
005001066763763600301000970751000000000010060657070400001000150000
00300101000030000300012900000086040026000009033400000056440260000090334000000564406676376400000
00300101000010000100004300000086040026000009033400000056440260000090334000000564406676376400000
00300108000030000200000000000086040026000009033400000056440260000090334000000564406676376400000
00300104000010000400017200000086040026000009033400000056440260000090334000000564406676376400000
001001026000008604000406676376400260000090334000000564402600000903340000005644020330457800100010000
005001066763764200301000970751000000000010060657070400001000150000
001001026000008604000306676376450260000090334000000564402600000903340000005644020330457800100010000
02000100206676376570030100097075100000000001006065707026000009033400000056440131101000008604002600000903340000005644026000009033400000056440000
0210010300070000086040026000009033400000056440260000090334000000564406676376570000
0210010400320000086040026000009033400000056440260000090334000000564406676376570000
0210011800070000086040026000009033400000056440260000090334000000564406676376570000
0210012500010000086040026000009033400000056440260000090334000000564406676376570000
010001002026000009033400000056440000086040066763765700500000
001001026000008604000206676376650260000090334000000564400000000000000000000000020330457800100010000
010001002026000009033400000056440000086040066763767200400000
005001066763767500301000970751000000000010060657071011003000150000
001001026000008604000106676376780000000090334000000000000000000000000000000000020330457800100010000
03400667619699000008604000005C06676196990667624401000008604004578I00000903340000090334010000016000430000000001000000010400000100004300000000010000000108000000300000000000000100000001
03400667624408000008604000005C06676244080667627197000008604004578V000009033400000903340100000070004300000000010000000104000000700043000000000100000001080000004000000000000001000000010800000040000000000000010000000108000000400000000000000100000001080000004000000000000001000000010800000040000000000000010000000108000000400000000000000100000001
