1000020260000086107003002185163227835986050039560000
0450010000000002000000000106675813810000
001001026000008610700206676177780000000010069000000000000000000000000000000000000000000000000000000
010001001026000001006900000040550000086107066761778500100000
0350010667617796247808060000113400000001010000
010001001026000001006900000040550000086107066761779800200000
001001026000008610700306676178020260000010069000000405502600000100690000004055000000000000000010000
001001026000008610700406676178090260000010069000000405502600000100690000004055020340457900100010000
001001026000008610700506676178160260000010069000000405502600000100690000004055020340457900100010000
002011066761988400117058642805000000000010712738570400001011260004300004300004300000000000000000000100000001000000861070260000010069000000405502600000100690000004055000000000000000000000000000000000000000000000000000218516322783598605003956000000
002011066761992000117034418077000000000004529587090400001019480004300004300004300000000000000000000100000001000000861070260000010069000000405502600000100690000004055000000000000000000000000000000000000000000000000000218516322783598605003956000000
00200306676199290030400466519100000000002523899226080000304465000430000000000000000000010000000100000086107026000001006900000040550260000010069000000405500000000000000000000000218516322783598605003956000000
005001066761996600104153250471000000000029451871441023001002300000
005001066761996800104153250471000000000029451871441023001002300000
005001066761997200104153250471000000000029451871440400001000150000
005001066761997300104153250471000000000029451871441023001002300000
002011066761997700104153250471000000000029451871440400001050180004300004300004300000000000000000000100000001000000861070260000010069000000405502600000100690000004055000000000000000000000000000000000000000000000000000218516322783598605003956000000
002011066762007000104083370528000000000011135703760400001009250004300004300004300000000000000000000100000001000000861070260000010069000000405502600000100690000004055000000000000000000000000000000000000000000000000000218516322783598605003956000000
005001066762007700104165427621000000000024113554641023001000150000
005001066762007800000000000000000000000024113554640000000000150000
005001066762007800104165427621000000000024113554641023001002300000
005001066762008000104165427621000000000024113554641023001000150000
005001066762008100104165427621000000000024113554641023001000150000
005001066762008200000000000000000000000024113554640000000000150000
005001066762008300104165427621000000000024113554641022001000150000
005001066762009000104165427621000000000024113554641023001002310000
0020020667620168003010005000010000000000247808068201000030000000043000000000043000000001000000010000008610702600000100690000004055026000001006900000040550002185163227835986050039560000
0020020667620236003010005000010000000000247808068201000030000000043000000000043000000001000000010000008610702600000100690000004055026000001006900000040550002185163227835986050039560000
0020020667620250003010005000010000000000247808068201000030000000043000000000043000000001000000010000008610702600000100690000004055026000001006900000040550002185163227835986050039560000
0020020667620262003010005000010000000000247808068201000030000000043000000000043000000001000000010000008610702600000100690000004055026000001006900000040550002185163227835986050039560000
0020020667620267003010005000010000000000247808068201000030000000043000000000043000000001000000010000008610702600000100690000004055026000001006900000040550002185163227835986050039560000
0020020667620271003010005000010000000000247808068201000030000000043000000000043000000001000000010000008610702600000100690000004055026000001006900000040550002185163227835986050039560000
0020020667620275003010005000010000000000247808068201000030000000043000000000043000000001000000010000008610702600000100690000004055026000001006900000040550002185163227835986050039560000
0020020667620280003010005000010000000000247808068201000030000000043000000000043000000001000000010000008610702600000100690000004055026000001006900000040550002185163227835986050039560000
0020020667620295003010005000010000000000247808068201000030000000043000000000043000000001000000010000008610702600000100690000004055026000001006900000040550002185163227835986050039560000
0020020667620300003010005000010000000000247808068201000030000000043000000000043000000001000000010000008610702600000100690000004055026000001006900000040550002185163227835986050039560000
002011066762030600109074352025000000000030954704080100001002210004300004300004300000000000000000000100000001000000861070260000010069000000405502600000100690000004055000000000000000000000000000000000000000000000000000218516322783598605003956000000
0020020667620430003010005000010000000000247808068201000030000000043000000000043000000001000000010000008610702600000100690000004055026000001006900000040550002185163227835986050039560000
002011066762048200117016932317000000000011123607840400001075920004300004300004300000000000000000000100000001000000861070260000010069000000405502600000100690000004055000000000000000000000000000000000000000000000000000218516322783598605003956000000
00200306676205770030400365421700000000002601395733080000306205000430000000000000000000010000000100000086107026000001006900000040550260000010069000000405500000000000000000000000218516322783598605003956000000
0020020667620664003010005000010000000000247808068201000030000000043000000000000000000001000000011000008610702600000100690000004055026000001006900000040550002185163227835986050039560000
0040010306676206800000
005001066762072700104151755949000000000025388460241023001002300000
002011066762073500104151755949000000000025388460240400001001470004300004300004300000000000000000000100000001000000861070260000010069000000405502600000100690000004055000000000000000000000000000000000000000000000000000218516322783598605003956000000
0020020667620772003010005000010000000000247808068201000030000000043000000000043000000001000000010000008610702600000100690000004055026000001006900000040550002185163227835986050039560000
005001066762079500109007040751000000000006227712721023001002300000
005001066762079800109007040751000000000006227712721023001002300000
005001066762080400109007040751000000000006227712720100001000150000
005001066762080500109007040751000000000006227712721022001000150000
005001066762081000109007040751000000000006227712720100001000150000
005001066762081100109007040751000000000006227712720100001000360000
005001066762081900109007040751000000000006227712721023001002300000
005001066762082100109007040751000000000006227712721023001002300000
005001066762082400109007040751000000000006227712721023001000150000
005001066762082500109007040751000000000006227712721023001002300000
005001066762083000109007040751000000000006227712720000000000150000
005001066762083100109007040751000000000006227712721023001002300000
005001066762085200104158766563000000000024987664080400001000150000
005001066762085200104158766563000000000024987664080400001000150000
005001066762085300104158766563000000000024987664080400001000150000
002011066762085500104158766563000000000024987664080400001038240004300004300004300000000000000000000100000001000000861070260000010069000000405502600000100690000004055000000000000000000000000000000000000000000000000000218516322783598605003956000000
0020020667621031003010005000010000000000247808068201000030000000043000000000043000000001000000010000008610702600000100690000004055026000001006900000040550002185163227835986050039560000
0020020667621043003010005000010000000000247808068201000030000000043000000000043000000001000000010000008610702600000100690000004055026000001006900000040550002185163227835986050039560000
005001066762116100104162482582000000000028287091921023001002300000
005001066762116300104162482582000000000028287091921023001002300000
002011066762158000104152179348000000000025926802640400001073940004300004300004300000000000000000000100000001000000861070260000010069000000405502600000100690000004055000000000000000000000000000000000000000000000000000218516322783598605003956000000
005001066762173200104151692726000000000025309484241023001002300000
005001066762173400104151692726000000000025309484241023001002300000
002011066762173700104151692726000000000025309484240400001000320004300004300004300000000000000000000100000001000000861070260000010069000000405502600000100690000004055000000000000000000000000000000000000000000000000000218516322783598605003956000000
00300104000010000900038700000086107026000001006900000040550260000010069000000405506676218390000
00300108000030000200000000000086107026000001006900000040550260000010069000000405506676218390000
00300101000030001400060200000086107026000001006900000040550260000010069000000405506676218390000
00300101000010000100004300000086107026000001006900000040550260000010069000000405506676218390000
001001026000008610700406676218390260000010069000000405502600000100690000004055020340457900100110000
001001026000008610700506676218460260000010069000000405502600000100690000004055020340457900100110000
005001066762258000104082705321000000000000736546000400001000150000
005001066762258100104082705321000000000000736546000400001000150000
005001066762258100000000000000000000000000736546000000000000150000
005001066762258200104082705321000000000000736546001023001002300000
005001066762258800104082705321000000000000736546001023001000150000
005001066762259200104082705321000000000000736546001023001002300000
005001066762259500104082705321000000000000736546001022001000150000
0450010000000000000000000506676228740000
005001066762332200104088763341000000000027860531921023001002300000
002011066762332500104088763341000000000027860531920400001002670004300004300004300000000000000000000100000001000000861070260000010069000000405502600000100690000004055000000000000000000000000000000000000000000000000000218516322783598605003956000000
0020020667623355003010005000010000000000247808068201000030000000043000000000043000000001000000010000008610702600000100690000004055026000001006900000040550002185163227835986050039560000
0020020667623515003010005000010000000000247808068201000030000000043000000000043000000001000000010000008610702600000100690000004055026000001006900000040550002185163227835986050039560000
0020020667623977003010005000010000000000247808068201000030000000043000000000043000000001000000010000008610702600000100690000004055026000001006900000040550002185163227835986050039560000
005001066762407300104089416091000000000034876828881023001002300000
002011066762407600104089416091000000000034876828880400001002020004300004300004300000000000000000000100000001000000861070260000010069000000405502600000100690000004055000000000000000000000000000000000000000000000000000218516322783598605003956000000
0020020667624278003010005000010000000000247808068201000030000000043000000000043000000001000000010000008610702600000100690000004055026000001006900000040550002185163227835986050039560000
002011066762446800117059473081000000000014116806330400001035780004300004300004300000000000000000000100000001000000861070260000010069000000405502600000100690000004055000000000000000000000019000000000000000000000000000218516322783598605003956000000
00300104000010000300012900000086107026000001006900000040550260000010069000000405506676246610000
00300101000030000400017200000086107026000001006900000040550260000010069000000405506676246610000
001001026000008610700406676246610260000010069000000405502600000100690000004055020340457900100110000
001001026000008610700506676246680260000010069000000405502600000100690000004055020340457900100110000
0020020667624805003010005000010000000000247808068201000030000000043000000000043000000001000000010000008610702600000100690000004055026000001006900000040550002185163227835986050039560000
00200306676248500030400519163100000000003566833606080000301308000430000000000000000000010000000100000086107026000001006900000040550260000010069000000405500000000000000000000000218516322783598605003956000000
005001066762498400104082920401000000000006638730961023001002300000
002011066762498700104082920401000000000006638730960400001013880004300004300004300000000000000000000100000001000000861070260000010069000000405502600000100690000004055000000000000000000000000000000000000000000000000000218516322783598605003956000000
0020020667625094003010005000010000000000247808068201000030000000043000000000043000000001000000010000008610702600000100690000004055026000001006900000040550002185163227835986050039560000
0020020667625097003010005000010000000000247808068201000030000000043000000000043000000001000000010000008610702600000100690000004055026000001006900000040550002185163227835986050039560000
0020020667625105003010005000010000000000247808068201000030000000043000000000043000000001000000010000008610702600000100690000004055026000001006900000040550002185163227835986050039560000
00200306676251210030400480202300000000000456060953080000303933000430000000000000000000010000000100000086107026000001006900000040550260000010069000000405500000000000000000000000218516322783598605003956000000
00200306676251350030400321959600000000002138878620080000301933000430000000000000000000010000000100000086107026000001006900000040550260000010069000000405500000000000000000000000218516322783598605003956000000
0020020667625143003010005000010000000000247808068201000030000000043000000000043000000001000000010000008610702600000100690000004055026000001006900000040550002185163227835986050039560000
00200306676251600150300250997300000000003173355708061201500941000430000000000000000000010000000100000086107026000001006900000040550260000010069000000405500000000000000000000000218516322783598605003956000000
0020020667625171003010005000010000000000247808068201000030000000043000000000043000000001000000010000008610702600000100690000004055026000001006900000040550002185163227835986050039560000
0450010000000000000000000506676252630000
0020020667625282003010005000010000000000247808068201000030000000043000000000043000000001000000010000008610702600000100690000004055026000001006900000040550002185163227835986050039560000
00200306676253510030400377100100000000000883570819080000303621000430000000000000000000010000000100000086107026000001006900000040550260000010069000000405500000000000000000000000218516322783598605003956000000
0020020667625363003010005000010000000000247808068201000030000000043000000000043000000001000000010000008610702600000100690000004055026000001006900000040550002185163227835986050039560000
002011066762537600109064257097000000000010080978640100001015910004300004300004300000000000000000000100000001000000861070260000010069000000405502600000100690000004055000000000000000000000000000010000000000000000000100218516322783598605003956000000
00200306676253820030400416274100000000002553093386080000306193000430000000000000000000010000000100000086107026000001006900000040550260000010069000000405500000000000000000000000218516322783598605003956000000
0020020667625531003010005000010000000000247808068201000030000000043000000000043000000001000000010000008610702600000100690000004055026000001006900000040550002185163227835986050039560000
00200306676256340030400518044100000000003569745622080000300573000430000000000000000000010000000100000086107026000001006900000040550260000010069000000405500000000000000000000000218516322783598605003956000000
002011066762575000104164328343000000000022892682960400001050160004300004300004300000000000000000000100000001000000861070260000010069000000405502600000100690000004055000000000000000000000000000000000000000000000000000218516322783598605003956000000
002011066762593700104081194846000000000014131037210400001007880004300004300003650000000000000000000100000001000000861070260000010069000000405502600000100690000004055000000000000000000000019300000000000000000000000000218516322783598605003956000000
002011066762593800104081194846000000000014131037210400001007880004300004300000650000000000000000000100000001000000861070260000010069000000405502600000100690000004055000000000000000000000019300000000000000000000000000218516322783598605003956000000
002011066762627100104156465345000000000028512123600400001015840004300004300004300000000000000000000100000001000000861070260000010069000000405502600000100690000004055000000000000000000000000000000000000000000000000000218516322783598605003956000000
0020020667626301003010005000010000000000247808068201000030000000043000000000043000000001000000010000008610702600000100690000004055026000001006900000040550002185163227835986050039560000
00300101000030001000043000000086107026000001006900000040550260000010069000000405506676271650000
00300108000030000600000000000086107026000001006900000040550260000010069000000405506676271650000
00300104000010000400017200000086107026000001006900000040550260000010069000000405506676271650000
00300106120150000100000000000086107026000001006900000040550260000010069000000405506676271650000
00300101000010000100004300000086107026000001006900000040550260000010069000000405506676271650000
001001026000008610700406676271650260000010069000000405502600000100690000004055020340457900100110000
001001026000008610700306676271700260000010069000000405502600000100690000004055020340457900100110000
001001026000008610700406676276410260000010069000000405502600000100690000004055020340457900100110000
001001026000008610700506676276490260000010069000000405502600000100690000004055020340457900100110000
00200306676276700030400526531500000000001983399698080000300112000430000000000000000000010000000100000086107026000001006900000040550260000010069000000405500000000000000000000000218516322783598605003956000000
0020020667627686003010005000010000000000247808068201000030000000043000000000043000000001000000010000008610702600000100690000004055026000001006900000040550002185163227835986050039560000
0020020667627712003010005000010000000000247808068201000030000000043000000000043000000001000000010000008610702600000100690000004055026000001006900000040550002185163227835986050039560000
005001066762772300104164193421000000000023077489361023001002300000
005001066762772600104164193421000000000004603389520000000000150000
005001066762772900104164193421000000000009650892880000000000150000
002011066762774400109001003403000000000009643487440100001021700004300004300004300000000000000000000100000001000000861070260000010069000000405502600000100690000004055000000000000000000000000000010000000000000000000100218516322783598605003956000000
0020020667627752003010005000010000000000247808068201000030000000043000000000043000000001000000010000008610702600000100690000004055026000001006900000040550002185163227835986050039560000
00200306676277600020401572888500000000001909000145080000201901000430000000000000000000010000000100000086107026000001006900000040550260000010069000000405500000000000000000000000218516322783598605003956000000
0020020667627775003010005000010000000000247808068201000030000000043000000000043000000001000000010000008610702600000100690000004055026000001006900000040550002185163227835986050039560000
0020020667627861003010005000010000000000247808068201000030000000043000000000043000000001000000010000008610702600000100690000004055026000001006900000040550002185163227835986050039560000
0020020667627987003010005000010000000000247808068201000030000000043000000000043000000001000000010000008610702600000100690000004055026000001006900000040550002185163227835986050039560000
0020020667628215003010005000010000000000247808068201000030000000043000000000000000000001000000011000008610702600000100690000004055026000001006900000040550002185163227835986050039560000
0040010306676282300000
0020020667628239003010005000010000000000247808068201000030000000043000000000043000000001000000010000008610702600000100690000004055026000001006900000040550002185163227835986050039560000
0020020667628295003010005000010000000000247808068201000030000000043000000000043000000001000000010000008610702600000100690000004055026000001006900000040550002185163227835986050039560000
002011066762857700104165708719000000000023190669520400001023370004300004300004300000000000000000000100000001000000861070260000010069000000405502600000100690000004055000000000000000000000000000000000000000000000000000218516322783598605003956000000
0020020667628653003010005000010000000000247808068201000030000000043000000000043000000001000000010000008610702600000100690000004055026000001006900000040550002185163227835986050039560000
002011066762945100104167442112000000000023160686800400001013840004300004300004300000000000000000000100000001000000861070260000010069000000405502600000100690000004055000000000000000000000000000000000000000000000000000218516322783598605003956000000
00200306676297690030400388759900000000003442846395080000304389000430000000000000000000010000000100000086107026000001006900000040550260000010069000000405500000000000000000000000218516322783598605003956000000
00300108000030000200000000000086107026000001006900000040550260000010069000000405506676301450000
00300101000030000900038700000086107026000001006900000040550260000010069000000405506676301450000
00300101000010000100004300000086107026000001006900000040550260000010069000000405506676301450000
00300108000020000100000000000086107026000001006900000040550260000010069000000405506676301450000
00300104000010000200008600000086107026000001006900000040550260000010069000000405506676301450000
001001026000008610700406676301450260000010069000000405502600000100690000004055020340457900100010000
001001026000008610700506676301520260000010069000000405502600000100690000004055020340457900100010000
0020020667630477003010005000010000000000247808068201000030000000043000000000043000000001000000010000008610702600000100690000004055026000001006900000040550002185163227835986050039560000
0020020667630536003010005000010000000000247808068201000030000000043000000000043000000001000000010000008610702600000100690000004055026000001006900000040550002185163227835986050039560000
005001066763057100109006604766000000000010040973521023001002300000
002011066763057400109006604766000000000010040973520100001040770004300004300004300000000000000000000100000001000000861070260000010069000000405502600000100690000004055000000000000000000000000000000000000000000000000000218516322783598605003956000000
002011066763060000104153121475000000000024700493520400001095020004300004300004300000000000000000000100000001000000861070260000010069000000405502600000100690000004055000000000000000000000000000000000000000000000000000218516322783598605003956000000
00200306676307590030400286998800000000000335253612080000307197000430000000000000000000010000000100000086107026000001006900000040550260000010069000000405500000000000000000000000218516322783598605003956000000
0020020667630840003010005000010000000000247808068201000030000000043000000000043000000001000000010000008610702600000100690000004055026000001006900000040550002185163227835986050039560000
002011066763086600104084853328000000000015560914640400001007040004300004300004300000000000000000000100000001000000861070260000010069000000405502600000100690000004055000000000000000000000000000000000000000000000000000218516322783598605003956000000
0020020667630872003010005000010000000000247808068201000030000000043000000000043000000001000000010000008610702600000100690000004055026000001006900000040550002185163227835986050039560000
0020020667630880003010005000010000000000247808068201000030000000043000000000043000000001000000010000008610702600000100690000004055026000001006900000040550002185163227835986050039560000
0020020667630895003010005000010000000000247808068201000030000000043000000000043000000001000000010000008610702600000100690000004055026000001006900000040550002185163227835986050039560000
0020020667630907003010005000010000000000247808068201000030000000043000000000043000000001000000010000008610702600000100690000004055026000001006900000040550002185163227835986050039560000
00200306676309780030400442410100000000000580741843080000301235000430000000000000000000010000000100000086107026000001006900000040550260000010069000000405500000000000000000000000218516322783598605003956000000
005001066763107200304004045656000000000005724599390001003000150000
00200306676310730030400404565600000000000572459939080000302187000430000000000000000000010000000100000086107026000001006900000040550260000010069000000405500000000000000000000000218516322783598605003956000000
002011066763119900104082158517000000000004123328720400001019770004300004300004300000000000000000000100000001000000861070260000010069000000405502600000100690000004055000000000000000000000000000000000000000000000000000218516322783598605003956000000
00200306676312120030400372914400000000003933964645080000302894000430000000000000000000010000000100000086107026000001006900000040550260000010069000000405500000000000000000000000218516322783598605003956000000
0020020667631247003010005000010000000000247808068201000030000000043000000000043000000001000000010000008610702600000100690000004055026000001006900000040550002185163227835986050039560000
0020020667631286003010005000010000000000247808068201000030000000043000000000043000000001000000010000008610702600000100690000004055026000001006900000040550002185163227835986050039560000
0020020667631297003010005000010000000000247808068201000030000000043000000000043000000001000000010000008610702600000100690000004055026000001006900000040550002185163227835986050039560000
0020020667631378003010005000010000000000247808068201000030000000043000000000043000000001000000010000008610702600000100690000004055026000001006900000040550002185163227835986050039560000
0020020667631541003010005000010000000000247808068201000030000000043000000000043000000001000000010000008610702600000100690000004055026000001006900000040550002185163227835986050039560000
00200306676316490040400345931300000000002755055289080000400247000430000000000000000000010000000100000086107026000001006900000040550260000010069000000405500000000000000000000000218516322783598605003956000000
0020020667631679003010005000010000000000247808068201000030000000043000000000043000000001000000010000008610702600000100690000004055026000001006900000040550002185163227835986050039560000
0020020667631739003010005000010000000000247808068201000030000000043000000000043000000001000000010000008610702600000100690000004055026000001006900000040550002185163227835986050039560000
0020020667631799003010005000010000000000247808068201000030000000043000000000043000000001000000010000008610702600000100690000004055026000001006900000040550002185163227835986050039560000
0020020667632079003010005000010000000000247808068201000030000000043000000000043000000001000000010000008610702600000100690000004055026000001006900000040550002185163227835986050039560000
00200306676321670030400526474200000000001063552898080000300429000430000000000000000000010000000100000086107026000001006900000040550260000010069000000405500000000000000000000000218516322783598605003956000000
00300101000030001600068800000086107026000001006900000040550260000010069000000405506676333080000
00300101000010000100004300000086107026000001006900000040550260000010069000000405506676333080000
00300104000010000300012900000086107026000001006900000040550260000010069000000405506676333080000
00300108000030000500000000000086107026000001006900000040550260000010069000000405506676333080000
00300108000040000100000000000086107026000001006900000040550260000010069000000405506676333080000
001001026000008610700406676333080260000010069000000405502600000100690000004055020340457900100110000
001001026000008610700506676333150260000010069000000405502600000100690000004055020340457900100110000
00200306676333460030400513381800000000003571841126080000300374000430000000000000000000010000000100000086107026000001006900000040550260000010069000000405500000000000000000000000218516322783598605003956000000
0020020667633367003010005000010000000000247808068201000030000000043000000000043000000001000000010000008610702600000100690000004055026000001006900000040550002185163227835986050039560000
005001066763337700104166011541000000000024426317521023001002300000
005001066763337900104166011541000000000024426317521023001002300000
005001066763338200104166011541000000000024426317520400001000150000
002011066763338300104166011541000000000024426317520400001024250004300004300004300000000000000000000100000001000000861070260000010069000000405502600000100690000004055000000000000000000000000000000000000000000000000000218516322783598605003956000000
00200306676339400030400493456600000000000455691241080000300508000430000000000000000000010000000100000086107026000001006900000040550260000010069000000405500000000000000000000000218516322783598605003956000000
0020020667633954003010005000010000000000247808068201000030000000043000000000043000000001000000010000008610702600000100690000004055026000001006900000040550002185163227835986050039560000
0020020667634746003010005000010000000000247808068201000030000000043000000000043000000001000000010000008610702600000100690000004055026000001006900000040550002185163227835986050039560000
0020020667634859003010005000010000000000247808068201000030000000043000000000043000000001000000010000008610702600000100690000004055026000001006900000040550002185163227835986050039560000
002011066763546800117018803522000000000036991937140400001054490004300004300004300000000000000000000100000001000000861070260000010069000000405502600000100690000004055000000000000000000000000000000000000000000000000000218516322783598605003956000000
00300108000030000200000000000086107026000001006900000040550260000010069000000405506676355770000
00300101000030000400017200000086107026000001006900000040550260000010069000000405506676355770000
00300104000010000200008600000086107026000001006900000040550260000010069000000405506676355770000
001001026000008610700406676355770260000010069000000405502600000100690000004055020340457900100010000
001001026000008610700506676355860260000010069000000405502600000100690000004055020340457900100010000
0020020667635967003010005000010000000000247808068201000030000000043000000000043000000001000000010000008610702600000100690000004055026000001006900000040550002185163227835986050039560000
00200306676359800030400418843100000000002447047493080000301603000430000000000000000000010000000100000086107026000001006900000040550260000010069000000405500000000000000000000000218516322783598605003956000000
0020020667636103003010005000010000000000247808068201000030000000043000000000043000000001000000010000008610702600000100690000004055026000001006900000040550002185163227835986050039560000
00200306676361870020401668683300000000000110504048080000200324000430000000000000000000010000000100000086107026000001006900000040550260000010069000000405500000000000000000000000218516322783598605003956000000
00200306676362420030400507458700000000000252069113080000300687000430000000000000000000010000000100000086107026000001006900000040550260000010069000000405500000000000000000000000218516322783598605003956000000
00200306676362520030400529441200000000000252861241080000300213000430000000000000000000010000000100000086107026000001006900000040550260000010069000000405500000000000000000000000218516322783598605003956000000
00200306676362680030400286284300000000000333549372080000303215000430000000000000000000010000000100000086107026000001006900000040550260000010069000000405500000000000000000000000218516322783598605003956000000
00200306676362800030400399784100000000001011194491080000304970000430000000000000000000010000000100000086107026000001006900000040550260000010069000000405500000000000000000000000218516322783598605003956000000
005001066763634701503002884324000000000010325428480614015000840000
00200306676363480150300288432400000000001032542848061301500214000430000000000000000000010000000100000086107026000001006900000040550260000010069000000405500000000000000000000000218516322783598605003956000000
0020020667636354015030028843240000000000103254284806140150014600043000000000000000000001000000010000008610702600000100690000004055026000001006900000040550002185163227835986050039560000
002011066763652100104153381701000000000029444165840400001040420004300004300004300000000000000000000100000001000000861070260000010069000000405502600000100690000004055000000000000000000000000000000000000000000000000000218516322783598605003956000000
005001066763658800104084376414000000000009104505041023001002300000
005001066763659100104084376414000000000009104505041023001002300000
002011066763659400104084376414000000000009104505040400001006270004300004300004300000000000000000000100000001000000861070260000010069000000405502600000100690000004055000000000000000000000000000000000000000000000000000218516322783598605003956000000
0020020667636600003010005000010000000000247808068201000030000000043000000000043000000001000000010000008610702600000100690000004055026000001006900000040550002185163227835986050039560000
005001066763668900304005236897000000000016758718090000000000150000
00200306676366940030400523689700000000002523893482080000300458000430000000000000000000010000000100000086107026000001006900000040550260000010069000000405500000000000000000000000218516322783598605003956000000
005001066763682900104165718791000000000023273703121023001002300000
002011066763683200104165718791000000000023273703120400001010030004300004300004300000000000000000000100000001000000861070260000010069000000405502600000100690000004055000000000000000000000000000000000000000000000000000218516322783598605003956000000
005001066763684001503002903213000000000003231159930614015000840000
00200306676368400150300290321300000000000323115993061301500324000430000000000000000000010000000100000086107026000001006900000040550260000010069000000405500000000000000000000000218516322783598605003956000000
002011066763700900104164329031000000000024008220880400001040370004300004300004300000000000000000000100000001000000861070260000010069000000405502600000100690000004055000000000000000000000000000000000000000000000000000218516322783598605003956000000
00300101000030000300012900000086107026000001006900000040550260000010069000000405506676388100000
00300108000030000600000000000086107026000001006900000040550260000010069000000405506676388100000
00300108000020000100000000000086107026000001006900000040550260000010069000000405506676388100000
00300106130150000200000000000086107026000001006900000040550260000010069000000405506676388100000
00300106140150000100000000000086107026000001006900000040550260000010069000000405506676388100000
00300104000010000400017200000086107026000001006900000040550260000010069000000405506676388100000
001001026000008610700406676388100260000010069000000405502600000100690000004055020340457900100110000
001001026000008610700506676388170260000010069000000405502600000100690000004055020340457900100110000
0020020667638839003010005000010000000000247808068201000030000000043000000000043000000001000000010000008610702600000100690000004055026000001006900000040550002185163227835986050039560000
0020020667638853003010005000010000000000247808068201000030000000043000000000043000000001000000010000008610702600000100690000004055026000001006900000040550002185163227835986050039560000
005001066763886001503003283324000000000005722708990614015000840000
00200306676388600150300328332400000000000572270899061301500036000430000000000000000000010000000100000086107026000001006900000040550260000010069000000405500000000000000000000000218516322783598605003956000000
0020020667638875003010005000010000000000247808068201000030000000043000000000043000000001000000010000008610702600000100690000004055026000001006900000040550002185163227835986050039560000
0020020667638883003010005000010000000000247808068201000030000000043000000000043000000001000000010000008610702600000100690000004055026000001006900000040550002185163227835986050039560000
0020020667638911003010005000010000000000247808068201000030000000043000000000043000000001000000010000008610702600000100690000004055026000001006900000040550002185163227835986050039560000
0020020667638918003010005000010000000000247808068201000030000000043000000000043000000001000000010000008610702600000100690000004055026000001006900000040550002185163227835986050039560000
005001066763892300109124357671000000000003966503121023001002300000
005001066763892500109124357671000000000003966503121022001000150000
005001066763892800109124357671000000000003966503121023001002310000
005001066763893100109124357671000000000003966503120100001000150000
002011066763893100109124357671000000000003966503120100001044380004300004300004300000000000000000000100000001000000861070260000010069000000405502600000100690000004055000000000000000000000000000000000000000000000000000218516322783598605003956000000
005001066763894200304003487541000000000033850592060800003000150000
00200306676389430030400348754100000000003385059206080000302576000430000000000000000000010000000100000086107026000001006900000040550260000010069000000405500000000000000000000000218516322783598605003956000000
005001066763948000104159549264000000000027245435600400001000150000
005001066763948100104159549264000000000027245435601023001002300000
005001066763948300104159549264000000000027245435601023001002300000
005001066763948600104159549264000000000027245435601023001002300000
005001066763949000104159549264000000000027245435601023001002300000
0020020667639505003010005000010000000000247808068201000030000000043000000000043000000001000000010000008610702600000100690000004055026000001006900000040550002185163227835986050039560000
005001066763967300104149949758000000000025887545041023001002300000
005001066763967500104149949758000000000025887545041023001002300000
005001066763967800104149949758000000000025887545041023001002300000
002011066763968300104149949758000000000025887545040400001008010004300004300002740000000000000000000100000001000000861070260000010069000000405502600000100690000004055000000000000000000000000000000000000000000000000000218516322783598605003956000000
002011066763968300104149949758000000000025887545040400001008010004300004300001560000000000000000000100000001000000861070260000010069000000405502600000100690000004055000000000000000000000000000000000000000000000000000218516322783598605003956000000
0020020667639721003010005000010000000000247808068201000030000000043000000000043000000001000000010000008610702600000100690000004055026000001006900000040550002185163227835986050039560000
0020020667639738003010005000010000000000247808068201000030000000043000000000043000000001000000010000008610702600000100690000004055026000001006900000040550002185163227835986050039560000
00200306676397960030400429423100000000002679673459080000301101000430000000000000000000010000000100000086107026000001006900000040550260000010069000000405500000000000000000000000218516322783598605003956000000
00200306676398060030400439369700000000000973638464080000300910000430000000000000000000010000000100000086107026000001006900000040550260000010069000000405500000000000000000000000218516322783598605003956000000
00200306676398250030400356074300000000003489572780080000302896000430000000000000000000010000000100000086107026000001006900000040550260000010069000000405500000000000000000000000218516322783598605003956000000
0020020667639940003010005000010000000000247808068201000030000000043000000000043000000001000000010000008610702600000100690000004055026000001006900000040550002185163227835986050039560000
0020020667639957003010005000010000000000247808068201000030000000043000000000043000000001000000010000008610702600000100690000004055026000001006900000040550002185163227835986050039560000
00200306676399880030400399688600000000001011303547080000304050000430000000000000000000010000000100000086107026000001006900000040550260000010069000000405500000000000000000000000218516322783598605003956000000
005001066764022601503002179442000000000008839663070614015000840000
00200306676402260150300217944200000000000883966307061301504177000430000000000000000000010000000100000086107026000001006900000040550260000010069000000405500000000000000000000000218516322783598605003956000000
0020020667640233015030021794420000000000088396630706140150305200043000000000000000000001000000010000008610702600000100690000004055026000001006900000040550002185163227835986050039560000
0020020667640365003010005000010000000000247808068201000030000000043000000000043000000001000000010000008610702600000100690000004055026000001006900000040550002185163227835986050039560000
0020020667640496003010005000010000000000247808068201000030000000043000000000043000000001000000010000008610702600000100690000004055026000001006900000040550002185163227835986050039560000
005001066764062100104087035456000000000017356142801023001002300000
002011066764062300104087035456000000000017356142800400001004830004300004300004300000000000000000000100000001000000861070260000010069000000405502600000100690000004055000000000000000000000000000000000000000000000000000218516322783598605003956000000
00200306676406300150300191469600000000004246057189061201503324000430000000000000000000010000000100000086107026000001006900000040550260000010069000000405500000000000000000000000218516322783598605003956000000
002011066764113400117044547481000000000027151680780400001024360004300004300004300000000000000000000100000001000000861070260000010069000000405502600000100690000004055000000000000000000000000000000000000000000000000000218516322783598605003956000000
005001066764126400301001140254000000000002523444890400001000150000
005001066764126800301001140254000000000002523444890400001000150000
00200306676412690030100114025400000000000252344489070000301096000430000000000000000000010000000100000086107026000001006900000040550260000010069000000405500000000000000000000000218516322783598605003956000000
005001066764128700301001140254000000000002523444890700003001170000
005001066764129100301001140254000000000002523444890400001000150000
005001066764129400301001140254000000000002523444890400001000150000
044001066764129500301001140254000000000002523444890700003010960000
005001066764131300301001140254000000000002523444890700003001170000
005001066764131700301001140254000000000002523444890400001000150000
005001066764131800301001140254000000000002523444891007003000150000
005001066764132200301001140254000000000002523444890400001000150000
044001066764132300301001140254000000000002523444890700003010960000
002011066764139100104157509061000000000027459300560400001012490004300004300004300000000000000000000100000001000000861070260000010069000000405502600000100690000004055000000000000000000000000000000000000000000000000000218516322783598605003956000000
00200306676414350030400535714700000000001983158546080000300002000430000000000000000000010000000100000086107026000001006900000040550260000010069000000405500000000000000000000000218516322783598605003956000000
0020020667641447003010005000010000000000247808068201000030000000043000000000043000000001000000010000008610702600000100690000004055026000001006900000040550002185163227835986050039560000
0020020667641464003010005000010000000000247808068201000030000000043000000000043000000001000000010000008610702600000100690000004055026000001006900000040550002185163227835986050039560000
00200306676416050030400343241900000000002130385772080000306967000430000000000000000000010000000100000086107026000001006900000040550260000010069000000405500000000000000000000000218516322783598605003956000000
0020020667641658003010005000010000000000247808068201000030000000043000000000043000000001000000010000008610702600000100690000004055026000001006900000040550002185163227835986050039560000
002011066764167200117060034027000000000025054332330400001014760004300004300004300000000000000000000100000001000000861070260000010069000000405502600000100690000004055000000000000000000000000000000000000000000000000000218516322783598605003956000000
005001066764167800104083587985000000000011906588881023001002300000
002011066764168100104083587985000000000011906588880400001010360004300004300004300000000000000000000100000001000000861070260000010069000000405502600000100690000004055000000000000000000000000000000000000000000000000000218516322783598605003956000000
0020020667641697003010005000010000000000247808068201000030000000043000000000043000000001000000010000008610702600000100690000004055026000001006900000040550002185163227835986050039560000
0020020667641732003010005000010000000000247808068201000030000000043000000000043000000001000000010000008610702600000100690000004055026000001006900000040550002185163227835986050039560000
0020020667641946003010005000010000000000247808068201000030000000043000000000043000000001000000010000008610702600000100690000004055026000001006900000040550002185163227835986050039560000
0020020667641972003010005000010000000000247808068201000030000000043000000000043000000001000000010000008610702600000100690000004055026000001006900000040550002185163227835986050039560000
0020020667641983003010005000010000000000247808068201000030000000043000000000043000000001000000010000008610702600000100690000004055026000001006900000040550002185163227835986050039560000
002011066764202000104086623389000000000014387264720400001013930004300004300004300000000000000000000100000001000000861070260000010069000000405502600000100690000004055000000000000000000000000000000000000000000000000000218516322783598605003956000000
0020020667642101003010005000010000000000247808068201000030000000043000000000043000000001000000010000008610702600000100690000004055026000001006900000040550002185163227835986050039560000
0020020667642152003010005000010000000000247808068201000030000000043000000000043000000001000000010000008610702600000100690000004055026000001006900000040550002185163227835986050039560000
00200306676421850030400519040400000000003566784614080000300341000430000000000000000000010000000100000086107026000001006900000040550260000010069000000405500000000000000000000000218516322783598605003956000000
0020020667642195003010005000010000000000247808068201000030000000043000000000043000000001000000010000008610702600000100690000004055026000001006900000040550002185163227835986050039560000
0020020667642247003010005000010000000000247808068201000030000000043000000000043000000001000000010000008610702600000100690000004055026000001006900000040550002185163227835986050039560000
00200306676423460030400491469700000000000454491353080000301875000430000000000000000000010000000100000086107026000001006900000040550260000010069000000405500000000000000000000000218516322783598605003956000000
00200306676424710030400307418100000000002130408284080000303937000430000000000000000000010000000100000086107026000001006900000040550260000010069000000405500000000000000000000000218516322783598605003956000000
00300101000030002500107500000086107026000001006900000040550260000010069000000405506676437400000
00300106130150000200000000000086107026000001006900000040550260000010069000000405506676437400000
00300101000010000100004300000086107026000001006900000040550260000010069000000405506676437400000
00300108000030001000000000000086107026000001006900000040550260000010069000000405506676437400000
00300104000010000700030100000086107026000001006900000040550260000010069000000405506676437400000
00300106140150000100000000000086107026000001006900000040550260000010069000000405506676437400000
00300106120150000100000000000086107026000001006900000040550260000010069000000405506676437400000
00300107000030000200000000000086107026000001006900000040550260000010069000000405506676437400000
001001026000008610700406676437400260000010069000000405502600000100690000004055020340457900100010000
001001026000008610700306676437450260000010069000000405502600000100690000004055020340457900100010000
02000100106676437570030100050000100000000002478080682026000001006900000040550113401000008610702600000100690000004055026000001006900000040550000
0210010300360000086107026000001006900000040550260000010069000000405506676437570000
0210010401000000086107026000001006900000040550260000010069000000405506676437570000
0210010800010000086107026000001006900000040550260000010069000000405506676437570000
0210010900020000086107026000001006900000040550260000010069000000405506676437570000
0210011000040000086107026000001006900000040550260000010069000000405506676437570000
0210011100020000086107026000001006900000040550260000010069000000405506676437570000
0210011800090000086107026000001006900000040550260000010069000000405506676437570000
0210012500070000086107026000001006900000040550260000010069000000405506676437570000
010001001026000001006900000040550000086107066764375700500000
001001026000008610700206676437610260000010069000000405500000000000000000000000020340457900100010000
010001001026000001006900000040550000086107066764376900400000
001001026000008610700106676437750000000010069000000000000000000000000000000000020340457900100010000
03400667617816000008610700005C06676178160667621839000008610704579I0000010069000001006901000000100000000000000100000001010000035000430000000001000000010400000160004300000000010000000108000001500000000000000100000001
03400667621846000008610700005C06676218460667624661000008610704579V0000010069000001006901000005500043000000000100000001040000016000430000000001000000010400000160004300000000010000000104000001600043000000000100000001040000016000430000000001000000010400000160004300000000010000000104000001600043000000000100000001
