1000020260000086027003063600108005701917300020640000
001001026000008602700206676498380000000054579000000000000000000000000000000000000000000000000000000
010001001026000005457900000001040000086027066764985300100000
0350010667649865283805890000000300000001010000
010001001026000005457900000001040000086027066764986700200000
001001026000008602700306676498710260000054579000000010402600000545790000000104000000000000000020000
001001026000008602700406676498800260000054579000000010402600000545790000000104020360458100100120000
002011066765009400109125303638000000000006320594640100001007930004300004300004300000000000000000000100000001000000860270260000054579000000010402600000545790000000104000000000000000000000000000000000000000000000000006360010800570191730002064000000
002011066765010100104152754873000000000024957353680400001043690004300004300004300000000000000000000100000001000000860270260000054579000000010402600000545790000000104000000000000000000000000000000000000000000000000006360010800570191730002064000000
0020020667650118003010011672170000000000283805891801000030000000043000000000043000000001000000010000008602702600000545790000000104026000005457900000001040063600108005701917300020640000
005001066765046900301001167217000000000028380589180400001000150000
00300101000010000100004300000086027026000005457900000001040260000054579000000010406676504750000
00300104000010000100004300000086027026000005457900000001040260000054579000000010406676504750000
00300101000030000100004300000086027026000005457900000001040260000054579000000010406676504750000
001001026000008602700506676504750260000054579000000010402600000545790000000104020360458100100120000
002011066765054200104150219296000000000025966946000400001005890004300004300004300000000000000000000100000001000000860270260000054579000000010402600000545790000000104000000000000000000000000000000000000000000000000006360010800570191730002064000000
002011066765059300104081156022000000000014164000410400001007820004300004300004300000000000000000000100000001000000860270260000054579000000010402600000545790000000104000000000000000000000019300000000000000000000000006360010800570191730002064000000
00200306676507770030400488488700000000002528327370080000300624000430000000000000000000010000000100000086027026000005457900000001040260000054579000000010400000000000000000000006360010800570191730002064000000
002011066765103700104152186166000000000025464684240400001000220004300004300004300000000000000000000100000001000000860270260000054579000000010402600000545790000000104000000000000000000000000000000000000000000000000006360010800570191730002064000000
0020020667651313003010011672170000000000283805891801000030000000043000000000043000000001000000010000008602702600000545790000000104026000005457900000001040063600108005701917300020640000
0020020667651609003010011672170000000000283805891801000030000000043000000000043000000001000000010000008602702600000545790000000104026000005457900000001040063600108005701917300020640000
0020020667651638003010011672170000000000283805891801000030000000043000000000043000000001000000010000008602702600000545790000000104026000005457900000001040063600108005701917300020640000
0020020667652014003010011672170000000000283805891801000030000000043000000000043000000001000000010000008602702600000545790000000104026000005457900000001040063600108005701917300020640000
00200306676522930030400353783100000000003389970342080000302520000430000000000000000000010000000100000086027026000005457900000001040260000054579000000010400000000000000000000006360010800570191730002064000000
0020020667652312003010011672170000000000283805891801000030000000043000000000043000000001000000010000008602702600000545790000000104026000005457900000001040063600108005701917300020640000
0020020667652326003010011672170000000000283805891801000030000000043000000000043000000001000000010000008602702600000545790000000104026000005457900000001040063600108005701917300020640000
005001066765259800301001167217000000000028380589180400001000150000
00300104000010000300012900000086027026000005457900000001040260000054579000000010406676526020000
00300108000030000200000000000086027026000005457900000001040260000054579000000010406676526020000
00300101000030000600025800000086027026000005457900000001040260000054579000000010406676526020000
001001026000008602700406676526020260000054579000000010402600000545790000000104020360458100100020000
005001066765260400301001167217000000000028380589180400001000150000
001001026000008602700506676526100260000054579000000010402600000545790000000104020360458100100020000
002011066765289800104079692273000000000015144347430400001020250004300004300004300000000000000000000100000001000000860270260000054579000000010402600000545790000000104000000000000000000000000000000000000000000000000006360010800570191730002064000000
005001066765310000301001051634000000000034338256680400001000150000
005001066765310300301001051634000000000034338256680400001000150000
00200306676531050030100105163400000000003433825668070000302740000430000000000000000000010000000100000086027026000005457900000001040260000054579000000010400000000000000000000006360010800570191730002064000000
0020020667653112003010011672170000000000283805891801000030000000043000000000043000000001000000010000008602702600000545790000000104026000005457900000001040063600108005701917300020640000
005001066765409900301001121152000000000008723346970400001000150000
005001066765410200301001121152000000000008723346970400001000150000
00200306676541040030100112115200000000000872334697070000301421000430000000000000000000010000000100000086027026000005457900000001040260000054579000000010400000000000000000000006360010800570191730002064000000
005001066765521000301001167217000000000028380589180400001000150000
00300104000010000100004300000086027026000005457900000001040260000054579000000010406676552140000
00300107000030000200000000000086027026000005457900000001040260000054579000000010406676552140000
00300101000030000100004300000086027026000005457900000001040260000054579000000010406676552140000
001001026000008602700406676552140260000054579000000010402600000545790000000104020360458100100120000
005001066765556700301001167217000000000028380589180400001000150000
001001026000008602700506676555730260000054579000000010402600000545790000000104020360458100100120000
0020020667655599003010011672170000000000283805891801000030000000043000000000000000000001000000011000008602702600000545790000000104026000005457900000001040063600108005701917300020640000
0040010306676556140000
0020020667655616003010011672170000000000283805891801000030000000043000000000043000000001000000010000008602702600000545790000000104026000005457900000001040063600108005701917300020640000
002011066765574400104164431977000000000024127985360400001022650004300004300004300000000000000000000100000001000000860270260000054579000000010402600000545790000000104000000000000000000000000000000000000000000000000006360010800570191730002064000000
005001066765576101503003111345000000000035716337020614015000840000
00200306676557620150300311134500000000003571633702061301500587000430000000000000000000010000000100000086027026000005457900000001040260000054579000000010400000000000000000000006360010800570191730002064000000
0020020667655773015030031113450000000000357163370206140150058100043000000000000000000001000000010000008602702600000545790000000104026000005457900000001040063600108005701917300020640000
002011066765599400104165617462000000000022945920720400001039690004300004300000000000000008550000000100000001000000860270260000054579000000010402600000545790000000104100000000000000000000300000000000000000000000000006360010800570191730002064000000
002011066765632900104084412941000000000008647271120400001009460004300004300004300000000000000000000100000001000000860270260000054579000000010402600000545790000000104000000000000000000000000000000000000000000000000006360010800570191730002064000000
0020020667656748003010011672170000000000283805891801000030000000043000000000043000000001000000010000008602702600000545790000000104026000005457900000001040063600108005701917300020640000
002011066765696500104156366398000000000027559690960400001000560004300004300004300000000000000000000100000001000000860270260000054579000000010402600000545790000000104000000000000000000000000000000000000000000000000006360010800570191730002064000000
00200306676572350030400485732400000000000455888169080000302417000430000000000000000000010000000100000086027026000005457900000001040260000054579000000010400000000000000000000006360010800570191730002064000000
0020020667657249003010011672170000000000283805891801000030000000043000000000043000000001000000010000008602702600000545790000000104026000005457900000001040063600108005701917300020640000
0020020667657252003010011672170000000000283805891801000030000000043000000000043000000001000000010000008602702600000545790000000104026000005457900000001040063600108005701917300020640000
00200306676572580030400453682100000000001109548090080000301842000430000000000000000000010000000100000086027026000005457900000001040260000054579000000010400000000000000000000006360010800570191730002064000000
0020020667657277003010011672170000000000283805891801000030000000043000000000043000000001000000010000008602702600000545790000000104026000005457900000001040063600108005701917300020640000
00200306676572910030400527002500000000001982941794080000300226000430000000000000000000010000000100000086027026000005457900000001040260000054579000000010400000000000000000000006360010800570191730002064000000
005001066765758200304003839764000000000034427524270800003000360000
00200306676575890030400383976400000000003442752427080000302106000430000000000000000000010000000100000086027026000005457900000001040260000054579000000010400000000000000000000006360010800570191730002064000000
0020020667657634003010011672170000000000283805891801000030000000043000000000043000000001000000010000008602702600000545790000000104026000005457900000001040063600108005701917300020640000
0020020667657652003010011672170000000000283805891801000030000000043000000000043000000001000000010000008602702600000545790000000104026000005457900000001040063600108005701917300020640000
0020020667657660003010011672170000000000283805891801000030000000043000000000043000000001000000010000008602702600000545790000000104026000005457900000001040063600108005701917300020640000
00200306676577370030400422610300000000002659892035080000306292000430000000000000000000010000000100000086027026000005457900000001040260000054579000000010400000000000000000000006360010800570191730002064000000
005001066765807300301001167217000000000028380589180400001000150000
00300101000030000900034400000086027026000005457900000001040260000054579000000010406676580770000
00300104000010000400017200000086027026000005457900000001040260000054579000000010406676580770000
00300106130150000100000000000086027026000005457900000001040260000054579000000010406676580770000
00300106140150000100000000000086027026000005457900000001040260000054579000000010406676580770000
00300108000030000500000000000086027026000005457900000001040260000054579000000010406676580770000
001001026000008602700406676580770260000054579000000010402600000545790000000104020360458100100020000
005001066765807800301001167217000000000028380589180400001000150000
001001026000008602700306676580820260000054579000000010402600000545790000000104020360458100100020000
001001026000008602700406676580890260000054579000000010402600000545790000000104020360458100100020000
005001066765809100301001167217000000000028380589180400001000150000
001001026000008602700506676580970260000054579000000010402600000545790000000104020360458100100020000
0020020667658343003010011672170000000000283805891801000030000000043000000000043000000001000000010000008602702600000545790000000104026000005457900000001040063600108005701917300020640000
00200306676586240030400311943500000000003931216405080000310164000430000000000000000000010000000100000086027026000005457900000001040260000054579000000010400000000000000000000006360010800570191730002064000000
002011066765894400104165193743000000000014902725840400001051560004300004300004300000000000000000000100000001000000860270260000054579000000010402600000545790000000104000000000000000000000000000000000000000000000000006360010800570191730002064000000
005001066765966400301001167217000000000028380589180400001000150000
00300101000030000100004300000086027026000005457900000001040260000054579000000010406676596680000
00300108000030000100000000000086027026000005457900000001040260000054579000000010406676596680000
00300104000010000100004300000086027026000005457900000001040260000054579000000010406676596680000
001001026000008602700406676596680260000054579000000010402600000545790000000104020360458100100120000
005001066766099800301001167217000000000028380589180400001000150000
001001026000008602700506676610040260000054579000000010402600000545790000000104020360458100100120000
005001066766102400109126599794000000000001620813520100001000340000
005001066766102700109126599794000000000001620813520100001000340000
0020020667661032003010011672170000000000283805891801000030000000043000000000043000000001000000010000008602702600000545790000000104026000005457900000001040063600108005701917300020640000
002011066766104600104152714316000000000027780977360400001008190004300004300004300000000000000000000100000001000000860270260000054579000000010402600000545790000000104000000000000000000000000000000000000000000000000006360010800570191730002064000000
002011066766107300104085901611000000000015574393040400001002380004300004300004300000000000000000000100000001000000860270260000054579000000010402600000545790000000104000000000000000000000000000000000000000000000000006360010800570191730002064000000
005001066766109900301001145272000000000002527477530400001000150000
005001066766110200301001145272000000000002527477530400001000150000
00200306676611030030100114527200000000000252747753070000300633000430000000000000000000010000000100000086027026000005457900000001040260000054579000000010400000000000000000000006360010800570191730002064000000
0020020667661242003010011672170000000000283805891801000030000000043000000000043000000001000000010000008602702600000545790000000104026000005457900000001040063600108005701917300020640000
0020020667661370003010011672170000000000283805891801000030000000043000000000043000000001000000010000008602702600000545790000000104026000005457900000001040063600108005701917300020640000
005001066766168300104152624473000000000025065828561023001002300000
002011066766168500104152624473000000000025065828560400001038260004300004300004300000000000000000000100000001000000860270260000054579000000010402600000545790000000104000000000000000000000000000000000000000000000000006360010800570191730002064000000
0020020667661689003010011672170000000000283805891801000030000000043000000000043000000001000000010000008602702600000545790000000104026000005457900000001040063600108005701917300020640000
0020020667661855003010011672170000000000283805891801000030000000043000000000043000000001000000010000008602702600000545790000000104026000005457900000001040063600108005701917300020640000
002011066766206700104086289306000000000015590754000400001007900004300004300004300000000000000000000100000001000000860270260000054579000000010402600000545790000000104000000000000000000000000000000000000000000000000006360010800570191730002064000000
0020020667662399003010011672170000000000283805891801000030000000043000000000043000000001000000010000008602702600000545790000000104026000005457900000001040063600108005701917300020640000
00200306676624070030400512916100000000000456260953080000300288000430000000000000000000010000000100000086027026000005457900000001040260000054579000000010400000000000000000000006360010800570191730002064000000
0020020667662416003010011672170000000000283805891801000030000000043000000000043000000001000000010000008602702600000545790000000104026000005457900000001040063600108005701917300020640000
005001066766342100301001167217000000000028380589180400001000150000
00300101000030000700030100000086027026000005457900000001040260000054579000000010406676634250000
00300104000010000400017200000086027026000005457900000001040260000054579000000010406676634250000
00300107000030000100000000000086027026000005457900000001040260000054579000000010406676634250000
00300108000030000100000000000086027026000005457900000001040260000054579000000010406676634250000
001001026000008602700406676634250260000054579000000010402600000545790000000104020360458100100020000
005001066766342600301001167217000000000028380589180400001000150000
001001026000008602700506676634320260000054579000000010402600000545790000000104020360458100100020000
0020020667663633003010011672170000000000283805891801000030000000043000000000043000000001000000010000008602702600000545790000000104026000005457900000001040063600108005701917300020640000
0020020667663746003010011672170000000000283805891801000030000000043000000000043000000001000000010000008602702600000545790000000104026000005457900000001040063600108005701917300020640000
0020020667663771003010011672170000000000283805891801000030000000043000000000043000000001000000010000008602702600000545790000000104026000005457900000001040063600108005701917300020640000
0020020667663775003010011672170000000000283805891801000030000000043000000000043000000001000000010000008602702600000545790000000104026000005457900000001040063600108005701917300020640000
0020020667663866003010011672170000000000283805891801000030000000043000000000043000000001000000010000008602702600000545790000000104026000005457900000001040063600108005701917300020640000
002011066766387200104088564355000000000027167342800400001003810004300004300004300000000000000000000100000001000000860270260000054579000000010402600000545790000000104000000000000000000000000000000000000000000000000006360010800570191730002064000000
002011066766387700104088357041000000000023461417680400001004910004300004300004300000000000000000000100000001000000860270260000054579000000010402600000545790000000104000000000000000000000000000000000000000000000000006360010800570191730002064000000
0020020667663982003010011672170000000000283805891801000030000000043000000000043000000001000000010000008602702600000545790000000104026000005457900000001040063600108005701917300020640000
00200306676642990030400443276500000000002516990858080000302720000430000000000000000000010000000100000086027026000005457900000001040260000054579000000010400000000000000000000006360010800570191730002064000000
005001066766586900301001167217000000000028380589180400001000150000
00300101000030000600025800000086027026000005457900000001040260000054579000000010406676658730000
00300104000010000200008600000086027026000005457900000001040260000054579000000010406676658730000
00300108000030000100000000000086027026000005457900000001040260000054579000000010406676658730000
001001026000008602700406676658730260000054579000000010402600000545790000000104020360458100100120000
005001066766654200301001167217000000000028380589180400001000150000
001001026000008602700506676665480260000054579000000010402600000545790000000104020360458100100120000
0020020667666560003010011672170000000000283805891801000030000000043000000000043000000001000000010000008602702600000545790000000104026000005457900000001040063600108005701917300020640000
0020020667666569003010011672170000000000283805891801000030000000043000000000043000000001000000010000008602702600000545790000000104026000005457900000001040063600108005701917300020640000
0020020667666582003010011672170000000000283805891801000030000000043000000000043000000001000000010000008602702600000545790000000104026000005457900000001040063600108005701917300020640000
0020020667666590003010011672170000000000283805891801000030000000043000000000043000000001000000010000008602702600000545790000000104026000005457900000001040063600108005701917300020640000
0020020667667290003010011672170000000000283805891801000030000000043000000000043000000001000000010000008602702600000545790000000104026000005457900000001040063600108005701917300020640000
0020020667667297003010011672170000000000283805891801000030000000043000000000043000000001000000010000008602702600000545790000000104026000005457900000001040063600108005701917300020640000
002011066766730400104151184852000000000023860229840400001001100004300004300004300000000000000000000100000001000000860270260000054579000000010402600000545790000000104000000000000000000000000000000000000000000000000006360010800570191730002064000000
0020020667667309003010011672170000000000283805891801000030000000043000000000043000000001000000010000008602702600000545790000000104026000005457900000001040063600108005701917300020640000
0020020667667746003010011672170000000000283805891801000030000000043000000000043000000001000000010000008602702600000545790000000104026000005457900000001040063600108005701917300020640000
0020020667667920003010011672170000000000283805891801000030000000043000000000043000000001000000010000008602702600000545790000000104026000005457900000001040063600108005701917300020640000
002011066766800600104164098291000000000024231076560400001025580004300004300004300000000000000000000100000001000000860270260000054579000000010402600000545790000000104000000000000000000000000000000000000000000000000006360010800570191730002064000000
0020020667668018003010011672170000000000283805891801000030000000043000000000043000000001000000010000008602702600000545790000000104026000005457900000001040063600108005701917300020640000
0020020667668130003010011672170000000000283805891801000030000000043000000000043000000001000000010000008602702600000545790000000104026000005457900000001040063600108005701917300020640000
00200306676682820030400392650100000000001011429931080000301947000430000000000000000000010000000100000086027026000005457900000001040260000054579000000010400000000000000000000006360010800570191730002064000000
0020020667668606003010011672170000000000283805891801000030000000043000000000043000000001000000010000008602702600000545790000000104026000005457900000001040063600108005701917300020640000
0020020667668613003010011672170000000000283805891801000030000000043000000000043000000001000000010000008602702600000545790000000104026000005457900000001040063600108005701917300020640000
0020020667668737003010011672170000000000283805891801000030000000043000000000043000000001000000010000008602702600000545790000000104026000005457900000001040063600108005701917300020640000
0020020667668747003010011672170000000000283805891801000030000000043000000000043000000001000000010000008602702600000545790000000104026000005457900000001040063600108005701917300020640000
002011066766893500117055957899000000000037843680230400001025200004300004300004300000000000000000000100000001000000860270260000054579000000010402600000545790000000104000000000000000000000000000000000000000000000000006360010800570191730002064000000
005001066766913200301001167217000000000028380589180400001000150000
00300101000030001500064500000086027026000005457900000001040260000054579000000010406676691360000
00300104000010000300012900000086027026000005457900000001040260000054579000000010406676691360000
00300108000030000100000000000086027026000005457900000001040260000054579000000010406676691360000
001001026000008602700406676691360260000054579000000010402600000545790000000104020360458100100020000
005001066766913800301001167217000000000028380589180400001000150000
001001026000008602700506676691440260000054579000000010402600000545790000000104020360458100100020000
00200306676694490030400479886700000000001546039202080000303326000430000000000000000000010000000100000086027026000005457900000001040260000054579000000010400000000000000000000006360010800570191730002064000000
005001066767135500301001167217000000000028380589180400001000150000
00300108000030000100000000000086027026000005457900000001040260000054579000000010406676713600000
001001026000008602700406676713600260000054579000000010402600000545790000000104020360458100100120000
005001066767187200301001167217000000000028380589180400001000150000
001001026000008602700506676718780260000054579000000010402600000545790000000104020360458100100120000
0020020667671887003010011672170000000000283805891801000030000000043000000000043000000001000000010000008602702600000545790000000104026000005457900000001040063600108005701917300020640000
0020020667672937003010011672170000000000283805891801000030000000043000000000043000000001000000010000008602702600000545790000000104026000005457900000001040063600108005701917300020640000
002011066767355900104088611868000000000029362978000400001002090004300004300004300000000000000000000100000001000000860270260000054579000000010402600000545790000000104000000000000000000000000000000000000000000000000006360010800570191730002064000000
0020020667673583003010011672170000000000283805891801000030000000043000000000043000000001000000010000008602702600000545790000000104026000005457900000001040063600108005701917300020640000
005001066767399800301001167217000000000028380589180400001000150000
00300101000030000300012900000086027026000005457900000001040260000054579000000010406676740020000
00300104000010000100004300000086027026000005457900000001040260000054579000000010406676740020000
001001026000008602700406676740020260000054579000000010402600000545790000000104020360458100100020000
005001066767400400301001167217000000000028380589180400001000150000
001001026000008602700506676740100260000054579000000010402600000545790000000104020360458100100020000
002011066767476400104156395975000000000026955162320400001000400004300004300004300000000000000000000100000001000000860270260000054579000000010402600000545790000000104000000000000000000000000000000000000000000000000006360010800570191730002064000000
005001066767597900301001167217000000000028380589180400001000150000
00300104000010000100004300000086027026000005457900000001040260000054579000000010406676759830000
001001026000008602700406676759830260000054579000000010402600000545790000000104020360458100100120000
005001066767733300301001167217000000000028380589180400001000150000
001001026000008602700506676773390260000054579000000010402600000545790000000104020360458100100120000
0020020667677350003010011672170000000000283805891801000030000000043000000000043000000001000000010000008602702600000545790000000104026000005457900000001040063600108005701917300020640000
0020020667677356003010011672170000000000283805891801000030000000043000000000043000000001000000010000008602702600000545790000000104026000005457900000001040063600108005701917300020640000
005001066767736700104086623389000000000014387264721023001000150000
002011066767736800104086623389000000000014387264720400001013960004300004300004100004100008550000000100000001000000860270260000054579000000010402600000545790000000104100000000000000000000300000000000000000000000000006360010800570191730002064000000
0020020667677384003010011672170000000000283805891801000030000000043000000000043000000001000000010000008602702600000545790000000104026000005457900000001040063600108005701917300020640000
0020020667678492003010011672170000000000283805891801000030000000043000000000043000000001000000010000008602702600000545790000000104026000005457900000001040063600108005701917300020640000
0020020667678700003010011672170000000000283805891801000030000000043000000000043000000001000000010000008602702600000545790000000104026000005457900000001040063600108005701917300020640000
0020020667678734003010011672170000000000283805891801000030000000043000000000043000000001000000010000008602702600000545790000000104026000005457900000001040063600108005701917300020640000
0020020667678909003010011672170000000000283805891801000030000000043000000000043000000001000000010000008602702600000545790000000104026000005457900000001040063600108005701917300020640000
005001066767977600301001167217000000000028380589180400001000150000
005001066767977900301001167217000000000028380589180400001000150000
00300101000030000700030100000086027026000005457900000001040260000054579000000010406676797830000
00300104000010000100004300000086027026000005457900000001040260000054579000000010406676797830000
001001026000008602700406676797830260000054579000000010402600000545790000000104020360458100100020000
005001066767978500301001167217000000000028380589180400001000150000
001001026000008602700306676797890260000054579000000010402600000545790000000104020360458100100020000
02000100106676803680030100116721700000000002838058918026000005457900000001040000301000008602702600000545790000000104026000005457900000001040000
0210010300120000086027026000005457900000001040260000054579000000010406676803680000
0210010400480000086027026000005457900000001040260000054579000000010406676803680000
0210010800030000086027026000005457900000001040260000054579000000010406676803680000
0210011000010000086027026000005457900000001040260000054579000000010406676803680000
0210011100010000086027026000005457900000001040260000054579000000010406676803680000
0210011800050000086027026000005457900000001040260000054579000000010406676803680000
0210012500020000086027026000005457900000001040260000054579000000010406676803680000
010001001026000005457900000001040000086027066768036900500000
001001026000008602700206676803720260000054579000000010400000000000000000000000020360458100100020000
010001001026000005457900000001040000086027066768037900400000
001001026000008602700106676803850000000054579000000000000000000000000000000000020360458100100020000
03400667649880000008602700004T06676498800667650475000008602704581V000005457900000545790100000020004300000000010000000104000000100043000000000100000001
03400667652610000008602700005C06676526100667655214000008602704581I00000545790000054579010000008000430000000001000000010400000050004300000000010000000107000000200000000000000100000001
03400667650475000008602700005C06676504750667652602000008602704581V000005457900000545790100000460004300000000010000000104000001400043000000000100000001080000009000000000000001000000010800000090000000000000010000000108000000900000000000000100000001080000009000000000000001000000010800000090000000000000010000000108000000900000000000000100000001080000009000000000000001000000010800000090000000000000010000000108000000900000000000000100000001
