1000020260000086122003063600113589159218960028830000
001001026000008612200206676607080000000107007000000000000000000000000000000000000000000000000000000
010001001026000010700700000092700000086122066766071800100000
0350010667660730251986550000019300000001010000
010001001026000010700700000092700000086122066766073300200000
001001026000008612200306676607380260000107007000000927002600001070070000009270000000000000000040000
001001026000008612200406676614180260000107007000000927002600001070070000009270020290457400100040000
005001066766211900301001146368000000000002519865530400001000150000
001001026000008612200506676621240260000107007000000927002600001070070000009270020290457400100040000
0020020667662161003010011463680000000000025198655301000030000000046500000000046500000001000000010000008612202600001070070000009270026000010700700000092700063600113589159218960028830000
0020020667662167003010011463680000000000025198655301000030000000046500000000046500000001000000010000008612202600001070070000009270026000010700700000092700063600113589159218960028830000
00200306676622150030400517604500000000003572154982080000300825000465000000000000000000010000000100000086122026000010700700000092700260000107007000000927000000000000000000000006360011358915921896002883000000
0020020667662457003010011463680000000000025198655301000030000000046500000000046500000001000000010000008612202600001070070000009270026000010700700000092700063600113589159218960028830000
00200306676624650030400504496300000000003534199126080000301083000465000000000000000000010000000100000086122026000010700700000092700260000107007000000927000000000000000000000006360011358915921896002883000000
0020020667662473003010011463680000000000025198655301000030000000046500000000046500000001000000010000008612202600001070070000009270026000010700700000092700063600113589159218960028830000
0020020667662477003010011463680000000000025198655301000030000000046500000000046500000001000000010000008612202600001070070000009270026000010700700000092700063600113589159218960028830000
0020020667662593003010011463680000000000025198655301000030000000046500000000046500000001000000010000008612202600001070070000009270026000010700700000092700063600113589159218960028830000
0020020667662646003010011463680000000000025198655301000030000000046500000000046500000001000000010000008612202600001070070000009270026000010700700000092700063600113589159218960028830000
0020020667663140003010011463680000000000025198655301000030000000046500000000046500000001000000010000008612202600001070070000009270026000010700700000092700063600113589159218960028830000
002011066766322600104151358052000000000025694267600400001001170004650004650004650000000000000000000100000001000000861220260000107007000000927002600001070070000009270000000000000000000000000000000000000000000000000006360011358915921896002883000000
005001066766328500117057924963000000000007543417370400001000150000
002011066766328600117057924963000000000007543417370400001015130004650004650004650000000000000000000100000001000000861220260000107007000000927002600001070070000009270000000000000000000000000000000000000000000000000006360011358915921896002883000000
00200306676634100030400505417900000000000252196505080000301461000465000000000000000000010000000100000086122026000010700700000092700260000107007000000927000000000000000000000006360011358915921896002883000000
0020020667663531003010011463680000000000025198655301000030000000046500000000046500000001000000010000008612202600001070070000009270026000010700700000092700063600113589159218960028830000
0020020667663663003010011463680000000000025198655301000030000000046500000000046500000001000000010000008612202600001070070000009270026000010700700000092700063600113589159218960028830000
00200306676639780030400387615500000000003442987403080000301332000465000000000000000000010000000100000086122026000010700700000092700260000107007000000927000000000000000000000006360011358915921896002883000000
0020020667663990003010011463680000000000025198655301000030000000046500000000046500000001000000010000008612202600001070070000009270026000010700700000092700063600113589159218960028830000
00200306676640020030400483935100000000001545889762080000300382000465000000000000000000010000000100000086122026000010700700000092700260000107007000000927000000000000000000000006360011358915921896002883000000
00200306676640120030400261053400000000003415669444080000301811000465000000000000000000010000000100000086122026000010700700000092700260000107007000000927000000000000000000000006360011358915921896002883000000
0020020667664027003010011463680000000000025198655301000030000000046500000000046500000001000000010000008612202600001070070000009270026000010700700000092700063600113589159218960028830000
0020020667664034003010011463680000000000025198655301000030000000046500000000046500000001000000010000008612202600001070070000009270026000010700700000092700063600113589159218960028830000
0020020667664051003010011463680000000000025198655301000030000000046500000000046500000001000000010000008612202600001070070000009270026000010700700000092700063600113589159218960028830000
0020020667664059003010011463680000000000025198655301000030000000046500000000046500000001000000010000008612202600001070070000009270026000010700700000092700063600113589159218960028830000
005001066766406300000000000000000000000025238719140000000000150000
00200306676640640030400495957700000000002523871914080000301085000465000000000000000000010000000100000086122026000010700700000092700260000107007000000927000000000000000000000006360011358915921896002883000000
00200306676640760030400529452800000000000252834761080000300281000465000000000000000000010000000100000086122026000010700700000092700260000107007000000927000000000000000000000006360011358915921896002883000000
002011066766415700104089241037000000000034883231440400001002080004650004650004650000000000000000000100000001000000861220260000107007000000927002600001070070000009270000000000000000000000000000000000000000000000000006360011358915921896002883000000
00200306676645150030400357396900000000003398533286080000304289000465000000000000000000010000000100000086122026000010700700000092700260000107007000000927000000000000000000000006360011358915921896002883000000
0020020667664671003010011463680000000000025198655301000030000000046500000000046500000001000000010000008612202600001070070000009270026000010700700000092700063600113589159218960028830000
005001066766528000301001146368000000000002519865530400001000150000
00300101000030001600074400000086122026000010700700000092700260000107007000000927006676652840000
00300108000030000900000000000086122026000010700700000092700260000107007000000927006676652840000
00300104000010000300013950000086122026000010700700000092700260000107007000000927006676652840000
001001026000008612200406676652840260000107007000000927002600001070070000009270020290457400100140000
00200306676658010030400534508400000000001544329970080000300016000465000000000000000000010000000100000086122026000010700700000092700260000107007000000927000000000000000000000006360011358915921896002883000000
00200306676658140030400520226700000000002523760490080000300222000465000000000000000000010000000100000086122026000010700700000092700260000107007000000927000000000000000000000006360011358915921896002883000000
0020020667665828003010011463680000000000025198655301000030000000046500000000046500000001000000010000008612202600001070070000009270026000010700700000092700063600113589159218960028830000
0020020667665835003010011463680000000000025198655301000030000000046500000000046500000001000000010000008612202600001070070000009270026000010700700000092700063600113589159218960028830000
0020020667665842003010011463680000000000025198655301000030000000046500000000046500000001000000010000008612202600001070070000009270026000010700700000092700063600113589159218960028830000
0020020667665848003010011463680000000000025198655301000030000000046500000000046500000001000000010000008612202600001070070000009270026000010700700000092700063600113589159218960028830000
002011066766585400109017496587000000000027628048080100001000270004650004650004650000000000000000000100000001000000861220260000107007000000927002600001070070000009270000000000000000000000000000000000000000000000000006360011358915921896002883000000
0020020667665862003010011463680000000000025198655301000030000000046500000000046500000001000000010000008612202600001070070000009270026000010700700000092700063600113589159218960028830000
0020020667665871003010011463680000000000025198655301000030000000046500000000046500000001000000010000008612202600001070070000009270026000010700700000092700063600113589159218960028830000
0020020667665889003010011463680000000000025198655301000030000000046500000000046500000001000000010000008612202600001070070000009270026000010700700000092700063600113589159218960028830000
005001066766595200301001146368000000000002519865530400001000150000
00300108000030000200000000000086122026000010700700000092700260000107007000000927006676659640000
00300101000030000700032550000086122026000010700700000092700260000107007000000927006676659640000
00300101000010000100004650000086122026000010700700000092700260000107007000000927006676659640000
001001026000008612200506676659640260000107007000000927002600001070070000009270020290457400100140000
0020020667666001003010011463680000000000025198655301000030000000046500000000046500000001000000010000008612202600001070070000009270026000010700700000092700063600113589159218960028830000
0020020667666041003010011463680000000000025198655301000030000000046500000000046500000001000000010000008612202600001070070000009270026000010700700000092700063600113589159218960028830000
0020020667666093003010011463680000000000025198655301000030000000046500000000046500000001000000010000008612202600001070070000009270026000010700700000092700063600113589159218960028830000
0020020667666203003010011463680000000000025198655301000030000000046500000000046500000001000000010000008612202600001070070000009270026000010700700000092700063600113589159218960028830000
0020020667666244003010011463680000000000025198655301000030000000046500000000046500000001000000010000008612202600001070070000009270026000010700700000092700063600113589159218960028830000
002011066766749400104160695562000000000026396224720400001045780004650004650004650000000000000000000100000001000000861220260000107007000000927002600001070070000009270000000000000000000000000000000000000000000000000006360011358915921896002883000000
005001066766833700301001146368000000000002519865530400001000150000
00300101000030000500023250000086122026000010700700000092700260000107007000000927006676683410000
00300104000010000100004650000086122026000010700700000092700260000107007000000927006676683410000
001001026000008612200406676683410260000107007000000927002600001070070000009270020290457400100040000
005001066766987900301001146368000000000002519865530400001000150000
001001026000008612200306676698830260000107007000000927002600001070070000009270020290457400100040000
001001026000008612200406676698910260000107007000000927002600001070070000009270020290457400100040000
005001066766989600301001146368000000000002519865530400001000150000
001001026000008612200506676699020260000107007000000927002600001070070000009270020290457400100040000
005001066766991800301001161928000000000026721852740400001000150000
005001066766992300301001161928000000000026721852740400001000150000
00200306676699240030100116192800000000002672185274070000300117000465000000000000000000010000000100000086122026000010700700000092700260000107007000000927000000000000000000000006360011358915921896002883000000
0020020667669954003010011463680000000000025198655301000030000000046500000000046500000001000000010000008612202600001070070000009270026000010700700000092700063600113589159218960028830000
0020020667669965003010011463680000000000025198655301000030000000046500000000046500000001000000010000008612202600001070070000009270026000010700700000092700063600113589159218960028830000
0020020667670152003010011463680000000000025198655301000030000000046500000000046500000001000000010000008612202600001070070000009270026000010700700000092700063600113589159218960028830000
002011066767080400104088976041000000000028081114320400001000130004650004650004650000000000000000000100000001000000861220260000107007000000927002600001070070000009270000000000000000000000000000000000000000000000000006360011358915921896002883000000
002011066767081300109076382932000000000029828089040100001000070004650004650004650000000000000000000100000001000000861220260000107007000000927002600001070070000009270000000000000000000000000000000000000000000000000006360011358915921896002883000000
0020020667671051003010011463680000000000025198655301000030000000046500000000046500000001000000010000008612202600001070070000009270026000010700700000092700063600113589159218960028830000
0020020667671054003010011463680000000000025198655301000030000000046500000000046500000001000000010000008612202600001070070000009270026000010700700000092700063600113589159218960028830000
002011066767142500104089571797000000000027139344080400001001790004650004650004650000000000000000000100000001000000861220260000107007000000927002600001070070000009270000000000000000000000000000000000000000000000000006360011358915921896002883000000
0020020667671447003010011463680000000000025198655301000030000000046500000000046500000001000000010000008612202600001070070000009270026000010700700000092700063600113589159218960028830000
0020020667671831003010011463680000000000025198655301000030000000046500000000046500000001000000010000008612202600001070070000009270026000010700700000092700063600113589159218960028830000
005001066767247000301001146368000000000002519865530400001000150000
00300107000030000100000000000086122026000010700700000092700260000107007000000927006676724740000
00300101000030000700032550000086122026000010700700000092700260000107007000000927006676724740000
00300104000010000200009300000086122026000010700700000092700260000107007000000927006676724740000
00300101000010000100004650000086122026000010700700000092700260000107007000000927006676724740000
001001026000008612200406676724740260000107007000000927002600001070070000009270020290457400100140000
0020020667673892003010011463680000000000025198655301000030000000046500000000046500000001000000010000008612202600001070070000009270026000010700700000092700063600113589159218960028830000
0020020667673915003010011463680000000000025198655301000030000000046500000000046500000001000000010000008612202600001070070000009270026000010700700000092700063600113589159218960028830000
0020020667673924003010011463680000000000025198655301000030000000046500000000046500000001000000010000008612202600001070070000009270026000010700700000092700063600113589159218960028830000
00200306676739990150300305415500000000000456043545061201500125000465000000000000000000010000000100000086122026000010700700000092700260000107007000000927000000000000000000000006360011358915921896002883000000
002011066767402100104165145749000000000023030613200400001034270004650004650004600004600008550000000100000001000000861220260000107007000000927002600001070070000009270100000000000000000000300000000000000000000000000006360011358915921896002883000000
00200306676740280030400447971100000000004141876075080000301075000465000000000000000000010000000100000086122026000010700700000092700260000107007000000927000000000000000000000006360011358915921896002883000000
002011066767408100104165720956000000000024442512080400001018310004650004650003000003000008550000000100000001000000861220260000107007000000927002600001070070000009270100000000000000000000300000000000000000000000000006360011358915921896002883000000
005001066767580800301001146368000000000002519865530400001000150000
005001066767580900301001146368000000000002519865531011003000150000
005001066767581400301001146368000000000002519865530400001000150000
00300101000030000300013950000086122026000010700700000092700260000107007000000927006676758200000
00300106120150000100000000000086122026000010700700000092700260000107007000000927006676758200000
00300104000010000200009300000086122026000010700700000092700260000107007000000927006676758200000
00300108000030000100000000000086122026000010700700000092700260000107007000000927006676758200000
001001026000008612200506676758200260000107007000000927002600001070070000009270020290457400100140000
005001066767582100301001146368000000000002519865530400001000150000
001001026000008612200406676758250260000107007000000927002600001070070000009270020290457400100040000
005001066767582600301001146368000000000002519865530400001000150000
001001026000008612200506676758320260000107007000000927002600001070070000009270020290457400100040000
0020020667676909003010011463680000000000025198655301000030000000046500000000046500000001000000010000008612202600001070070000009270026000010700700000092700063600113589159218960028830000
0020020667676921003010011463680000000000025198655301000030000000046500000000046500000001000000010000008612202600001070070000009270026000010700700000092700063600113589159218960028830000
0020020667676956003010011463680000000000025198655301000030000000046500000000046500000001000000010000008612202600001070070000009270026000010700700000092700063600113589159218960028830000
002011066767717300104156328127000000000028493602000400001000210004650004650004650000000000000000000100000001000000861220260000107007000000927002600001070070000009270000000000000000000000000000000000000000000000000006360011358915921896002883000000
0020020667678030003010011463680000000000025198655301000030000000046500000000046500000001000000010000008612202600001070070000009270026000010700700000092700063600113589159218960028830000
002011066767803800109081262061000000000006762716880100001011380004650004650004650000000000000000000100000001000000861220260000107007000000927002600001070070000009270000000000000000000000000000010000000000000000000106360011358915921896002883000000
00200306676780440030400478713100000000001548137058080000301123000465000000000000000000010000000100000086122026000010700700000092700260000107007000000927000000000000000000000006360011358915921896002883000000
0020020667678867003010011463680000000000025198655301000030000000046500000000046500000001000000010000008612202600001070070000009270026000010700700000092700063600113589159218960028830000
0020020667678871003010011463680000000000025198655301000030000000046500000000046500000001000000010000008612202600001070070000009270026000010700700000092700063600113589159218960028830000
005001066767896700301001146368000000000002519865530400001000150000
00300101000030000600027900000086122026000010700700000092700260000107007000000927006676789700000
00300104000010000100004650000086122026000010700700000092700260000107007000000927006676789700000
00300101000010000100004650000086122026000010700700000092700260000107007000000927006676789700000
00300108000030000100000000000086122026000010700700000092700260000107007000000927006676789700000
001001026000008612200406676789700260000107007000000927002600001070070000009270020290457400100140000
005001066767897400301001146368000000000002519865530400001000150000
001001026000008612200506676789800260000107007000000927002600001070070000009270020290457400100140000
0020020667679040003010011463680000000000025198655301000030000000046500000000046500000001000000010000008612202600001070070000009270026000010700700000092700063600113589159218960028830000
0020020667679053003010011463680000000000025198655301000030000000046500000000046500000001000000010000008612202600001070070000009270026000010700700000092700063600113589159218960028830000
0020020667679061003010011463680000000000025198655301000030000000046500000000046500000001000000010000008612202600001070070000009270026000010700700000092700063600113589159218960028830000
0020020667679071003010011463680000000000025198655301000030000000046500000000046500000001000000010000008612202600001070070000009270026000010700700000092700063600113589159218960028830000
0020020667679393003010011463680000000000025198655301000030000000046500000000046500000001000000010000008612202600001070070000009270026000010700700000092700063600113589159218960028830000
0020020667679403003010011463680000000000025198655301000030000000046500000000046500000001000000010000008612202600001070070000009270026000010700700000092700063600113589159218960028830000
0020020667679583003010011463680000000000025198655301000030000000046500000000046500000001000000010000008612202600001070070000009270026000010700700000092700063600113589159218960028830000
002011066767968200104089623401000000000031525415120400001001890004650004650004650000000000000000000100000001000000861220260000107007000000927002600001070070000009270000000000000000000000000000000000000000000000000006360011358915921896002883000000
0020020667679828003010011463680000000000025198655301000030000000046500000000046500000001000000010000008612202600001070070000009270026000010700700000092700063600113589159218960028830000
0020020667679845003010011463680000000000025198655301000030000000046500000000046500000001000000010000008612202600001070070000009270026000010700700000092700063600113589159218960028830000
0020020667679850003010011463680000000000025198655301000030000000046500000000046500000001000000010000008612202600001070070000009270026000010700700000092700063600113589159218960028830000
0020020667680069003010011463680000000000025198655301000030000000046500000000046500000001000000010000008612202600001070070000009270026000010700700000092700063600113589159218960028830000
005001066768173000301001146368000000000002519865530400001000150000
00300101000030001100051150000086122026000010700700000092700260000107007000000927006676817340000
00300104000010000100004650000086122026000010700700000092700260000107007000000927006676817340000
001001026000008612200406676817340260000107007000000927002600001070070000009270020290457400100040000
005001066768178500301001146368000000000002519865530400001000150000
001001026000008612200506676817910260000107007000000927002600001070070000009270020290457400100040000
0020020667682783003010011463680000000000025198655301000030000000046500000000046500000001000000010000008612202600001070070000009270026000010700700000092700063600113589159218960028830000
005001066768289500301001150209000000000002531394490400001000150000
005001066768289800301001150209000000000002531394490400001000150000
00200306676828990030100115020900000000000253139449070000300243000465000000000000000000010000000100000086122026000010700700000092700260000107007000000927000000000000000000000006360011358915921896002883000000
0020020667683044003010011463680000000000025198655301000030000000046500000000046500000001000000010000008612202600001070070000009270026000010700700000092700063600113589159218960028830000
0020020667683195003010011463680000000000025198655301000030000000046500000000046500000001000000010000008612202600001070070000009270026000010700700000092700063600113589159218960028830000
0020020667683205003010011463680000000000025198655301000030000000046500000000046500000001000000010000008612202600001070070000009270026000010700700000092700063600113589159218960028830000
002011066768321300109166129161000000000005411738320100001013930004650004650004650000000000000000000100000001000000861220260000107007000000927002600001070070000009270000000000000000000000000000000000000000000000000006360011358915921896002883000000
0020020667683221003010011463680000000000025198655301000030000000046500000000046500000001000000010000008612202600001070070000009270026000010700700000092700063600113589159218960028830000
0020020667683646003010011463680000000000025198655301000030000000046500000000046500000001000000010000008612202600001070070000009270026000010700700000092700063600113589159218960028830000
0020020667683659003010011463680000000000025198655301000030000000046500000000046500000001000000010000008612202600001070070000009270026000010700700000092700063600113589159218960028830000
0020020667683800003010011463680000000000025198655301000030000000046500000000046500000001000000010000008612202600001070070000009270026000010700700000092700063600113589159218960028830000
00200306676844370150300310824700000000000520373593061201500488000465000000000000000000010000000100000086122026000010700700000092700260000107007000000927000000000000000000000006360011358915921896002883000000
0020020667684751003010011463680000000000025198655301000030000000046500000000046500000001000000010000008612202600001070070000009270026000010700700000092700063600113589159218960028830000
005001066768572500301001146368000000000002519865530400001000150000
00300101000030000900041850000086122026000010700700000092700260000107007000000927006676857290000
00300107000030000100000000000086122026000010700700000092700260000107007000000927006676857290000
00300101000010000100004650000086122026000010700700000092700260000107007000000927006676857290000
00300106120150000100000000000086122026000010700700000092700260000107007000000927006676857290000
001001026000008612200406676857290260000107007000000927002600001070070000009270020290457400100140000
005001066768573100301001146368000000000002519865530400001000150000
001001026000008612200306676857340260000107007000000927002600001070070000009270020290457400100140000
001001026000008612200206676857400260000107007000000927002600001070070000009270020290457400100140000
010001001026000010700700000092700000086122066768574700400000
02000100106676857550030100114636800000000000251986553026000010700700000092700019301000008612202600001070070000009270026000010700700000092700000
0210010300130000086122026000010700700000092700260000107007000000927006676857550000
0210010400210000086122026000010700700000092700260000107007000000927006676857550000
0210010800020000086122026000010700700000092700260000107007000000927006676857550000
0210010900020000086122026000010700700000092700260000107007000000927006676857550000
0210011800060000086122026000010700700000092700260000107007000000927006676857550000
0210012500030000086122026000010700700000092700260000107007000000927006676857550000
010001001026000010700700000092700000086122066768575600500000
001001026000008612200106676857590000000107007000000000000000000000000000000000020290457400100140000
03400667665284000008612200004T06676652840667665964000008612204574V000010700700001070070100000110004650000000010000000108000000300000000000000100000001
03400667662124000008612200005C06676621240667665284000008612204574I00001070070000107007010000041000465000000001000000010400000060004650000000010000000108000001000000000000000100000001
03400667665964000008612200005C06676659640667668341000008612204574V00001070070000107007010000016000465000000001000000010400000020004650000000010000000104000000200046500000000100000001040000002000465000000001000000010400000020004650000000010000000104000000200046500000000100000001
