1000020260000086105003063600113589159219800027840000
001001026000008610500206676162430000000074462000000000000000000000000000000000020410458600100000000
010001001026000007446200000072790000086105066761625600100000
0350010667616267658742460000067000000001010000
010001001026000007446200000072790000086105066761626900200000
001001026000008610500306676162740260000074462000000727902600000744620000007279020410458600100010000
001001026000008610500206676164540260000074462000000727902600000744620000007279020410458600100010000
010001001026000007446200000072790000086105066761646400400000
010001001026000007446200000072790000086105066761646800500000
001001026000008610500106676164720000000074462000000000000000000000000000000000020410458600100010000
