1000020260000086154003063600106632261698500001460000
001001026000008615400206676209580000000098853000000000000000000000000000000000000000000000000000000
010001001026000009885300000075060000086154066762096500100000
0350010667620974252814010000036500000001010000
010001001026000009885300000075060000086154066762097600200000
001001026000008615400306676209800260000098853000000750602600000988530000007506000000000000000010000
005001066762098500301001115152000000000025281401221011003000150000
001001026000008615400406676220520260000098853000000750602600000988530000007506020290457400100010000
005001066762205400301001115152000000000025281401220400001000150000
001001026000008615400506676220590260000098853000000750602600000988530000007506020290457400100010000
002011066762227400104151555044000000000025459605200400001000670004650004650004650000000000000000000100000001000000861540260000098853000000750602600000988530000007506000000000000000000000000000000000000000000000000006360010663226169850000146000000
0020020667622304003010011151520000000000252814012201000030000000046500000000046500000001000000010000008615402600000988530000007506026000009885300000075060063600106632261698500001460000
0020020667622331003010011151520000000000252814012201000030000000046500000000046500000001000000010000008615402600000988530000007506026000009885300000075060063600106632261698500001460000
002011066762245200104080484174000000000011150174730400001012090004650004650004650000000000000000000100000001000000861540260000098853000000750602600000988530000007506000000000000000000000019300000000000000000000000006360010663226169850000146000000
00200306676225980030400485319100000000002524147866080000301375000465000000000000000000010000000100000086154026000009885300000075060260000098853000000750600000000000000000000006360010663226169850000146000000
002011066762277800117055471848000000000042501248230400001017520004650004650004650000000000000000000100000001000000861540260000098853000000750602600000988530000007506000000000000000000000000000000000000000000000000006360010663226169850000146000000
00200306676227940030500022218700000000000693796366071000303823000465000000000000000000010000000100000086154026000009885300000075060260000098853000000750600000000000000000000006360010663226169850000146000000
00200306676235180030400431950100000000002517649114080000302441000465000000000000000000010000000100000086154026000009885300000075060260000098853000000750600000000000000000000006360010663226169850000146000000
002011066762404800104166219037000000000023763868880400001002600004650004650004650000000000000000000100000001000000861540260000098853000000750602600000988530000007506000000000000000000000000000000000000000000000000006360010663226169850000146000000
005001066762578700301001115152000000000025281401220400001000150000
00300104000010000400018600000086154026000009885300000075060260000098853000000750606676257910000
00300101000030000200009300000086154026000009885300000075060260000098853000000750606676257910000
00300108000030000200000000000086154026000009885300000075060260000098853000000750606676257910000
00300107100030000100000000000086154026000009885300000075060260000098853000000750606676257910000
001001026000008615400406676257910260000098853000000750602600000988530000007506020290457400100110000
005001066762579400301001115152000000000025281401220400001000150000
001001026000008615400506676257990260000098853000000750602600000988530000007506020290457400100110000
0020020667625807003010011151520000000000252814012201000030000000046500000000046500000001000000010000008615402600000988530000007506026000009885300000075060063600106632261698500001460000
0020020667625821003010011151520000000000252814012201000030000000046500000000046500000001000000010000008615402600000988530000007506026000009885300000075060063600106632261698500001460000
0020020667625832003010011151520000000000252814012201000030000000046500000000046500000001000000010000008615402600000988530000007506026000009885300000075060063600106632261698500001460000
0020020667625836003010011151520000000000252814012201000030000000046500000000046500000001000000010000008615402600000988530000007506026000009885300000075060063600106632261698500001460000
002011066762584300117034742711000000000007750093330400001023820004650004650003000003000008550000000100000001000000861540260000098853000000750602600000988530000007506100000000000000000000300000000000000000000000000006360010663226169850000146000000
0020020667625849003010011151520000000000252814012201000030000000046500000000046500000001000000010000008615402600000988530000007506026000009885300000075060063600106632261698500001460000
0020020667625942003010011151520000000000252814012201000030000000046500000000046500000001000000010000008615402600000988530000007506026000009885300000075060063600106632261698500001460000
002011066762595100109151745596000000000001607260880100001002860004650004650004500004500008550000000100000001000000861540260000098853000000750602600000988530000007506100000000000000000000300000000000000000000000000006360010663226169850000146000000
0020020667625956003010011151520000000000252814012201000030000000046500000000046500000001000000010000008615402600000988530000007506026000009885300000075060063600106632261698500001460000
0020020667625964003010011151520000000000252814012201000030000000046500000000046500000001000000010000008615402600000988530000007506026000009885300000075060063600106632261698500001460000
00200306676260330030400454000200000000000658616316080000300806000465000000000000000000010000000100000086154026000009885300000075060260000098853000000750600000000000000000000006360010663226169850000146000000
00200306676260550030400433443700000000002679645363080000302560000465000000000000000000010000000100000086154026000009885300000075060260000098853000000750600000000000000000000006360010663226169850000146000000
002011066762609300117009404564000000000041286944830400001077310004650004650003000003000008550000000100000001000000861540260000098853000000750602600000988530000007506100000000000000000000300000000000000000000000000006360010663226169850000146000000
00200306676261810030400528139600000000001063657394080000300274000465000000000000000000010000000100000086154026000009885300000075060260000098853000000750600000000000000000000006360010663226169850000146000000
00200306676261940030500025863700000000002290205275071000302419000465000000000000000000010000000100000086154026000009885300000075060260000098853000000750600000000000000000000006360010663226169850000146000000
00200306676262110030100111009600000000000454591881070100301554000465000000000000000000010000000100000086154026000009885300000075060260000098853000000750600000000000000000000006360010663226169850000146000000
0020020667627442003010011151520000000000252814012201000030000000046500000000046500000001000000010000008615402600000988530000007506026000009885300000075060063600106632261698500001460000
00300101000030000900041850000086154026000009885300000075060260000098853000000750606676283580000
00300104000010000200009300000086154026000009885300000075060260000098853000000750606676283580000
00300101000010000100004650000086154026000009885300000075060260000098853000000750606676283580000
00300108000030000300000000000086154026000009885300000075060260000098853000000750606676283580000
00300107100030000100000000000086154026000009885300000075060260000098853000000750606676283580000
00300107010030000100000000000086154026000009885300000075060260000098853000000750606676283580000
001001026000008615400406676283580260000098853000000750602600000988530000007506020290457400100010000
005001066762945000301001115152000000000025281401220400001000150000
001001026000008615400506676294560260000098853000000750602600000988530000007506020290457400100010000
0020020667629475003010011151520000000000252814012201000030000000046500000000046500000001000000010000008615402600000988530000007506026000009885300000075060063600106632261698500001460000
002011066762953000104079849091000000000009629775130400001009780004650004650004650000000000000000000100000001000000861540260000098853000000750602600000988530000007506000000000000000000000019300000000000000000000000006360010663226169850000146000000
0020020667629540003010011151520000000000252814012201000030000000046500000000046500000001000000010000008615402600000988530000007506026000009885300000075060063600106632261698500001460000
0020020667629546003010011151520000000000252814012201000030000000046500000000046500000001000000010000008615402600000988530000007506026000009885300000075060063600106632261698500001460000
0020020667630699003010011151520000000000252814012201000030000000046500000000046500000001000000010000008615402600000988530000007506026000009885300000075060063600106632261698500001460000
005001066763146700301001115152000000000025281401220400001000150000
00300101000030000400018600000086154026000009885300000075060260000098853000000750606676314700000
00300104000010000100004650000086154026000009885300000075060260000098853000000750606676314700000
001001026000008615400406676314700260000098853000000750602600000988530000007506020290457400100110000
005001066763296100301001115152000000000025281401220400001000150000
001001026000008615400506676329670260000098853000000750602600000988530000007506020290457400100110000
0020020667632992003010011151520000000000252814012201000030000000046500000000046500000001000000010000008615402600000988530000007506026000009885300000075060063600106632261698500001460000
0020020667633000003010011151520000000000252814012201000030000000046500000000046500000001000000010000008615402600000988530000007506026000009885300000075060063600106632261698500001460000
005001066763300501503001386258000000000000676919500614015000840000
00200306676330050150300138625800000000000067691950061301500916000465000000000000000000010000000100000086154026000009885300000075060260000098853000000750600000000000000000000006360010663226169850000146000000
0020020667633015015030013862580000000000006769195006140150091000046500000000000000000001000000010000008615402600000988530000007506026000009885300000075060063600106632261698500001460000
0020020667633028003010011151520000000000252814012201000030000000046500000000046500000001000000010000008615402600000988530000007506026000009885300000075060063600106632261698500001460000
0020020667633033003010011151520000000000252814012201000030000000046500000000046500000001000000010000008615402600000988530000007506026000009885300000075060063600106632261698500001460000
0020020667633038003010011151520000000000252814012201000030000000046500000000046500000001000000010000008615402600000988530000007506026000009885300000075060063600106632261698500001460000
005001066763304500104164325034000000000024317896400400001000150000
002011066763304600104164325034000000000024317896400400001027140004650004650004650000000000000000000100000001000000861540260000098853000000750602600000988530000007506000000000000000000000000000000000000000000000000006360010663226169850000146000000
002011066763305000104080163688000000000015293759270400001010130004650004650004650000000000000000000100000001000000861540260000098853000000750602600000988530000007506000000000000000000000019300000000000000000000000006360010663226169850000146000000
0020020667633058003010011151520000000000252814012201000030000000046500000000046500000001000000010000008615402600000988530000007506026000009885300000075060063600106632261698500001460000
005001066763306900304003456288000000000019627277080001003000150000
00200306676330700030400345628800000000001962727708080000303111000465000000000000000000010000000100000086154026000009885300000075060260000098853000000750600000000000000000000006360010663226169850000146000000
0020020667633082003010011151520000000000252814012201000030000000046500000000046500000001000000010000008615402600000988530000007506026000009885300000075060063600106632261698500001460000
0020020667633088003010011151520000000000252814012201000030000000046500000000046500000001000000010000008615402600000988530000007506026000009885300000075060063600106632261698500001460000
00200306676331510020400825781300000000001629592027080000207181000465000000000000000000010000000100000086154026000009885300000075060260000098853000000750600000000000000000000006360010663226169850000146000000
0020020667633202003010011151520000000000252814012201000030000000046500000000046500000001000000010000008615402600000988530000007506026000009885300000075060063600106632261698500001460000
005001066763320601503002817201000000000011349947380614015000840000
00200306676332070150300281720100000000001134994738061301500398000465000000000000000000010000000100000086154026000009885300000075060260000098853000000750600000000000000000000006360010663226169850000146000000
002011066763329400109054964841000000000017778617040100001006870004650004650003000003000008550000000100000001000000861540260000098853000000750602600000988530000007506100000000000000000000300000000000000000000000000006360010663226169850000146000000
0020020667633304003010011151520000000000252814012201000030000000046500000000046500000001000000010000008615402600000988530000007506026000009885300000075060063600106632261698500001460000
0020020667633308003010011151520000000000252814012201000030000000046500000000046500000001000000010000008615402600000988530000007506026000009885300000075060063600106632261698500001460000
0020020667633314003010011151520000000000252814012201000030000000046500000000046500000001000000010000008615402600000988530000007506026000009885300000075060063600106632261698500001460000
0020020667633320003010011151520000000000252814012201000030000000046500000000046500000001000000010000008615402600000988530000007506026000009885300000075060063600106632261698500001460000
0020020667633337003010011151520000000000252814012201000030000000046500000000046500000001000000010000008615402600000988530000007506026000009885300000075060063600106632261698500001460000
0020020667633504003010011151520000000000252814012201000030000000046500000000046500000001000000010000008615402600000988530000007506026000009885300000075060063600106632261698500001460000
005001066763378200104084759641000000000018602368721023001002300000
005001066763378500104084759641000000000018602368721023001002300000
002011066763378900104084759641000000000018602368720400001007400004650004650004650000000000000000000100000001000000861540260000098853000000750602600000988530000007506000000000000000000000000000000000000000000000000006360010663226169850000146000000
0020020667634313003010011151520000000000252814012201000030000000046500000000046500000001000000010000008615402600000988530000007506026000009885300000075060063600106632261698500001460000
005001066763564200301001115152000000000025281401220001003000150000
005001066763564600301001115152000000000025281401220400001000150000
005001066763564700301001115152000000000025281401221008003000150000
005001066763565100301001115152000000000025281401220400001000150000
00300101000030001600074400000086154026000009885300000075060260000098853000000750606676356550000
00300106130150000200000000000086154026000009885300000075060260000098853000000750606676356550000
00300106140150000100000000000086154026000009885300000075060260000098853000000750606676356550000
00300104000010000300013950000086154026000009885300000075060260000098853000000750606676356550000
00300108000030000100000000000086154026000009885300000075060260000098853000000750606676356550000
00300108000020000100000000000086154026000009885300000075060260000098853000000750606676356550000
00300101000010000100004650000086154026000009885300000075060260000098853000000750606676356550000
001001026000008615400406676356550260000098853000000750602600000988530000007506020290457400100010000
005001066763657300301001115152000000000025281401220400001000150000
001001026000008615400306676365780260000098853000000750602600000988530000007506020290457400100010000
005001066763658500301001115152000000000025281401220000000000150000
02000100106676365950030100111515200000000002528140122026000009885300000075060036501000008615402600000988530000007506026000009885300000075060000
0210010300070000086154026000009885300000075060260000098853000000750606676365950000
0210010400140000086154026000009885300000075060260000098853000000750606676365950000
0210010500020000086154026000009885300000075060260000098853000000750606676365950000
0210010800010000086154026000009885300000075060260000098853000000750606676365950000
0210011000020000086154026000009885300000075060260000098853000000750606676365950000
0210011100010000086154026000009885300000075060260000098853000000750606676365950000
0210011200010000086154026000009885300000075060260000098853000000750606676365950000
0210011800030000086154026000009885300000075060260000098853000000750606676365950000
0210012500050000086154026000009885300000075060260000098853000000750606676365950000
010001001026000009885300000075060000086154066763659500500000
001001026000008615400206676366010260000098853000000750600000000000000000000000020290457400100010000
001001026000008615400306676366030260000098853000000750600000000000000000000000020290457400100010000
001001026000008615400206676366070260000098853000000750600000000000000000000000020290457400100010000
001001026000008615400306676366090260000098853000000750600000000000000000000000020290457400100010000
005001066763661100301001115152000000000025281401221011003000150000
001001026000008615400206676366180260000098853000000750600000000000000000000000020290457400100010000
010001001026000009885300000075060000086154066763662700400000
005001066763663100301001115152000000000025281401221011003000150000
005001066763663400301001115152000000000025281401220000000000150000
005001066763663600000000000000000000000025281401220000000000150000
001001026000008615400106676366440000000098853000000000000000000000000000000000020290457400100010000
03400667622059000008615400005C06676220590667625791000008615404574I0000098853000009885301000000600046500000000100000001040000005000465000000001000000010710000010000000000000010000000108000000200000000000000100000001
03400667625799000008615400005C06676257990667628358000008615404574V000009885300000988530100000250004650000000010000000101000000100045010000000100000001040000002000300100000001000000010701000010000000000000010000000107100000100000000000000100000001080000005000000000000001000000010800000050000000000000010000000108000000500000000000000100000001080000005000000000000001000000010800000050000000000000010000000108000000500000000000000100000001080000005000000000000001000000010800000050000000000000010000000108000000500000000000000100000001080000005000000000000001000000010800000050000000000000010000000108000000500000000000000100000001
