1000020260000086218003063600108048651647430021500000
001001026000008621800206491187500000000105394000000000000000000000000000000000020340457900100100000
010001001026000010539400000092340000086218064911875700100000
0350010649118769871348630000022500000001010000
010001001026000010539400000092340000086218064911877100200000
001001026000008621800306491187780260000105394000000923402600001053940000009234020340457900100110000
001001026000008621800406491202760260000105394000000923402600001053940000009234020340457900100010000
001001026000008621800506491202810260000105394000000923402600001053940000009234020340457900100010000
002011064912079100104085389757000000000015713344720400001007180004300004300004300000000000000000000100000001000000862180260000105394000000923402600001053940000009234000000000000000000000000000000000000000000000000006360010804865164743002150000000
002011064912083900109124301321000000000010806505680100001014620004300004300004300000000000000000000100000001000000862180260000105394000000923402600001053940000009234000000000000000000000000000010000000000000000000406360010804865164743002150000000
0020020649120871003010011305930000000000087134863301000030000000043000000000043000000001000000010000008621802600001053940000009234026000010539400000092340063600108048651647430021500000
00200306491210040030400430805300000000002516984122080000303824000430000000000000000000010000000100000086218026000010539400000092340260000105394000000923400000000000000000000006360010804865164743002150000000
0020020649121044003010011305930000000000087134863301000030000000043000000000043000000001000000010000008621802600001053940000009234026000010539400000092340063600108048651647430021500000
0020020649121108003010011305930000000000087134863301000030000000043000000000043000000001000000010000008621802600001053940000009234026000010539400000092340063600108048651647430021500000
0020020649121113003010011305930000000000087134863301000030000000043000000000043000000001000000010000008621802600001053940000009234026000010539400000092340063600108048651647430021500000
0020020649121120003010011305930000000000087134863301000030000000043000000000043000000001000000010000008621802600001053940000009234026000010539400000092340063600108048651647430021500000
002011064912112800104088133311000000000018414774480400001000810004300004300004300000000000000000000100000001000000862180260000105394000000923402600001053940000009234000000000000000000000000000000000000000000000000006360010804865164743002150000000
002011064912114700104087326345000000000016593119440400001001930004300004300004300000000000000000000100000001000000862180260000105394000000923402600001053940000009234000000000000000000000000000000000000000000000000006360010804865164743002150000000
0020020649121152003010011305930000000000087134863301000030000000043000000000043000000001000000010000008621802600001053940000009234026000010539400000092340063600108048651647430021500000
0020020649121159003010011305930000000000087134863301000030000000043000000000043000000001000000010000008621802600001053940000009234026000010539400000092340063600108048651647430021500000
002011064912116400104164712542000000000023036421840400001009580004300004300004300000000000000000000100000001000000862180260000105394000000923402600001053940000009234000000000000000000000000000000000000000000000000006360010804865164743002150000000
0020020649121191003010011305930000000000087134863301000030000000043000000000043000000001000000010000008621802600001053940000009234026000010539400000092340063600108048651647430021500000
002011064912123500109127316354000000000001692931280100001010890004300004300004300000000000000000000100000001000000862180260000105394000000923402600001053940000009234000000000000000000000000000010000000000000000000206360010804865164743002150000000
002011064912124200104166167381000000000024471245520400001009160004300004300004300000000000000000000100000001000000862180260000105394000000923402600001053940000009234000000000000000000000000000000000000000000000000006360010804865164743002150000000
0020020649121246003010011305930000000000087134863301000030000000043000000000043000000001000000010000008621802600001053940000009234026000010539400000092340063600108048651647430021500000
002011064912128900117058281691000000000010663849450400001013410004300004300004300000000000000000000100000001000000862180260000105394000000923402600001053940000009234000000000000000000000000000000000000000000000000006360010804865164743002150000000
005001064912130300104165039231000000000024342595280400001000150000
005001064912130500104165039231000000000024342595280400001000150000
002011064912130600104165039231000000000024342595280400001022810004300004300004300000000000000000000100000001000000862180260000105394000000923402600001053940000009234000000000000000000000000000000000000000000000000006360010804865164743002150000000
0020020649121330003010011305930000000000087134863301000030000000043000000000043000000001000000010000008621802600001053940000009234026000010539400000092340063600108048651647430021500000
002011064912134000109081796499000000000004993987280100001008260004300004300004300000000000000000000100000001000000862180260000105394000000923402600001053940000009234000000000000000000000000000000000000000000000000006360010804865164743002150000000
0020020649121351003010011305930000000000087134863301000030000000043000000000043000000001000000010000008621802600001053940000009234026000010539400000092340063600108048651647430021500000
002011064912136700109064199828000000000010214715600100001012980004300004300004300000000000000000000100000001000000862180260000105394000000923402600001053940000009234000000000000000000000000000010000000000000000000106360010804865164743002150000000
002011064912138000117059199158000000000029630133020400001007380004300004300004300000000000000000000100000001000000862180260000105394000000923402600001053940000009234000000000000000000000000000000000000000000000000006360010804865164743002150000000
002011064912138900104163978565000000000022954896080400001012640004300004300002950000000000000000000100000001000000862180260000105394000000923402600001053940000009234000000000000000000000000000000000000000000000000006360010804865164743002150000000
002011064912138900104163978565000000000022954896080400001012640004300004300001350000000000000000000100000001000000862180260000105394000000923402600001053940000009234000000000000000000000000000000000000000000000000006360010804865164743002150000000
0020020649121455003010011305930000000000087134863301000030000000043000000000043000000001000000010000008621802600001053940000009234026000010539400000092340063600108048651647430021500000
002011064912155000104165733969000000000023107029200400001009280004300004300004300000000000000000000100000001000000862180260000105394000000923402600001053940000009234000000000000000000000000000000000000000000000000006360010804865164743002150000000
002011064912167100104084610085000000000016018156240400001006080004300004300004300000000000000000000100000001000000862180260000105394000000923402600001053940000009234000000000000000000000000000000000000000000000000006360010804865164743002150000000
002011064912167700104164099387000000000022743038160400001091280004300004300004300000000000000000000100000001000000862180260000105394000000923402600001053940000009234000000000000000000000000000000000000000000000000006360010804865164743002150000000
005001064912168000104165934522000000000023196808401023001002300000
002011064912168300104165934522000000000023196808400400001009630004300004300004300000000000000000000100000001000000862180260000105394000000923402600001053940000009234000000000000000000000000000000000000000000000000006360010804865164743002150000000
0020020649121694003010011305930000000000087134863301000030000000043000000000043000000001000000010000008621802600001053940000009234026000010539400000092340063600108048651647430021500000
002011064912170500109039511597000000000033237369040100001000090004300004300004300000000000000000000100000001000000862180260000105394000000923402600001053940000009234000000000000000000000000000000000000000000000000006360010804865164743002150000000
0020020649121717003010011305930000000000087134863301000030000000043000000000043000000001000000010000008621802600001053940000009234026000010539400000092340063600108048651647430021500000
002011064912172200104158733118000000000026055747280400001011500004300004300004300000000000000000000100000001000000862180260000105394000000923402600001053940000009234000000000000000000000000000000000000000000000000006360010804865164743002150000000
002011064912173000109055736141000000000000201239760100001001450004300004300004300000000000000000000100000001000000862180260000105394000000923402600001053940000009234000000000000000000000000000000000000000000000000006360010804865164743002150000000
002011064912178500104153340118000000000025084293840400001039870004300004300004300000000000000000000100000001000000862180260000105394000000923402600001053940000009234000000000000000000000000000000000000000000000000006360010804865164743002150000000
00200306491218930030400448569900000000001108998938080000300140000430000000000000000000010000000100000086218026000010539400000092340260000105394000000923400000000000000000000006360010804865164743002150000000
005001064912198200104161034713000000000027944505041023001002300000
002011064912198600104161034713000000000027944505040400001019990004300004300004300000000000000000000100000001000000862180260000105394000000923402600001053940000009234000000000000000000000000000000000000000000000000006360010804865164743002150000000
002011064912294100104152635361000000000027712561360400001060490004300004300004300000000000000000000100000001000000862180260000105394000000923402600001053940000009234000000000000000000000000000000000000000000000000006360010804865164743002150000000
00300104000010001700073100000086218026000010539400000092340260000105394000000923406491233900000
00300101000010000600025800000086218026000010539400000092340260000105394000000923406491233900000
00300101000030001400060200000086218026000010539400000092340260000105394000000923406491233900000
00300108000030000200000000000086218026000010539400000092340260000105394000000923406491233900000
001001026000008621800406491233900260000105394000000923402600001053940000009234020340457900100110000
001001026000008621800506491235780260000105394000000923402600001053940000009234020340457900100110000
005001064912358800000000000000000000000015706394320000000000150000
002011064912359100104085256757000000000015706394320400001005850004300004300004300000000000000000000100000001000000862180260000105394000000923402600001053940000009234000000000000000000000000000000000000000000000000006360010804865164743002150000000
005001064912359900104164108467000000000024291495120400001000800000
005001064912360100104164108467000000000024291495120400001000150000
005001064912360900104164108467000000000024291495120400001000150000
005001064912361000104164108467000000000024291495120400001000800000
005001064912361400104164108467000000000024291495121023001002300000
005001064912361700104164108467000000000024291495120400001000800000
005001064912362200104164108467000000000024291495120400001000800000
005001064912428900109058356216000000000004831534800100001000150000
002011064912429000109058356216000000000004831534800100001016200004300004300004300000000000000000000100000001000000862180260000105394000000923402600001053940000009234000000000000000000000000000000000000000000000000006360010804865164743002150000000
002011064912431000104152661761000000000027690855120400001020780004300004300004300000000000000000000100000001000000862180260000105394000000923402600001053940000009234000000000000000000000000000000000000000000000000006360010804865164743002150000000
002011064912491300109127560778000000000002384551120100001013830004300004300000000000000008550000000100000001000000862180260000105394000000923402600001053940000009234100000000000000000000300000010000000000000000000306360010804865164743002150000000
00300104000010000200008600000086218026000010539400000092340260000105394000000923406491252560000
00300101000010000200008600000086218026000010539400000092340260000105394000000923406491252560000
001001026000008621800406491252560260000105394000000923402600001053940000009234020340457900100010000
001001026000008621800506491252640260000105394000000923402600001053940000009234020340457900100010000
00200306491255610030400508482500000000000251892681080000301132000430000000000000000000010000000100000086218026000010539400000092340260000105394000000923400000000000000000000006360010804865164743002150000000
00200306491256460030400407851100000000000555909155080000303281000430000000000000000000010000000100000086218026000010539400000092340260000105394000000923400000000000000000000006360010804865164743002150000000
0020020649125700003010011305930000000000087134863301000030000000043000000000043000000001000000010000008621802600001053940000009234026000010539400000092340063600108048651647430021500000
0020020649125747003010011305930000000000087134863301000030000000043000000000043000000001000000010000008621802600001053940000009234026000010539400000092340063600108048651647430021500000
0020020649125751003010011305930000000000087134863301000030000000043000000000043000000001000000010000008621802600001053940000009234026000010539400000092340063600108048651647430021500000
0020020649125767003010011305930000000000087134863301000030000000043000000000043000000001000000010000008621802600001053940000009234026000010539400000092340063600108048651647430021500000
0020020649125841003010011305930000000000087134863301000030000000043000000000043000000001000000010000008621802600001053940000009234026000010539400000092340063600108048651647430021500000
0020020649125976003010011305930000000000087134863301000030000000043000000000043000000001000000010000008621802600001053940000009234026000010539400000092340063600108048651647430021500000
0020020649125988003010011305930000000000087134863301000030000000043000000000043000000001000000010000008621802600001053940000009234026000010539400000092340063600108048651647430021500000
002011064912599600117054977225000000000011911108550400001033110004300004300004300000000000000000000100000001000000862180260000105394000000923402600001053940000009234000000000000000000000000000000000000000000000000006360010804865164743002150000000
002011064912604300104085916994000000000015552190160400001002210004300004300004300000000000000000000100000001000000862180260000105394000000923402600001053940000009234000000000000000000000000000000000000000000000000006360010804865164743002150000000
0020020649126102003010011305930000000000087134863301000030000000043000000000043000000001000000010000008621802600001053940000009234026000010539400000092340063600108048651647430021500000
002011064912610900117060125766000000000001126203200400001008150004300004300004300000000000000000000100000001000000862180260000105394000000923402600001053940000009234000000000000000000000000000000000000000000000000006360010804865164743002150000000
002011064912613500109064414524000000000011630011600100001019870004300004300004300000000000000000000100000001000000862180260000105394000000923402600001053940000009234000000000000000000000000000010000000000000000000106360010804865164743002150000000
002011064912614500104084613131000000000016045927120400001007690004300004300004300000000000000000000100000001000000862180260000105394000000923402600001053940000009234000000000000000000000000000000000000000000000000006360010804865164743002150000000
002011064912618700109128032309000000000006481198800100001000650004300004300004300000000000000000000100000001000000862180260000105394000000923402600001053940000009234000000000000000000000000000000000000000000000000006360010804865164743002150000000
002011064912620200104152889833000000000024939003600400001019220004300004300004300000000000000000000100000001000000862180260000105394000000923402600001053940000009234000000000000000000000000000000000000000000000000006360010804865164743002150000000
00200306491262680030400494806100000000004083979611080000301919000430000000000000000000010000000100000086218026000010539400000092340260000105394000000923400000000000000000000006360010804865164743002150000000
002011064912639200117058306104000000000009643191650400001015690004300004300004300000000000000000000100000001000000862180260000105394000000923402600001053940000009234000000000000000000000000000000000000000000000000006360010804865164743002150000000
005001064912659900000000000000000000000010495877840000000000150000
005001064912660000109107661846000000000010495877840100001000150000
002011064912660900109107661846000000000010495877840100001001400004300004300004300000000000000000000100000001000000862180260000105394000000923402600001053940000009234000000000000000000000000000000000000000000000000006360010804865164743002150000000
002011064912672500109127036271000000000000980324560100001010530004300004300004300000000000000000000100000001000000862180260000105394000000923402600001053940000009234000000000000000000000000000000000000000000000000006360010804865164743002150000000
0020020649126923003010011305930000000000087134863301000030000000043000000000043000000001000000010000008621802600001053940000009234026000010539400000092340063600108048651647430021500000
0020020649126947003010011305930000000000087134863301000030000000043000000000043000000001000000010000008621802600001053940000009234026000010539400000092340063600108048651647430021500000
0020020649127707003010011305930000000000087134863301000030000000043000000000043000000001000000010000008621802600001053940000009234026000010539400000092340063600108048651647430021500000
00300108000030000300000000000086218026000010539400000092340260000105394000000923406491286050000
00300101000030001100047300000086218026000010539400000092340260000105394000000923406491286050000
00300104000010000600025800000086218026000010539400000092340260000105394000000923406491286050000
00300101000010000400017200000086218026000010539400000092340260000105394000000923406491286050000
001001026000008621800406491286050260000105394000000923402600001053940000009234020340457900100110000
001001026000008621800306491291770260000105394000000923402600001053940000009234020340457900100110000
02000100106491291940030100113059300000000000871348633026000010539400000092340022501000008621802600001053940000009234026000010539400000092340000
0210010300050000086218026000010539400000092340260000105394000000923406491291940000
0210010400510000086218026000010539400000092340260000105394000000923406491291940000
0210011800200000086218026000010539400000092340260000105394000000923406491291940000
0210012500020000086218026000010539400000092340260000105394000000923406491291940000
010001001026000010539400000092340000086218064912919500500000
001001026000008621800206491291980260000105394000000923400000000000000000000000020340457900100110000
010001001026000010539400000092340000086218064912920400400000
005001064912920800301001130593000000000008713486331023003000150000
001001026000008621800106491292100000000105394000000000000000000000000000000000020340457900100110000
03400649120281000008621800005C06491202810649123390000008621804579I000010539400001053940100000350004300000000010000000104000002200043000000000100000001040000001000135000000001000000010400000010002950000000010000000108000000500000000000000100000001
03400649123578000008621800005C06491235780649125256000008621804579V0000105394000010539401000000100043000000000100000001010000001000000100000001000000010400000020004300000000010000000104000000200043000000000100000001
