1000020260000086175003063600113589159277200025260000
0450010000000000000000000106674790440000
0450010000000002000000000106674803490000
001001026000008617500206675803840000000102985000000000000000000000000000000000020320457700100000000
010001001026000010298500000090430000086175066758039600100000
0350010667580411454591880000046700000001010000
010001001026000010298500000090430000086175066758041300200000
001001026000008617500306675804170260000102985000000904302600001029850000009043020320457700100040000
001001026000008617500406675815250260000102985000000904302600001029850000009043020320457700100040000
001001026000008617500506675815320260000102985000000904302600001029850000009043020320457700100040000
002011066758522500104157048373000000000024891513040400001002720005550005550005550000000000000000000100000001000000861750260000102985000000904302600001029850000009043000000000000000000000000000000000000000000000000006360011358915927720002526000000
002011066758535100109056252936000000000016403502800100001006060005550005550005550000000000000000000100000001000000861750260000102985000000904302600001029850000009043000000000000000000000000000000000000000000000000006360011358915927720002526000000
002011066758535500109056252936000000000016403502800100001006070005550005550005550000000000000000000100000001000000861750260000102985000000904302600001029850000009043000000000000000000000000000000000000000000000000006360011358915927720002526000000
0020020667585429003010011100960000000000045459188101000030000000055500000000055500000001000000010000008617502600001029850000009043026000010298500000090430063600113589159277200025260000
0020020667585439003010011100960000000000045459188101000030000000055500000000055500000001000000010000008617502600001029850000009043026000010298500000090430063600113589159277200025260000
0020020667585720003010011100960000000000045459188101000030000000055500000000055500000001000000010000008617502600001029850000009043026000010298500000090430063600113589159277200025260000
0020020667585919003010011100960000000000045459188101000030000000055500000000055500000001000000010000008617502600001029850000009043026000010298500000090430063600113589159277200025260000
0020020667586218003010011100960000000000045459188101000030000000055500000000055500000001000000010000008617502600001029850000009043026000010298500000090430063600113589159277200025260000
0020020667586222003010011100960000000000045459188101000030000000055500000000055500000001000000010000008617502600001029850000009043026000010298500000090430063600113589159277200025260000
0020020667600115003010011100960000000000045459188101000030000000055500000000055500000001000000010000008617502600001029850000009043026000010298500000090430063600113589159277200025260000
0020020667600131003010011100960000000000045459188101000030000000055500000000055500000001000000010000008617502600001029850000009043026000010298500000090430063600113589159277200025260000
0020020667600565003010011100960000000000045459188101000030000000055500000000055500000001000000010000008617502600001029850000009043026000010298500000090430063600113589159277200025260000
0020020667600884003010011100960000000000045459188101000030000000055500000000055500000001000000010000008617502600001029850000009043026000010298500000090430063600113589159277200025260000
00300104000010000100005550000086175026000010298500000090430260000102985000000904306676014670000
00300101000010000200011100000086175026000010298500000090430260000102985000000904306676014670000
00300101000030001000055500000086175026000010298500000090430260000102985000000904306676014670000
001001026000008617500406676014670260000102985000000904302600001029850000009043020320457700100140000
001001026000008617500506676014740260000102985000000904302600001029850000009043020320457700100140000
002011066760164900104089005384000000000030119189200400001002740005550005550005550000000000000000000100000001000000861750260000102985000000904302600001029850000009043000000000000000000000000000000000000000000000000006360011358915927720002526000000
0020020667601674003010011100960000000000045459188101000030000000055500000000055500000001000000010000008617502600001029850000009043026000010298500000090430063600113589159277200025260000
0020020667601702003010011100960000000000045459188101000030000000055500000000055500000001000000010000008617502600001029850000009043026000010298500000090430063600113589159277200025260000
00200306676017130020100479491700000000002671758794070000200168000555000000000000000000010000000100000086175026000010298500000090430260000102985000000904300000000000000000000006360011358915927720002526000000
005001066760172601503003111345000000000035716337020614015000840000
00200306676017260150300311134500000000003571633702061301500585000555000000000000000000010000000100000086175026000010298500000090430260000102985000000904300000000000000000000006360011358915927720002526000000
0020020667601736015030031113450000000000357163370206140150057900055500000000000000000001000000010000008617502600001029850000009043026000010298500000090430063600113589159277200025260000
0020020667601746003010011100960000000000045459188101000030000000055500000000055500000001000000010000008617502600001029850000009043026000010298500000090430063600113589159277200025260000
002011066760175200104164949399000000000022973991120400001009590005550005550002250002250008550000000100000001000000861750260000102985000000904302600001029850000009043100000000000000000000300000000000000000000000000006360011358915927720002526000000
0020020667601907003010011100960000000000045459188101000030000000055500000000055500000001000000010000008617502600001029850000009043026000010298500000090430063600113589159277200025260000
002011066760194400104163190127000000000018710615760400001014980005550005550005550000000000000000000100000001000000861750260000102985000000904302600001029850000009043000000000000000000000000000000000000000000000000006360011358915927720002526000000
002011066760195000104164424768000000000024357450960400001008210005550005550005550000000000000000000100000001000000861750260000102985000000904302600001029850000009043000000000000000000000000000000000000000000000000006360011358915927720002526000000
002011066760201700104152089233000000000025774669520400001001050005550005550005550000000000000000000100000001000000861750260000102985000000904302600001029850000009043000000000000000000000000000000000000000000000000006360011358915927720002526000000
002011066760212900104088799107000000000028123592400400001002620005550005550005550000000000000000000100000001000000861750260000102985000000904302600001029850000009043000000000000000000000000000000000000000000000000006360011358915927720002526000000
0020020667602146003010011100960000000000045459188101000030000000055500000000055500000001000000010000008617502600001029850000009043026000010298500000090430063600113589159277200025260000
005001066760288100301001138594000000000008737265370400001000150000
005001066760288400301001138594000000000008737265370400001000150000
00200306676028850030100113859400000000000873726537070000301127000555000000000000000000010000000100000086175026000010298500000090430260000102985000000904300000000000000000000006360011358915927720002526000000
00300104000010000600033300000086175026000010298500000090430260000102985000000904306676035840000
00300101000030000500027750000086175026000010298500000090430260000102985000000904306676035840000
00300107000020000100000000000086175026000010298500000090430260000102985000000904306676035840000
00300106130150000100000000000086175026000010298500000090430260000102985000000904306676035840000
00300106140150000100000000000086175026000010298500000090430260000102985000000904306676035840000
00300107000030000100000000000086175026000010298500000090430260000102985000000904306676035840000
001001026000008617500406676035840260000102985000000904302600001029850000009043020320457700100040000
001001026000008617500506676035920260000102985000000904302600001029850000009043020320457700100040000
005001066760419600301001114547000000000015747286580400001000150000
005001066760419900301001114547000000000015747286580400001000150000
00200306676042000030100111454700000000001574728658070000301571000555000000000000000000010000000100000086175026000010298500000090430260000102985000000904300000000000000000000006360011358915927720002526000000
005001066760420800301001121152000000000008723346970400001000150000
005001066760421200301001121152000000000008723346970400001000150000
00200306676042130030100112115200000000000872334697070000301420000555000000000000000000010000000100000086175026000010298500000090430260000102985000000904300000000000000000000006360011358915927720002526000000
0020020667604260003010011100960000000000045459188101000030000000055500000000055500000001000000010000008617502600001029850000009043026000010298500000090430063600113589159277200025260000
0020020667604263003010011100960000000000045459188101000030000000055500000000055500000001000000010000008617502600001029850000009043026000010298500000090430063600113589159277200025260000
005001066760427000305000443531000000000027354067930710003001360000
002011066760427100305000443531000000000027354067930400001004650005550005550005550000000000000000000100000001000000861750260000102985000000904302600001029850000009043000000000000000000000019300000000000000000000000006360011358915927720002526000000
0020020667604810003010011100960000000000045459188101000030000000055500000000055500000001000000010000008617502600001029850000009043026000010298500000090430063600113589159277200025260000
00200306676052010030400502041100000000003533068982080000300725000555000000000000000000010000000100000086175026000010298500000090430260000102985000000904300000000000000000000006360011358915927720002526000000
0020020667606526003010011100960000000000045459188101000030000000055500000000055500000001000000010000008617502600001029850000009043026000010298500000090430063600113589159277200025260000
0020020667606556003010011100960000000000045459188101000030000000055500000000055500000001000000010000008617502600001029850000009043026000010298500000090430063600113589159277200025260000
002011066760656600104166524042000000000023371889360400001033220005550005550004500004500008550000000100000001000000861750260000102985000000904302600001029850000009043100000000000000000000300000000000000000000000000006360011358915927720002526000000
00600106676065730000000000274248122410230011200000000030000
002011066760657300104157678334000000000027424812240400001000080005550005550005550000000000000000000100000001000000861750260000102985000000904302600001029850000009043000000000000000000000000000000000000000000000000006360011358915927720002526000000
0020020667606586003010011100960000000000045459188101000030000000055500000000055500000001000000010000008617502600001029850000009043026000010298500000090430063600113589159277200025260000
0020020667606632003010011100960000000000045459188101000030000000055500000000055500000001000000010000008617502600001029850000009043026000010298500000090430063600113589159277200025260000
002011066760689800104088887741000000000027156493520400001002950005550005550005550000000000000000000100000001000000861750260000102985000000904302600001029850000009043000000000000000000000000000000000000000000000000006360011358915927720002526000000
002011066760726700104152255011000000000025276191440400001019340005550005550005550000000000000000000100000001000000861750260000102985000000904302600001029850000009043000000000000000000000000000000000000000000000000006360011358915927720002526000000
005001066761042300301000723566000000000015568173230400001000150000
005001066761042600301000723566000000000015568173230400001000150000
00200306676104270030100072356600000000001556817323070000307473000555000000000000000000010000000100000086175026000010298500000090430260000102985000000904300000000000000000000006360011358915927720002526000000
0020020667611486003010011100960000000000045459188101000030000000055500000000055500000001000000010000008617502600001029850000009043026000010298500000090430063600113589159277200025260000
002011066761257900104165070935000000000024378993360400001051560005550005550004500004500008550000000100000001000000861750260000102985000000904302600001029850000009043100000000000000000000300000000000000000000000000006360011358915927720002526000000
005001066761277200301001105831000000000015735028820400001000150000
005001066761277600301001105831000000000015735028820400001000150000
00200306676127770030100110583100000000001573502882070000301004000555000000000000000000010000000100000086175026000010298500000090430260000102985000000904300000000000000000000006360011358915927720002526000000
00200306676137790030100111048700000000000454514505070100300915000555000000000000000000010000000100000086175026000010298500000090430260000102985000000904300000000000000000000006360011358915927720002526000000
0020020667614189003010011100960000000000045459188101000030000000055500000000055500000001000000010000008617502600001029850000009043026000010298500000090430063600113589159277200025260000
005001066761471800301001141481000000000002529178330400001000150000
005001066761471800301001141481000000000002529178331011003000150000
005001066761471900301001141481000000000002529178330400001000150000
005001066761472300301001141481000000000002529178330400001000150000
00200306676147240030100114148100000000000252917833070000301000000555000000000000000000010000000100000086175026000010298500000090430260000102985000000904300000000000000000000006360011358915927720002526000000
0020020667614737003010011100960000000000045459188101000030000000055500000000055500000001000000010000008617502600001029850000009043026000010298500000090430063600113589159277200025260000
005001066761474300301001118186000000000015745652180400001000150000
005001066761474700301001118186000000000015745652180400001000150000
00200306676147480030100111818600000000001574565218070000301620000555000000000000000000010000000100000086175026000010298500000090430260000102985000000904300000000000000000000006360011358915927720002526000000
005001066761475800301001129595000000000008714497530400001000150000
005001066761476100301001129595000000000008714497530400001000150000
00200306676147620030100112959500000000000871449753070000300501000555000000000000000000010000000100000086175026000010298500000090430260000102985000000904300000000000000000000006360011358915927720002526000000
005001066761553400301001143921000000000002533674650400001000150000
005001066761553700301001143921000000000002533674650400001000150000
00200306676155390030100114392100000000000253367465070000300901000555000000000000000000010000000100000086175026000010298500000090430260000102985000000904300000000000000000000006360011358915927720002526000000
002011066761601800104163073333000000000017681872080400001017740005550005550005550000000000000000000100000001000000861750260000102985000000904302600001029850000009043000000000000000000000000000000000000000000000000006360011358915927720002526000000
0020020667616093003010011100960000000000045459188101000030000000055500000000055500000001000000010000008617502600001029850000009043026000010298500000090430063600113589159277200025260000
002011066761615700104153048654000000000024874355920400001026390005550005550005550000000000000000000100000001000000861750260000102985000000904302600001029850000009043000000000000000000000000000000000000000000000000006360011358915927720002526000000
002011066761659500109107673755000000000013134940880100001000800005550005550005550000000000000000000100000001000000861750260000102985000000904302600001029850000009043000000000000000000000000000000000000000000000000006360011358915927720002526000000
0020020667616609003010011100960000000000045459188101000030000000055500000000055500000001000000010000008617502600001029850000009043026000010298500000090430063600113589159277200025260000
00200306676168900030100086373200000000000333480300070100302408000555000000000000000000010000000100000086175026000010298500000090430260000102985000000904300000000000000000000006360011358915927720002526000000
00200306676169010030400409654400000000000572531843080000303300000555000000000000000000010000000100000086175026000010298500000090430260000102985000000904300000000000000000000006360011358915927720002526000000
002011066761878900104163978255000000000023292874960400001027070005550005550004250004250008550000000100000001000000861750260000102985000000904302600001029850000009043100000000000000000000300000000000000000000000000006360011358915927720002526000000
0020020667618802003010011100960000000000045459188101000030000000055500000000055500000001000000010000008617502600001029850000009043026000010298500000090430063600113589159277200025260000
002011066761880900104161816241000000000028423447760400001020500005550005550005550000000000000000000100000001000000861750260000102985000000904302600001029850000009043000000000000000000000019000000000000000000000000006360011358915927720002526000000
002011066761915700104165400081000000000023017523920400001053590005550005550005550000000000000000000100000001000000861750260000102985000000904302600001029850000009043000000000000000000000000000000000000000000000000006360011358915927720002526000000
005001066762007600104165283068000000000023245520080400001000150000
002011066762007800104165283068000000000023245520080400001126990005550005550001050001050008550000000100000001000000861750260000102985000000904302600001029850000009043100000000000000000000300000000000000000000000000006360011358915927720002526000000
00200306676200880030400505965100000000000252348569080000300886000555000000000000000000010000000100000086175026000010298500000090430260000102985000000904300000000000000000000006360011358915927720002526000000
0020020667620096003010011100960000000000045459188101000030000000055500000000055500000001000000010000008617502600001029850000009043026000010298500000090430063600113589159277200025260000
00200306676201860030400357594500000000003890939466080000306568000555000000000000000000010000000100000086175026000010298500000090430260000102985000000904300000000000000000000006360011358915927720002526000000
002011066762024400117058083717000000000007541274970400001019180005550005550005550000000000000000000100000001000000861750260000102985000000904302600001029850000009043000000000000000000000000000000000000000000000000006360011358915927720002526000000
0020020667620369003010011100960000000000045459188101000030000000055500000000055500000001000000010000008617502600001029850000009043026000010298500000090430063600113589159277200025260000
00200306676203740150300263094200000000001109630874061201501292000555000000000000000000010000000100000086175026000010298500000090430260000102985000000904300000000000000000000006360011358915927720002526000000
002011066762055900104151426287000000000025764634320400001006400005550005550005550000000000000000000100000001000000861750260000102985000000904302600001029850000009043000000000000000000000000000000000000000000000000006360011358915927720002526000000
002011066762077900104157509087000000000027526410960400001020700005550005550005550000000000000000000100000001000000861750260000102985000000904302600001029850000009043000000000000000000000000000000000000000000000000006360011358915927720002526000000
002011066762078500104089728467000000000033308680400400001002910005550005550005550000000000000000000100000001000000861750260000102985000000904302600001029850000009043000000000000000000000000000000000000000000000000006360011358915927720002526000000
0020020667620790003010011100960000000000045459188101000030000000055500000000055500000001000000010000008617502600001029850000009043026000010298500000090430063600113589159277200025260000
0020020667620798003010011100960000000000045459188101000030000000055500000000055500000001000000010000008617502600001029850000009043026000010298500000090430063600113589159277200025260000
002011066762085700117059372984000000000006532467370400001012930005550005550005550000000000000000000100000001000000861750260000102985000000904302600001029850000009043000000000000000000000000000000000000000000000000006360011358915927720002526000000
005001066762091600104086228021000000000019184558801023001002300000
002011066762091800104086228021000000000019184558800400001010420005550005550005550000000000000000000100000001000000861750260000102985000000904302600001029850000009043000000000000000000000000000000000000000000000000006360011358915927720002526000000
00200306676210270030400525109800000000001063171794080000300151000555000000000000000000010000000100000086175026000010298500000090430260000102985000000904300000000000000000000006360011358915927720002526000000
00200306676210370030400476410500000000001546051394080000301356000555000000000000000000010000000100000086175026000010298500000090430260000102985000000904300000000000000000000006360011358915927720002526000000
00200306676210570030100110879200000000000454280809070100301532000555000000000000000000010000000100000086175026000010298500000090430260000102985000000904300000000000000000000006360011358915927720002526000000
00300107000030000800000000000086175026000010298500000090430260000102985000000904306676237960000
00300101000030001700094350000086175026000010298500000090430260000102985000000904306676237960000
00300104000010001800099900000086175026000010298500000090430260000102985000000904306676237960000
00300108000030000600000000000086175026000010298500000090430260000102985000000904306676237960000
00300107010030000300000000000086175026000010298500000090430260000102985000000904306676237960000
00300101000010000100005550000086175026000010298500000090430260000102985000000904306676237960000
00300106120150000100000000000086175026000010298500000090430260000102985000000904306676237960000
001001026000008617500406676237960260000102985000000904302600001029850000009043020320457700100140000
001001026000008617500506676238040260000102985000000904302600001029850000009043020320457700100140000
001001026000008617500406676238090260000102985000000904302600001029850000009043020320457700100040000
001001026000008617500306676238140260000102985000000904302600001029850000009043020320457700100040000
02000100106676238250030100111009600000000000454591881026000010298500000090430046701000008617502600001029850000009043026000010298500000090430000
0210010300060000086175026000010298500000090430260000102985000000904306676238250000
0210010400380000086175026000010298500000090430260000102985000000904306676238250000
0210010800130000086175026000010298500000090430260000102985000000904306676238250000
0210010900010000086175026000010298500000090430260000102985000000904306676238250000
0210011000010000086175026000010298500000090430260000102985000000904306676238250000
0210011100010000086175026000010298500000090430260000102985000000904306676238250000
0210011800040000086175026000010298500000090430260000102985000000904306676238250000
0210012500130000086175026000010298500000090430260000102985000000904306676238250000
010001001026000010298500000090430000086175066762382500500000
001001026000008617500206676238280260000102985000000904300000000000000000000000020320457700100040000
010001001026000010298500000090430000086175066762383600400000
001001026000008617500106676238420000000102985000000000000000000000000000000000020320457700100040000
03400667581532000008617500005C06675815320667601467000008617504577I000010298500001029850100000300005550000000010000000104000001500055500000000100000001
03400667601474000008617500005C06676014740667603584000008617504577V00001029850000102985010000005000555000000001000000010400000050005550000000010000000104000000100022510000000100000001061300001000000000000001000000010614000010000000000000010000000107000000200000000000000100000001070000002000000000000001000000010700000020000000000000010000000107000000200000000000000100000001070000002000000000000001000000010700000020000000000000010000000107000000200000000000000100000001070000002000000000000001000000010700000020000000000000010000000107000000200000000000000100000001
