1000020260000086052003025243604634338614100042510000
001001026000008605200206676534340000000104090000000000000000000000000000000000000000000000000000000
010001001026000010409000000090470000086052066765344100100000
0350010667653452157413880000042000000001010000
010001001026000010409000000090470000086052066765345500200000
001001026000008605200306676534590260000104090000000904702600001040900000009047000000000000000020000
001001026000008605200406676534670260000104090000000904702600001040900000009047020290457400100020000
005001066765346800301001118071000000000015741388020400001000150000
001001026000008605200506676534740260000104090000000904702600001040900000009047020290457400100020000
005001066765347700301001093256000000000011404101300400001000150000
005001066765348000301001093256000000000011404101300400001000150000
00200306676534820030100109325600000000001140410130070000301232000465000000000000000000010000000100000086052026000010409000000090470260000104090000000904700000000000000000000002524360463433861410004251000000
0020020667653494003010011180710000000000157413880201000030000000046500000000046500000001000000010000008605202600001040900000009047026000010409000000090470025243604634338614100042510000
0020020667653701003010011180710000000000157413880201000030000000046500000000046500000001000000010000008605202600001040900000009047026000010409000000090470025243604634338614100042510000
0020020667653811003010011180710000000000157413880201000030000000046500000000046500000001000000010000008605202600001040900000009047026000010409000000090470025243604634338614100042510000
00200306676540530030400484417600000000001545958978080000300919000465000000000000000000010000000100000086052026000010409000000090470260000104090000000904700000000000000000000002524360463433861410004251000000
0020020667654352003010011180710000000000157413880201000030000000046500000000046500000001000000010000008605202600001040900000009047026000010409000000090470025243604634338614100042510000
002011066765436800104088354334000000000027152228560400001004140004650004650004650000000000000000000100000001000000860520260000104090000000904702600001040900000009047000000000000000000000000000000000000000000000000002524360463433861410004251000000
00200306676548570030400436792100000000002517045946080000302474000465000000000000000000010000000100000086052026000010409000000090470260000104090000000904700000000000000000000002524360463433861410004251000000
00200306676549820030400529237100000000000252795817080000300476000465000000000000000000010000000100000086052026000010409000000090470260000104090000000904700000000000000000000002524360463433861410004251000000
0020020667655139003010011180710000000000157413880201000030000000046500000000046500000001000000010000008605202600001040900000009047026000010409000000090470025243604634338614100042510000
005001066765684500301001118071000000000015741388020400001000150000
00300107000030000100000000000086052026000010409000000090470260000104090000000904706676568490000
00300101000030000500023250000086052026000010409000000090470260000104090000000904706676568490000
00300108000030000300000000000086052026000010409000000090470260000104090000000904706676568490000
00300104000010000100004650000086052026000010409000000090470260000104090000000904706676568490000
001001026000008605200406676568490260000104090000000904702600001040900000009047020290457400100120000
005001066765685000301001118071000000000015741388020400001000150000
001001026000008605200506676568560260000104090000000904702600001040900000009047020290457400100120000
0020020667656906003010011180710000000000157413880201000030000000046500000000046500000001000000010000008605202600001040900000009047026000010409000000090470025243604634338614100042510000
0020020667656922003010011180710000000000157413880201000030000000046500000000046500000001000000010000008605202600001040900000009047026000010409000000090470025243604634338614100042510000
0020020667656934003010011180710000000000157413880201000030000000046500000000046500000001000000010000008605202600001040900000009047026000010409000000090470025243604634338614100042510000
0020020667656940003010011180710000000000157413880201000030000000046500000000046500000001000000010000008605202600001040900000009047026000010409000000090470025243604634338614100042510000
002011066765694700109055993363000000000004986658000100001000240004650004650004600004600008550000000100000001000000860520260000104090000000904702600001040900000009047100000000000000000000300000000000000000000000000002524360463433861410004251000000
00200306676569530030400476363100000000001545873650080000301423000465000000000000000000010000000100000086052026000010409000000090470260000104090000000904700000000000000000000002524360463433861410004251000000
0020020667656968003010011180710000000000157413880201000030000000046500000000046500000001000000010000008605202600001040900000009047026000010409000000090470025243604634338614100042510000
0020020667656982003010011180710000000000157413880201000030000000046500000000046500000001000000010000008605202600001040900000009047026000010409000000090470025243604634338614100042510000
0020020667656990003010011180710000000000157413880201000030000000046500000000046500000001000000010000008605202600001040900000009047026000010409000000090470025243604634338614100042510000
002011066765701900109106015649000000000013351186640100001000690004650004650004650000000000000000000100000001000000860520260000104090000000904702600001040900000009047000000000000000000000000000000000000000000000000002524360463433861410004251000000
00200306676571380030400457917100000000003411351636080000301932000465000000000000000000010000000100000086052026000010409000000090470260000104090000000904700000000000000000000002524360463433861410004251000000
00200306676571490030400319634100000000002138124028080000301846000465000000000000000000010000000100000086052026000010409000000090470260000104090000000904700000000000000000000002524360463433861410004251000000
0020020667657173003010011180710000000000157413880201000030000000046500000000046500000001000000010000008605202600001040900000009047026000010409000000090470025243604634338614100042510000
0020020667657178003010011180710000000000157413880201000030000000046500000000046500000001000000010000008605202600001040900000009047026000010409000000090470025243604634338614100042510000
0020020667657283003010011180710000000000157413880201000030000000046500000000046500000001000000010000008605202600001040900000009047026000010409000000090470025243604634338614100042510000
005001066766061000301001118071000000000015741388020400001000150000
00300101000030001000046500000086052026000010409000000090470260000104090000000904706676606140000
00300101000010000200009300000086052026000010409000000090470260000104090000000904706676606140000
00300108000030000300000000000086052026000010409000000090470260000104090000000904706676606140000
001001026000008605200406676606140260000104090000000904702600001040900000009047020290457400100020000
005001066766061500301001118071000000000015741388020400001000150000
001001026000008605200506676606210260000104090000000904702600001040900000009047020290457400100020000
0020020667660632003010011180710000000000157413880201000030000000046500000000046500000001000000010000008605202600001040900000009047026000010409000000090470025243604634338614100042510000
0020020667660638003010011180710000000000157413880201000030000000046500000000046500000001000000010000008605202600001040900000009047026000010409000000090470025243604634338614100042510000
0020020667660644003010011180710000000000157413880201000030000000046500000000046500000001000000010000008605202600001040900000009047026000010409000000090470025243604634338614100042510000
0020020667660657003010011180710000000000157413880201000030000000046500000000046500000001000000010000008605202600001040900000009047026000010409000000090470025243604634338614100042510000
0020020667660733003010011180710000000000157413880201000030000000046500000000046500000001000000010000008605202600001040900000009047026000010409000000090470025243604634338614100042510000
00200306676608380030400373849600000000002049895916080000314813000465000000000000000000010000000100000086052026000010409000000090470260000104090000000904700000000000000000000002524360463433861410004251000000
0020020667660886003010011180710000000000157413880201000030000000046500000000046500000001000000010000008605202600001040900000009047026000010409000000090470025243604634338614100042510000
0020020667661087003010011180710000000000157413880201000030000000046500000000046500000001000000010000008605202600001040900000009047026000010409000000090470025243604634338614100042510000
0020020667661103003010011180710000000000157413880201000030000000046500000000046500000001000000010000008605202600001040900000009047026000010409000000090470025243604634338614100042510000
0020020667661324003010011180710000000000157413880201000030000000046500000000046500000001000000010000008605202600001040900000009047026000010409000000090470025243604634338614100042510000
0020020667661457003010011180710000000000157413880201000030000000046500000000046500000001000000010000008605202600001040900000009047026000010409000000090470025243604634338614100042510000
0020020667661469003010011180710000000000157413880201000030000000046500000000046500000001000000010000008605202600001040900000009047026000010409000000090470025243604634338614100042510000
005001066766159900305000294439000000000013343705180710003001360000
002011066766159900305000294439000000000013343705180400001010650004650004650004650000000000000000000100000001000000860520260000104090000000904702600001040900000009047000000000000000000000000000000000000000000000000002524360463433861410004251000000
002011066766171900119001102921000000000012974064780400001072230004650004650004650000000000000000000100000001000000860520260000104090000000904702600001040900000009047000000000000000000000000000000000000000000000000002524360463433861410004251000000
0020020667661779003010011180710000000000157413880201000030000000046500000000046500000001000000010000008605202600001040900000009047026000010409000000090470025243604634338614100042510000
0020020667661784003010011180710000000000157413880201000030000000046500000000046500000001000000010000008605202600001040900000009047026000010409000000090470025243604634338614100042510000
00200306676617910030400526571400000000001548031922080000300130000465000000000000000000010000000100000086052026000010409000000090470260000104090000000904700000000000000000000002524360463433861410004251000000
0020020667661800003010011180710000000000157413880201000030000000046500000000046500000001000000010000008605202600001040900000009047026000010409000000090470025243604634338614100042510000
0020020667661807003010011180710000000000157413880201000030000000046500000000046500000001000000010000008605202600001040900000009047026000010409000000090470025243604634338614100042510000
0020020667661810003010011180710000000000157413880201000030000000046500000000046500000001000000010000008605202600001040900000009047026000010409000000090470025243604634338614100042510000
0020020667661821003010011180710000000000157413880201000030000000046500000000046500000001000000010000008605202600001040900000009047026000010409000000090470025243604634338614100042510000
005001066766182600301001161537000000000026723448260400001000150000
005001066766182900301001161537000000000026723448260400001000150000
00200306676618310030100116153700000000002672344826070000300363000465000000000000000000010000000100000086052026000010409000000090470260000104090000000904700000000000000000000002524360463433861410004251000000
0020020667661949003010011180710000000000157413880201000030000000046500000000046500000001000000010000008605202600001040900000009047026000010409000000090470025243604634338614100042510000
00200306676619540030400492987200000000000456465289080000300433000465000000000000000000010000000100000086052026000010409000000090470260000104090000000904700000000000000000000002524360463433861410004251000000
00200306676619660030400415673300000000002659771987080000302330000465000000000000000000010000000100000086052026000010409000000090470260000104090000000904700000000000000000000002524360463433861410004251000000
0020020667662009003010011180710000000000157413880201000030000000046500000000046500000001000000010000008605202600001040900000009047026000010409000000090470025243604634338614100042510000
0020020667662082003010011180710000000000157413880201000030000000046500000000046500000001000000010000008605202600001040900000009047026000010409000000090470025243604634338614100042510000
0020020667662111003010011180710000000000157413880201000030000000046500000000046500000001000000010000008605202600001040900000009047026000010409000000090470025243604634338614100042510000
0020020667662480003010011180710000000000157413880201000030000000046500000000046500000001000000010000008605202600001040900000009047026000010409000000090470025243604634338614100042510000
0020020667662486003010011180710000000000157413880201000030000000046500000000046500000001000000010000008605202600001040900000009047026000010409000000090470025243604634338614100042510000
0020020667662494003010011180710000000000157413880201000030000000046500000000046500000001000000010000008605202600001040900000009047026000010409000000090470025243604634338614100042510000
0020020667662497003010011180710000000000157413880201000030000000046500000000046500000001000000010000008605202600001040900000009047026000010409000000090470025243604634338614100042510000
005001066766419500301001118071000000000015741388020400001000150000
00300101000030002500116250000086052026000010409000000090470260000104090000000904706676641990000
00300108000030000400000000000086052026000010409000000090470260000104090000000904706676641990000
00300104000010000200009300000086052026000010409000000090470260000104090000000904706676641990000
00300107000030000100000000000086052026000010409000000090470260000104090000000904706676641990000
001001026000008605200406676641990260000104090000000904702600001040900000009047020290457400100120000
005001066766420000301001118071000000000015741388020400001000150000
001001026000008605200306676642040260000104090000000904702600001040900000009047020290457400100120000
001001026000008605200406676642120260000104090000000904702600001040900000009047020290457400100120000
005001066766421300301001118071000000000015741388020400001000150000
001001026000008605200506676642190260000104090000000904702600001040900000009047020290457400100120000
00200306676642300030400275851500000000002423494602080000303814000465000000000000000000010000000100000086052026000010409000000090470260000104090000000904700000000000000000000002524360463433861410004251000000
002011066766424000104087928396000000000016006777040400001001280004650004650004650000000000000000000100000001000000860520260000104090000000904702600001040900000009047000000000000000000000000000000000000000000000000002524360463433861410004251000000
0020020667664259003010011180710000000000157413880201000030000000046500000000046500000001000000010000008605202600001040900000009047026000010409000000090470025243604634338614100042510000
0020020667664269003010011180710000000000157413880201000030000000046500000000046500000001000000010000008605202600001040900000009047026000010409000000090470025243604634338614100042510000
0020020667664282003010011180710000000000157413880201000030000000046500000000046500000001000000010000008605202600001040900000009047026000010409000000090470025243604634338614100042510000
0020020667664389003010011180710000000000157413880201000030000000046500000000046500000001000000010000008605202600001040900000009047026000010409000000090470025243604634338614100042510000
0020020667664393003010011180710000000000157413880201000030000000046500000000046500000001000000010000008605202600001040900000009047026000010409000000090470025243604634338614100042510000
005001066766450300301001140394000000000002525921210400001000150000
0020020667664507003010011180710000000000157413880201000030000000046500000000046500000001000000010000008605202600001040900000009047026000010409000000090470025243604634338614100042510000
005001066766451400301001140394000000000002525921210400001000150000
005001066766451700301001140394000000000002525921210400001000150000
00200306676645190030100114039400000000000252592121070000301081000465000000000000000000010000000100000086052026000010409000000090470260000104090000000904700000000000000000000002524360463433861410004251000000
00200306676645330030400478713100000000001548137058080000301122000465000000000000000000010000000100000086052026000010409000000090470260000104090000000904700000000000000000000002524360463433861410004251000000
002011066766461700109081262061000000000006762716880100001011370004650004650004650000000000000000000100000001000000860520260000104090000000904702600001040900000009047000000000000000000000000000010000000000000000000102524360463433861410004251000000
00200306676650300030400480425500000000001545983298080000303366000465000000000000000000010000000100000086052026000010409000000090470260000104090000000904700000000000000000000002524360463433861410004251000000
00200306676652830030400521929100000000001546015282080000300276000465000000000000000000010000000100000086052026000010409000000090470260000104090000000904700000000000000000000002524360463433861410004251000000
002011066766540200104151964157000000000024596754640400001000810004650004650004650000000000000000000100000001000000860520260000104090000000904702600001040900000009047000000000000000000000000000000000000000000000000002524360463433861410004251000000
005001066766676400301001118071000000000015741388020400001000150000
00300108000030000400000000000086052026000010409000000090470260000104090000000904706676667680000
00300104000010000200009300000086052026000010409000000090470260000104090000000904706676667680000
00300101000030000600027900000086052026000010409000000090470260000104090000000904706676667680000
00300107000030000100000000000086052026000010409000000090470260000104090000000904706676667680000
00300101000010000100004650000086052026000010409000000090470260000104090000000904706676667680000
001001026000008605200406676667680260000104090000000904702600001040900000009047020290457400100020000
005001066766834400301001118071000000000015741388020400001000150000
001001026000008605200506676683500260000104090000000904702600001040900000009047020290457400100020000
0020020667668370003010011180710000000000157413880201000030000000046500000000046500000001000000010000008605202600001040900000009047026000010409000000090470025243604634338614100042510000
0020020667668386003010011180710000000000157413880201000030000000046500000000046500000001000000010000008605202600001040900000009047026000010409000000090470025243604634338614100042510000
0020020667668416003010011180710000000000157413880201000030000000046500000000046500000001000000010000008605202600001040900000009047026000010409000000090470025243604634338614100042510000
002011066766842500104151460779000000000025352766160400001000780004650004650004650000000000000000000100000001000000860520260000104090000000904702600001040900000009047000000000000000000000000000000000000000000000000002524360463433861410004251000000
002011066766847200109073370313000000000024627075280100001005350004650004650004650000000000000000000100000001000000860520260000104090000000904702600001040900000009047000000000000000000000000000000000000000000000000002524360463433861410004251000000
0020020667668500003010011180710000000000157413880201000030000000046500000000046500000001000000010000008605202600001040900000009047026000010409000000090470025243604634338614100042510000
002011066766858100104088556999000000000028385316560400001002530004650004650004650000000000000000000100000001000000860520260000104090000000904702600001040900000009047000000000000000000000000000000000000000000000000002524360463433861410004251000000
0020020667668623003010011180710000000000157413880201000030000000046500000000046500000001000000010000008605202600001040900000009047026000010409000000090470025243604634338614100042510000
0020020667668628003010011180710000000000157413880201000030000000046500000000046500000001000000010000008605202600001040900000009047026000010409000000090470025243604634338614100042510000
0020020667668905003010011180710000000000157413880201000030000000046500000000046500000001000000010000008605202600001040900000009047026000010409000000090470025243604634338614100042510000
0020020667668909003010011180710000000000157413880201000030000000046500000000046500000001000000010000008605202600001040900000009047026000010409000000090470025243604634338614100042510000
002011066766906500104152088369000000000023809977040400001076220004650004650004650000000000000000000100000001000000860520260000104090000000904702600001040900000009047000000000000000000000000000000000000000000000000002524360463433861410004251000000
0020020667669147003010011180710000000000157413880201000030000000046500000000046500000001000000010000008605202600001040900000009047026000010409000000090470025243604634338614100042510000
00200306676694620030400395920400000000003442788043080000300690000465000000000000000000010000000100000086052026000010409000000090470260000104090000000904700000000000000000000002524360463433861410004251000000
0020020667669578003010011180710000000000157413880201000030000000046500000000046500000001000000010000008605202600001040900000009047026000010409000000090470025243604634338614100042510000
002011066766973900104150052839000000000025913526480400001004580004650004650004650000000000000000000100000001000000860520260000104090000000904702600001040900000009047000000000000000000000000000000000000000000000000002524360463433861410004251000000
002011066767013700104156427419000000000024853538000400001000140004650004650004650000000000000000000100000001000000860520260000104090000000904702600001040900000009047000000000000000000000000000000000000000000000000002524360463433861410004251000000
002011066767020400104152713409000000000027892222160400001030030004650004650004650000000000000000000100000001000000860520260000104090000000904702600001040900000009047000000000000000000000000000000000000000000000000002524360463433861410004251000000
00200306676702090030400479413600000000001548008882080000302592000465000000000000000000010000000100000086052026000010409000000090470260000104090000000904700000000000000000000002524360463433861410004251000000
0020020667670226003010011180710000000000157413880201000030000000046500000000046500000001000000010000008605202600001040900000009047026000010409000000090470025243604634338614100042510000
0020020667670230003010011180710000000000157413880201000030000000046500000000046500000001000000010000008605202600001040900000009047026000010409000000090470025243604634338614100042510000
0020020667670243003010011180710000000000157413880201000030000000046500000000046500000001000000010000008605202600001040900000009047026000010409000000090470025243604634338614100042510000
0020020667670253003010011180710000000000157413880201000030000000046500000000046500000001000000010000008605202600001040900000009047026000010409000000090470025243604634338614100042510000
0020020667670267003010011180710000000000157413880201000030000000046500000000046500000001000000010000008605202600001040900000009047026000010409000000090470025243604634338614100042510000
002011066767027300104089365704000000000033108132560400001001650004650004650004650000000000000000000100000001000000860520260000104090000000904702600001040900000009047000000000000000000000000000000000000000000000000002524360463433861410004251000000
0020020667670280003010011180710000000000157413880201000030000000046500000000046500000001000000010000008605202600001040900000009047026000010409000000090470025243604634338614100042510000
002011066767038500104152133631000000000023922299600400001003000004650004650004650000000000000000000100000001000000860520260000104090000000904702600001040900000009047000000000000000000000000000000000000000000000000002524360463433861410004251000000
002011066767044500104150636202000000000025272548560400001004200004650004650004650000000000000000000100000001000000860520260000104090000000904702600001040900000009047000000000000000000000000000000000000000000000000002524360463433861410004251000000
005001066767208100301001118071000000000015741388020400001000150000
00300101000030001600074400000086052026000010409000000090470260000104090000000904706676720850000
00300104000010000900041850000086052026000010409000000090470260000104090000000904706676720850000
00300101000010000100004650000086052026000010409000000090470260000104090000000904706676720850000
00300108000030000200000000000086052026000010409000000090470260000104090000000904706676720850000
001001026000008605200406676720850260000104090000000904702600001040900000009047020290457400100120000
005001066767208600301001118071000000000015741388020400001000150000
001001026000008605200506676720920260000104090000000904702600001040900000009047020290457400100120000
0020020667672122003010011180710000000000157413880201000030000000046500000000046500000001000000010000008605202600001040900000009047026000010409000000090470025243604634338614100042510000
0020020667672131003010011180710000000000157413880201000030000000046500000000046500000001000000010000008605202600001040900000009047026000010409000000090470025243604634338614100042510000
0020020667672138003010011180710000000000157413880201000030000000046500000000046500000001000000010000008605202600001040900000009047026000010409000000090470025243604634338614100042510000
0020020667672186003010011180710000000000157413880201000030000000046500000000046500000001000000010000008605202600001040900000009047026000010409000000090470025243604634338614100042510000
0020020667672200003010011180710000000000157413880201000030000000046500000000046500000001000000010000008605202600001040900000009047026000010409000000090470025243604634338614100042510000
0020020667672223003010011180710000000000157413880201000030000000046500000000046500000001000000010000008605202600001040900000009047026000010409000000090470025243604634338614100042510000
005001066767228700104152677861000000000027911936721023001002300000
002011066767229000104152677861000000000027911936720400001036220004650004650004650000000000000000000100000001000000860520260000104090000000904702600001040900000009047000000000000000000000000000000000000000000000000002524360463433861410004251000000
0020020667672302003010011180710000000000157413880201000030000000046500000000046500000001000000010000008605202600001040900000009047026000010409000000090470025243604634338614100042510000
0020020667672306003010011180710000000000157413880201000030000000046500000000046500000001000000010000008605202600001040900000009047026000010409000000090470025243604634338614100042510000
0020020667672434003010011180710000000000157413880201000030000000046500000000046500000001000000010000008605202600001040900000009047026000010409000000090470025243604634338614100042510000
0020020667672441003010011180710000000000157413880201000030000000046500000000046500000001000000010000008605202600001040900000009047026000010409000000090470025243604634338614100042510000
0020020667672568003010011180710000000000157413880201000030000000046500000000046500000001000000010000008605202600001040900000009047026000010409000000090470025243604634338614100042510000
0020020667672580003010011180710000000000157413880201000030000000046500000000046500000001000000010000008605202600001040900000009047026000010409000000090470025243604634338614100042510000
0020020667672600003010011180710000000000157413880201000030000000046500000000046500000001000000010000008605202600001040900000009047026000010409000000090470025243604634338614100042510000
005001066767297600104152133631000000000023922299600400001000800000
005001066767297800104152133631000000000023922299600400001000800000
005001066767298100104152133631000000000023922299600400001000800000
0020020667673022003010011180710000000000157413880201000030000000046500000000046500000001000000010000008605202600001040900000009047026000010409000000090470025243604634338614100042510000
005001066767502600301001118071000000000015741388020400001000150000
00300101000030001400065100000086052026000010409000000090470260000104090000000904706676750300000
00300104000010000100004650000086052026000010409000000090470260000104090000000904706676750300000
001001026000008605200406676750300260000104090000000904702600001040900000009047020290457400100020000
005001066767503600301001118071000000000015741388020400001000150000
001001026000008605200306676750390260000104090000000904702600001040900000009047020290457400100020000
02000100106676750500030100111807100000000001574138802026000010409000000090470042001000008605202600001040900000009047026000010409000000090470000
0210010300160000086052026000010409000000090470260000104090000000904706676750500000
0210010400320000086052026000010409000000090470260000104090000000904706676750500000
0210010800030000086052026000010409000000090470260000104090000000904706676750500000
0210011800070000086052026000010409000000090470260000104090000000904706676750500000
0210012500070000086052026000010409000000090470260000104090000000904706676750500000
010001001026000010409000000090470000086052066767505100500000
001001026000008605200206676750540260000104090000000904700000000000000000000000020290457400100020000
010001001026000010409000000090470000086052066767506100400000
001001026000008605200106676750700000000104090000000000000000000000000000000000020290457400100020000
03400667653474000008605200005C06676534740667656849000008605204574I0000104090000010409001000004700046500000000100000001040000012000465000000001000000010700000020000000000000010000000108000000900000000000000100000001
03400667656856000008605200005C06676568560667660614000008605204574V00001040900000104090010000032000465000000001000000010100000010004601000000010000000108000000700000000000000100000001080000007000000000000001000000010800000070000000000000010000000108000000700000000000000100000001080000007000000000000001000000010800000070000000000000010000000108000000700000000000000100000001080000007000000000000001000000010800000070000000000000010000000108000000700000000000000100000001080000007000000000000001000000010800000070000000000000010000000108000000700000000000000100000001
