1000020260000086260003025243604634338678110035950000
0450010000000002000000000106676238020000
001001026000008626000206676399290000000105895000000000000000000000000000000000000000000000000000000
010001001026000010589500000092320000086260066763993600100000
0350010667639948871490290000026700000001010000
010001001026000010589500000092320000086260066763995000200000
001001026000008626000306676399880260000105895000000923202600001058950000009232000000000000000020000
001001026000008626000406676399950260000105895000000923202600001058950000009232020290457400100020000
005001066763999600301001135889000000000008714902970400001000150000
001001026000008626000506676400020260000105895000000923202600001058950000009232020290457400100020000
0020020667640291003010011358890000000000087149029701000030000000046500000000046500000001000000010000008626002600001058950000009232026000010589500000092320025243604634338678110035950000
0020020667640314003010011358890000000000087149029701000030000000046500000000046500000001000000010000008626002600001058950000009232026000010589500000092320025243604634338678110035950000
00200306676403300030500043969100000000002735691545071000300040000465000000000000000000010000000100000086260026000010589500000092320260000105895000000923200000000000000000000002524360463433867811003595000000
0020020667640373003010011358890000000000087149029701000030000000046500000000046500000001000000010000008626002600001058950000009232026000010589500000092320025243604634338678110035950000
0020020667640429003010011358890000000000087149029701000030000000046500000000046500000001000000010000008626002600001058950000009232026000010589500000092320025243604634338678110035950000
0020020667640438003010011358890000000000087149029701000030000000046500000000046500000001000000010000008626002600001058950000009232026000010589500000092320025243604634338678110035950000
00200306676404410030400462529600000000000659648908080000300988000465000000000000000000010000000100000086260026000010589500000092320260000105895000000923200000000000000000000002524360463433867811003595000000
002011066764055500104152678956000000000026211930320400001010930004650004650003850000000000000000000100000001000000862600260000105895000000923202600001058950000009232000000000000000000000000000000000000000000000000002524360463433867811003595000000
002011066764055600104152678956000000000026211930320400001010930004650004650000800000000000000000000100000001000000862600260000105895000000923202600001058950000009232000000000000000000000000000000000000000000000000002524360463433867811003595000000
0020020667641124003010011358890000000000087149029701000030000000046500000000046500000001000000010000008626002600001058950000009232026000010589500000092320025243604634338678110035950000
0020020667641151003010011358890000000000087149029701000030000000046500000000046500000001000000010000008626002600001058950000009232026000010589500000092320025243604634338678110035950000
0020020667641444003010011358890000000000087149029701000030000000046500000000046500000001000000010000008626002600001058950000009232026000010589500000092320025243604634338678110035950000
00200306676418230030400433406200000000002517444890080000301910000465000000000000000000010000000100000086260026000010589500000092320260000105895000000923200000000000000000000002524360463433867811003595000000
0020020667641837003010011358890000000000087149029701000030000000046500000000046500000001000000010000008626002600001058950000009232026000010589500000092320025243604634338678110035950000
0020020667641841003010011358890000000000087149029701000030000000046500000000046500000001000000010000008626002600001058950000009232026000010589500000092320025243604634338678110035950000
0020020667641849003010011358890000000000087149029701000030000000046500000000046500000001000000010000008626002600001058950000009232026000010589500000092320025243604634338678110035950000
0020020667641862003010011358890000000000087149029701000030000000046500000000046500000001000000010000008626002600001058950000009232026000010589500000092320025243604634338678110035950000
00200306676419840030400521939900000000003569750310080000300219000465000000000000000000010000000100000086260026000010589500000092320260000105895000000923200000000000000000000002524360463433867811003595000000
005001066764289400301001065066000000000011095411620400001000150000
00300101000030001200055800000086260026000010589500000092320260000105895000000923206676428960000
00300107100030000100000000000086260026000010589500000092320260000105895000000923206676428960000
00300108000030000300000000000086260026000010589500000092320260000105895000000923206676428960000
00300104000010000100004650000086260026000010589500000092320260000105895000000923206676428960000
001001026000008626000406676428960260000105895000000923202600001058950000009232020290457400100120000
005001066764300900301001135889000000000008714902970400001000150000
001001026000008626000506676430150260000105895000000923202600001058950000009232020290457400100120000
0020020667643725003010011358890000000000087149029701000030000000046500000000046500000001000000010000008626002600001058950000009232026000010589500000092320025243604634338678110035950000
002011066764373000109106635141000000000013296197840100001006490004650004650004650000000000000000000100000001000000862600260000105895000000923202600001058950000009232000000000000000000000000000000000000000000000000002524360463433867811003595000000
00200306676437730030400423440800000000002447049957080000302890000465000000000000000000010000000100000086260026000010589500000092320260000105895000000923200000000000000000000002524360463433867811003595000000
0020020667643787003010011358890000000000087149029701000030000000046500000000046500000001000000010000008626002600001058950000009232026000010589500000092320025243604634338678110035950000
002011066764389900104150052839000000000025913526480400001004570004650004650004650000000000000000000100000001000000862600260000105895000000923202600001058950000009232000000000000000000000000000000000000000000000000002524360463433867811003595000000
00200306676440700030400441530500000000002679695123080000301108000465000000000000000000010000000100000086260026000010589500000092320260000105895000000923200000000000000000000002524360463433867811003595000000
002011066764451500104081873557000000000001864738000400001015170004650004650004650000000000000000000100000001000000862600260000105895000000923202600001058950000009232000000000000000000000000000000000000000000000000002524360463433867811003595000000
00200306676450560030400525778900000000002523850330080000300119000465000000000000000000010000000100000086260026000010589500000092320260000105895000000923200000000000000000000002524360463433867811003595000000
005001066764591100301001135889000000000008714902970400001000150000
00300101000030000200009300000086260026000010589500000092320260000105895000000923206676459140000
00300101000010000100004650000086260026000010589500000092320260000105895000000923206676459140000
00300108000030000300000000000086260026000010589500000092320260000105895000000923206676459140000
00300104000010000200009300000086260026000010589500000092320260000105895000000923206676459140000
001001026000008626000406676459140260000105895000000923202600001058950000009232020290457400100020000
005001066764592200301001135889000000000008714902970400001000150000
001001026000008626000506676459270260000105895000000923202600001058950000009232020290457400100020000
0020020667647976003010011358890000000000087149029701000030000000046500000000046500000001000000010000008626002600001058950000009232026000010589500000092320025243604634338678110035950000
0020020667647984003010011358890000000000087149029701000030000000046500000000046500000001000000010000008626002600001058950000009232026000010589500000092320025243604634338678110035950000
0020020667647988003010011358890000000000087149029701000030000000046500000000046500000001000000010000008626002600001058950000009232026000010589500000092320025243604634338678110035950000
0020020667647994003010011358890000000000087149029701000030000000046500000000046500000001000000010000008626002600001058950000009232026000010589500000092320025243604634338678110035950000
002011066764868100104087840286000000000018099241680400001005080004650004650004650000000000000000000100000001000000862600260000105895000000923202600001058950000009232000000000000000000000000000000000000000000000000002524360463433867811003595000000
0020020667648834003010011358890000000000087149029701000030000000046500000000046500000001000000010000008626002600001058950000009232026000010589500000092320025243604634338678110035950000
002011066764896400104164628126000000000023279982800400001009990004650004650004650000000000000000000100000001000000862600260000105895000000923202600001058950000009232000000000000000000000000000000000000000000000000002524360463433867811003595000000
002011066764896800104088151425000000000015900877520400001002960004650004650004650000000000000000000100000001000000862600260000105895000000923202600001058950000009232000000000000000000000000000000000000000000000000002524360463433867811003595000000
002011066764897300104164628151000000000023268475600400001009670004650004650004650000000000000000000100000001000000862600260000105895000000923202600001058950000009232000000000000000000000000000000000000000000000000002524360463433867811003595000000
00200306676489870030400456089500000000001113560794080000301135000465000000000000000000010000000100000086260026000010589500000092320260000105895000000923200000000000000000000002524360463433867811003595000000
00200306676489980030400498736800000000003526485254080000301250000465000000000000000000010000000100000086260026000010589500000092320260000105895000000923200000000000000000000002524360463433867811003595000000
0020020667649025003010011358890000000000087149029701000030000000046500000000046500000001000000010000008626002600001058950000009232026000010589500000092320025243604634338678110035950000
0020020667649042003010011358890000000000087149029701000030000000046500000000046500000001000000010000008626002600001058950000009232026000010589500000092320025243604634338678110035950000
0020020667649049003010011358890000000000087149029701000030000000046500000000046500000001000000010000008626002600001058950000009232026000010589500000092320025243604634338678110035950000
00200306676492920030400480399200000000001546008290080000301416000465000000000000000000010000000100000086260026000010589500000092320260000105895000000923200000000000000000000002524360463433867811003595000000
0020020667649458003010011358890000000000087149029701000030000000046500000000046500000001000000010000008626002600001058950000009232026000010589500000092320025243604634338678110035950000
00200306676494630030400413771200000000002553186586080000303222000465000000000000000000010000000100000086260026000010589500000092320260000105895000000923200000000000000000000002524360463433867811003595000000
002011066764959900109057319686000000000008743470800100001036850004650004650004650000000000000000000100000001000000862600260000105895000000923202600001058950000009232000000000000000000000000000000000000000000000000002524360463433867811003595000000
002011066764965900104083089349000000000011744062160400001016920004650004650004650000000000000000000100000001000000862600260000105895000000923202600001058950000009232000000000000000000000000000000000000000000000000002524360463433867811003595000000
005001066764990300301001145019000000000004547162491008003000150000
00200306676499100030100114501900000000000454716249070100300324000465000000000000000000010000000100000086260026000010589500000092320260000105895000000923200000000000000000000002524360463433867811003595000000
005001066765051500301001135889000000000008714902970400001000150000
00300101000030000900041850000086260026000010589500000092320260000105895000000923206676505190000
00300104000010000500023250000086260026000010589500000092320260000105895000000923206676505190000
00300108000030000400000000000086260026000010589500000092320260000105895000000923206676505190000
00300101000010000100004650000086260026000010589500000092320260000105895000000923206676505190000
00300107010030000100000000000086260026000010589500000092320260000105895000000923206676505190000
001001026000008626000406676505190260000105895000000923202600001058950000009232020290457400100120000
005001066765052000301001135889000000000008714902970400001000150000
001001026000008626000506676505260260000105895000000923202600001058950000009232020290457400100120000
0020020667651354003010011358890000000000087149029701000030000000046500000000046500000001000000010000008626002600001058950000009232026000010589500000092320025243604634338678110035950000
0020020667651362003010011358890000000000087149029701000030000000046500000000046500000001000000010000008626002600001058950000009232026000010589500000092320025243604634338678110035950000
0020020667651374003010011358890000000000087149029701000030000000046500000000046500000001000000010000008626002600001058950000009232026000010589500000092320025243604634338678110035950000
00200306676513820030400517604500000000003572154982080000300824000465000000000000000000010000000100000086260026000010589500000092320260000105895000000923200000000000000000000002524360463433867811003595000000
0020020667651398003010011358890000000000087149029701000030000000046500000000046500000001000000010000008626002600001058950000009232026000010589500000092320025243604634338678110035950000
0020020667651403003010011358890000000000087149029701000030000000046500000000046500000001000000010000008626002600001058950000009232026000010589500000092320025243604634338678110035950000
0020020667651567003010011358890000000000087149029701000030000000046500000000046500000001000000010000008626002600001058950000009232026000010589500000092320025243604634338678110035950000
00200306676519360030400402763100000000000572128947080000303088000465000000000000000000010000000100000086260026000010589500000092320260000105895000000923200000000000000000000002524360463433867811003595000000
002011066765244500104162860382000000000017744146640400001030660004650004650004650000000000000000000100000001000000862600260000105895000000923202600001058950000009232000000000000000000000000000000000000000000000000002524360463433867811003595000000
002011066765284400109054713537000000000019672313040100001001680004650004650004650000000000000000000100000001000000862600260000105895000000923202600001058950000009232000000000000000000000000000000000000000000000000002524360463433867811003595000000
002011066765303000104087269252000000000015863317200400001004810004650004650004650000000000000000000100000001000000862600260000105895000000923202600001058950000009232000000000000000000000000000000000000000000000000002524360463433867811003595000000
002011066765316300104089249992000000000033308063440400001001420004650004650004650000000000000000000100000001000000862600260000105895000000923202600001058950000009232000000000000000000000000000000000000000000000000002524360463433867811003595000000
00200306676533380030400524988300000000002523783130080000300246000465000000000000000000010000000100000086260026000010589500000092320260000105895000000923200000000000000000000002524360463433867811003595000000
005001066765388700301001135889000000000008714902970400001000150000
00300101000030000600027900000086260026000010589500000092320260000105895000000923206676538910000
00300108000030000300000000000086260026000010589500000092320260000105895000000923206676538910000
00300104000010000300013950000086260026000010589500000092320260000105895000000923206676538910000
00300101000010000100004650000086260026000010589500000092320260000105895000000923206676538910000
001001026000008626000406676538910260000105895000000923202600001058950000009232020290457400100020000
005001066765389300301001135889000000000008714902970400001000150000
001001026000008626000506676538990260000105895000000923202600001058950000009232020290457400100020000
0020020667655290003010011358890000000000087149029701000030000000046500000000046500000001000000010000008626002600001058950000009232026000010589500000092320025243604634338678110035950000
0020020667655301003010011358890000000000087149029701000030000000046500000000046500000001000000010000008626002600001058950000009232026000010589500000092320025243604634338678110035950000
005001066765542700000000000000000000000035338616540000000000150000
00200306676554280030400521694200000000003533861654080000300531000465000000000000000000010000000100000086260026000010589500000092320260000105895000000923200000000000000000000002524360463433867811003595000000
00200306676555330150300260449600000000001113438266061201501620000465000000000000000000010000000100000086260026000010589500000092320260000105895000000923200000000000000000000002524360463433867811003595000000
002011066765554300104152778381000000000024814070480400001011810004650004650004650000000000000000000100000001000000862600260000105895000000923202600001058950000009232000000000000000000000000000000000000000000000000002524360463433867811003595000000
0020020667655557003010011358890000000000087149029701000030000000046500000000046500000001000000010000008626002600001058950000009232026000010589500000092320025243604634338678110035950000
005001066765575001503001504447000000000006586480280614015000840000
00200306676557500150300150444700000000000658648028061301501311000465000000000000000000010000000100000086260026000010589500000092320260000105895000000923200000000000000000000002524360463433867811003595000000
0020020667655758015030015044470000000000065864802806140150130200046500000000000000000001000000010000008626002600001058950000009232026000010589500000092320025243604634338678110035950000
0020020667656026003010011358890000000000087149029701000030000000046500000000046500000001000000010000008626002600001058950000009232026000010589500000092320025243604634338678110035950000
0020020667656174003010011358890000000000087149029701000030000000046500000000046500000001000000010000008626002600001058950000009232026000010589500000092320025243604634338678110035950000
00200306676563490030400501407100000000003533591318080000300853000465000000000000000000010000000100000086260026000010589500000092320260000105895000000923200000000000000000000002524360463433867811003595000000
0020020667656506003010011358890000000000087149029701000030000000046500000000046500000001000000010000008626002600001058950000009232026000010589500000092320025243604634338678110035950000
005001066765651100301001164552000000000008917650650400001000150000
005001066765651400301001164552000000000008917650650400001000150000
00200306676565150030100116455200000000000891765065070000300121000465000000000000000000010000000100000086260026000010589500000092320260000105895000000923200000000000000000000002524360463433867811003595000000
002011066765660200103095090284000000000030519424720450001000170004650004650004650000000000000000000100000001000000862600260000105895000000923202600001058950000009232000000000000000000000000000000000000000000000000002524360463433867811003595000000
005001066765698301503003088432000000000005198806490614015000840000
00200306676569830150300308843200000000000519880649061301500795000465000000000000000000010000000100000086260026000010589500000092320260000105895000000923200000000000000000000002524360463433867811003595000000
005001066765699200301001141481000000000002529178330400001000150000
005001066765699500301001141481000000000002529178330400001000150000
00200306676569960030100114148100000000000252917833070000301001000465000000000000000000010000000100000086260026000010589500000092320260000105895000000923200000000000000000000002524360463433867811003595000000
002011066765709200104162808811000000000017831291600400001049580004650004650004650000000000000000000100000001000000862600260000105895000000923202600001058950000009232000000000000000000000000000000000000000000000000002524360463433867811003595000000
005001066765810000301001135889000000000008714902970001003000150000
005001066765810000301001135889000000000008714902970400001000150000
00300101000030000600027900000086260026000010589500000092320260000105895000000923206676581090000
00300108000030000200000000000086260026000010589500000092320260000105895000000923206676581090000
00300106120150000100000000000086260026000010589500000092320260000105895000000923206676581090000
00300104000010000200009300000086260026000010589500000092320260000105895000000923206676581090000
00300106130150000200000000000086260026000010589500000092320260000105895000000923206676581090000
00300106140150000100000000000086260026000010589500000092320260000105895000000923206676581090000
00300107000030000200000000000086260026000010589500000092320260000105895000000923206676581090000
00300104500010000100004650000086260026000010589500000092320260000105895000000923206676581090000
001001026000008626000406676581090260000105895000000923202600001058950000009232020290457400100120000
005001066765811000301001135889000000000008714902970400001000150000
001001026000008626000506676581160260000105895000000923202600001058950000009232020290457400100120000
0020020667658280003010011358890000000000087149029701000030000000046500000000046500000001000000010000008626002600001058950000009232026000010589500000092320025243604634338678110035950000
0020020667658290003010011358890000000000087149029701000030000000046500000000046500000001000000010000008626002600001058950000009232026000010589500000092320025243604634338678110035950000
0020020667658298003010011358890000000000087149029701000030000000046500000000046500000001000000010000008626002600001058950000009232026000010589500000092320025243604634338678110035950000
0020020667658307003010011358890000000000087149029701000030000000046500000000046500000001000000010000008626002600001058950000009232026000010589500000092320025243604634338678110035950000
00200306676583150030100111775900000000000454397673070100301636000465000000000000000000010000000100000086260026000010589500000092320260000105895000000923200000000000000000000002524360463433867811003595000000
0020020667658358003010011358890000000000087149029701000030000000046500000000046500000001000000010000008626002600001058950000009232026000010589500000092320025243604634338678110035950000
0020020667658814003010011358890000000000087149029701000030000000046500000000046500000001000000010000008626002600001058950000009232026000010589500000092320025243604634338678110035950000
0020020667658893003010011358890000000000087149029701000030000000046500000000046500000001000000010000008626002600001058950000009232026000010589500000092320025243604634338678110035950000
0020020667658964003010011358890000000000087149029701000030000000046500000000046500000001000000010000008626002600001058950000009232026000010589500000092320025243604634338678110035950000
00200306676589680030400518494300000000003566874854080000301132000465000000000000000000010000000100000086260026000010589500000092320260000105895000000923200000000000000000000002524360463433867811003595000000
0020020667658984003010011358890000000000087149029701000030000000046500000000046500000001000000010000008626002600001058950000009232026000010589500000092320025243604634338678110035950000
0020020667658997003010011358890000000000087149029701000030000000046500000000046500000001000000010000008626002600001058950000009232026000010589500000092320025243604634338678110035950000
0020020667659015003010011358890000000000087149029701000030000000046500000000046500000001000000010000008626002600001058950000009232026000010589500000092320025243604634338678110035950000
00200306676590210030400468582500000000004143803083080000301247000465000000000000000000010000000100000086260026000010589500000092320260000105895000000923200000000000000000000002524360463433867811003595000000
00200306676590960030400535526800000000001983144866080000300027000465000000000000000000010000000100000086260026000010589500000092320260000105895000000923200000000000000000000002524360463433867811003595000000
0020020667659185003010011358890000000000087149029701000030000000046500000000046500000001000000010000008626002600001058950000009232026000010589500000092320025243604634338678110035950000
0020020667659193003010011358890000000000087149029701000030000000046500000000046500000001000000010000008626002600001058950000009232026000010589500000092320025243604634338678110035950000
00200306676592080030400393052400000000003442901947080000301776000465000000000000000000010000000100000086260026000010589500000092320260000105895000000923200000000000000000000002524360463433867811003595000000
00200306676592240030400305326400000000002126169644080000302818000465000000000000000000010000000100000086260026000010589500000092320260000105895000000923200000000000000000000002524360463433867811003595000000
0020020667659252003010011358890000000000087149029701000030000000046500000000046500000001000000010000008626002600001058950000009232026000010589500000092320025243604634338678110035950000
005001066766114500301001135889000000000008714902970400001000150000
00300101000030001400065100000086260026000010589500000092320260000105895000000923206676611480000
00300107010030000100000000000086260026000010589500000092320260000105895000000923206676611480000
00300108000030000500000000000086260026000010589500000092320260000105895000000923206676611480000
001001026000008626000406676611480260000105895000000923202600001058950000009232020290457400100020000
005001066766115000301001135889000000000008714902970400001000150000
001001026000008626000306676611540260000105895000000923202600001058950000009232020290457400100020000
001001026000008626000206676611580260000105895000000923202600001058950000009232020290457400100020000
010001001026000010589500000092320000086260066766116500400000
02000100106676611730030100113588900000000000871490297026000010589500000092320026701000008626002600001058950000009232026000010589500000092320000
0210010300200000086260026000010589500000092320260000105895000000923206676611730000
0210010400270000086260026000010589500000092320260000105895000000923206676611730000
0210010500010000086260026000010589500000092320260000105895000000923206676611730000
0210010800040000086260026000010589500000092320260000105895000000923206676611730000
0210010900010000086260026000010589500000092320260000105895000000923206676611730000
0210011000020000086260026000010589500000092320260000105895000000923206676611730000
0210011100010000086260026000010589500000092320260000105895000000923206676611730000
0210011200020000086260026000010589500000092320260000105895000000923206676611730000
0210011800060000086260026000010589500000092320260000105895000000923206676611730000
0210012500020000086260026000010589500000092320260000105895000000923206676611730000
010001001026000010589500000092320000086260066766117400500000
001001026000008626000106676611760000000105895000000000000000000000000000000000020290457400100020000
03400667640002000008626000005C06676400020667642896000008626004574I000010589500001058950100000280004650000000010000000104000000100008000000000100000001040000001000385000000001000000010710000010000000000000010000000108000000900000000000000100000001
03400667643015000008626000005C06676430150667645914000008626004574V000010589500001058950100000240004650000000010000000104000000500046500000000100000001080000011000000000000001000000010800000110000000000000010000000108000001100000000000000100000001080000011000000000000001000000010800000110000000000000010000000108000001100000000000000100000001
