1000020260000086163003063600108048971128330011240000
0450010000000000000000000106674641340000
0450010000000002000000000106674654080000
0450010000000002000000000106674666820000
0450010000000002000000000106674679540000
0450010000000002000000000106674692280000
0450010000000002000000000106674705010000
0450010000000002000000000106674717740000
0450010000000002000000000106674730470000
0450010000000000000000000106674858800000
0450010000000000000000000106675010020000
0450010000000000000000000106675022450000
001001026000008616300206676483810000000105339000000000000000000000000000000000020390458400100000000
010001001026000010533900000092210000086163066764838900100000
0350010667648402340836110000033000000001010000
010001001026000010533900000092210000086163066764840500200000
001001026000008616300306676484080260000105339000000922102600001053390000009221020390458400100020000
001001026000008616300406676491810260000105339000000922102600001053390000009221020390458400100020000
001001026000008616300506676491880260000105339000000922102600001053390000009221020390458400100020000
0020020667650728003010011299510000000000340836114001000030000000055500000000055500000001000000010000008616302600001053390000009221026000010533900000092210063600108048971128330011240000
002011066765087500104149956789000000000025974869200400001004740005550005550005550000000000000000000100000001000000861630260000105339000000922102600001053390000009221000000000000000000000000000000000000000000000000006360010804897112833001124000000
005001066765165001503003207962000000000035695014780614015000840000
00200306676516500150300320796200000000003569501478061301500172000555000000000000000000010000000100000086163026000010533900000092210260000105339000000922100000000000000000000006360010804897112833001124000000
0020020667651666003010011299510000000000340836114001000030000000055500000000055500000001000000010000008616302600001053390000009221026000010533900000092210063600108048971128330011240000
00200306676518500030400291383900000000002074156748080000308168000555000000000000000000010000000100000086163026000010533900000092210260000105339000000922100000000000000000000006360010804897112833001124000000
002011066765212100117048340032000000000032641514560400001047410005550005550005550000000000000000000100000001000000861630260000105339000000922102600001053390000009221000000000000000000000000000000000000000000000000006360010804897112833001124000000
002011066765213000104164431152000000000024367373520400001015180005550005550005550000000000000000000100000001000000861630260000105339000000922102600001053390000009221000000000000000000000000000000000000000000000000006360010804897112833001124000000
00300101000030000200011100000086163026000010533900000092210260000105339000000922106676526200000
00300104000010000300016650000086163026000010533900000092210260000105339000000922106676526200000
00300106130150000100000000000086163026000010533900000092210260000105339000000922106676526200000
00300108000030000100000000000086163026000010533900000092210260000105339000000922106676526200000
001001026000008616300406676526200260000105339000000922102600001053390000009221020390458400100120000
001001026000008616300506676526280260000105339000000922102600001053390000009221020390458400100120000
002011066765400900104151635544000000000025874501840400001007530005550005550005550000000000000000000100000001000000861630260000105339000000922102600001053390000009221000000000000000000000000000000000000000000000000006360010804897112833001124000000
002011066765401700104082115311000000000001866161360400001009690005550005550005550000000000000000000100000001000000861630260000105339000000922102600001053390000009221000000000000000000000000000000000000000000000000006360010804897112833001124000000
002011066765402600104152610855000000000024954245840400001010790005550005550005550000000000000000000100000001000000861630260000105339000000922102600001053390000009221000000000000000000000000000000000000000000000000006360010804897112833001124000000
00200306676545070030400287447700000000000432658220080000304162000555000000000000000000010000000100000086163026000010533900000092210260000105339000000922100000000000000000000006360010804897112833001124000000
00200306676545250030400281248100000000003413615556080000304179000555000000000000000000010000000100000086163026000010533900000092210260000105339000000922100000000000000000000006360010804897112833001124000000
0020020667654672003010011299510000000000340836114001000030000000055500000000055500000001000000010000008616302600001053390000009221026000010533900000092210063600108048971128330011240000
0020020667654678003010011299510000000000340836114001000030000000055500000000055500000001000000010000008616302600001053390000009221026000010533900000092210063600108048971128330011240000
0020020667654706003010011299510000000000340836114001000030000000055500000000055500000001000000010000008616302600001053390000009221026000010533900000092210063600108048971128330011240000
002011066765541400104087987694000000000016525474000400001003800005550005550005550000000000000000000100000001000000861630260000105339000000922102600001053390000009221000000000000000000000000000000000000000000000000006360010804897112833001124000000
0020020667655593003010011299510000000000340836114001000030000000055500000000055500000001000000010000008616302600001053390000009221026000010533900000092210063600108048971128330011240000
002011066765608600104157477606000000000024051881680400001006680005550005550005550000000000000000000100000001000000861630260000105339000000922102600001053390000009221000000000000000000000000000000000000000000000000006360010804897112833001124000000
00300104000010000500027750000086163026000010533900000092210260000105339000000922106676564860000
00300108000030000200000000000086163026000010533900000092210260000105339000000922106676564860000
00300101000030000400022200000086163026000010533900000092210260000105339000000922106676564860000
001001026000008616300406676564860260000105339000000922102600001053390000009221020390458400100020000
001001026000008616300506676564930260000105339000000922102600001053390000009221020390458400100020000
005001066765761100305000040054000000000023869555160710003001360000
002011066765761100305000040054000000000023869555160400001064740005550005550005550000000000000000000100000001000000861630260000105339000000922102600001053390000009221000000000000000000000000000000000000000000000000006360010804897112833001124000000
00200306676579880030400327769300000000003932107317080000309278000555000000000000000000010000000100000086163026000010533900000092210260000105339000000922100000000000000000000006360010804897112833001124000000
00300104000010000100005550000086163026000010533900000092210260000105339000000922106676601900000
00300108000030000100000000000086163026000010533900000092210260000105339000000922106676601900000
001001026000008616300406676601900260000105339000000922102600001053390000009221020390458400100120000
001001026000008616300506676601970260000105339000000922102600001053390000009221020390458400100120000
002011066766117700104088376974000000000023687573200400001003530005550005550005550000000000000000000100000001000000861630260000105339000000922102600001053390000009221000000000000000000000000000000000000000000000000006360010804897112833001124000000
002011066766145600104164567046000000000023102521040400001014550005550005550005550000000000000000000100000001000000861630260000105339000000922102600001053390000009221000000000000000000000000000000000000000000000000006360010804897112833001124000000
0020020667661575003010011299510000000000340836114001000030000000055500000000055500000001000000010000008616302600001053390000009221026000010533900000092210063600108048971128330011240000
00200306676618590030400453711700000000001109240122080000302155000555000000000000000000010000000100000086163026000010533900000092210260000105339000000922100000000000000000000006360010804897112833001124000000
0020020667662779003010011299510000000000340836114001000030000000055500000000055500000001000000010000008616302600001053390000009221026000010533900000092210063600108048971128330011240000
0020020667662834003010011299510000000000340836114001000030000000055500000000055500000001000000010000008616302600001053390000009221026000010533900000092210063600108048971128330011240000
00200306676630690030400467598600000000002523793370080000302167000555000000000000000000010000000100000086163026000010533900000092210260000105339000000922100000000000000000000006360010804897112833001124000000
0020020667663162003010011299510000000000340836114001000030000000055500000000055500000001000000010000008616302600001053390000009221026000010533900000092210063600108048971128330011240000
00300104000010000200011100000086163026000010533900000092210260000105339000000922106676636400000
00300101000030000400022200000086163026000010533900000092210260000105339000000922106676636400000
00300108000030000200000000000086163026000010533900000092210260000105339000000922106676636400000
001001026000008616300406676636400260000105339000000922102600001053390000009221020390458400100020000
001001026000008616300506676636480260000105339000000922102600001053390000009221020390458400100020000
0020020667664736003010011299510000000000340836114001000030000000055500000000055500000001000000010000008616302600001053390000009221026000010533900000092210063600108048971128330011240000
0020020667664791003010011299510000000000340836114001000030000000055500000000055500000001000000010000008616302600001053390000009221026000010533900000092210063600108048971128330011240000
002011066766480500104151664285000000000025889703120400001004860005550005550004500004500008550000000100000001000000861630260000105339000000922102600001053390000009221100000000000000000000300000000000000000000000000006360010804897112833001124000000
00200306676648780030400527020300000000001063193794080000300046000555000000000000000000010000000100000086163026000010533900000092210260000105339000000922100000000000000000000006360010804897112833001124000000
0020020667664891003010011299510000000000340836114001000030000000055500000000055500000001000000010000008616302600001053390000009221026000010533900000092210063600108048971128330011240000
00200306676648980030400407957700000000000572133139080000303803000555000000000000000000010000000100000086163026000010533900000092210260000105339000000922100000000000000000000006360010804897112833001124000000
00200306676649110030400279446500000000003413712612080000303765000555000000000000000000010000000100000086163026000010533900000092210260000105339000000922100000000000000000000006360010804897112833001124000000
0020020667665101003010011299510000000000340836114001000030000000055500000000055500000001000000010000008616302600001053390000009221026000010533900000092210063600108048971128330011240000
00200306676652180030400529452800000000000252834761080000300282000555000000000000000000010000000100000086163026000010533900000092210260000105339000000922100000000000000000000006360010804897112833001124000000
002011066766523800104166167517000000000023717366480400001023040005550005550005550000000000000000000100000001000000861630260000105339000000922102600001053390000009221000000000000000000000000000000000000000000000000006360010804897112833001124000000
002011066766530300104162581165000000000026770665680400001014950005550005550005550000000000000000000100000001000000861630260000105339000000922102600001053390000009221000000000000000000000000000000000000000000000000006360010804897112833001124000000
00200306676656390030400404383100000000000572625443080000301382000555000000000000000000010000000100000086163026000010533900000092210260000105339000000922100000000000000000000006360010804897112833001124000000
00200306676659200030400476052500000000001545917794080000301202000555000000000000000000010000000100000086163026000010533900000092210260000105339000000922100000000000000000000006360010804897112833001124000000
002011066766595200104088586911000000000028095678160400001000690005550005550005550000000000000000000100000001000000861630260000105339000000922102600001053390000009221000000000000000000000000000000000000000000000000006360010804897112833001124000000
0020020667665957003010011299510000000000340836114001000030000000055500000000055500000001000000010000008616302600001053390000009221026000010533900000092210063600108048971128330011240000
0020020667665966003010011299510000000000340836114001000030000000055500000000055500000001000000010000008616302600001053390000009221026000010533900000092210063600108048971128330011240000
0020020667665977003010011299510000000000340836114001000030000000055500000000055500000001000000010000008616302600001053390000009221026000010533900000092210063600108048971128330011240000
0020020667666168003010011299510000000000340836114001000030000000055500000000055500000001000000010000008616302600001053390000009221026000010533900000092210063600108048971128330011240000
0020020667666218003010011299510000000000340836114001000030000000055500000000055500000001000000010000008616302600001053390000009221026000010533900000092210063600108048971128330011240000
00200306676662310030400532640300000000001063695522080000300141000555000000000000000000010000000100000086163026000010533900000092210260000105339000000922100000000000000000000006360010804897112833001124000000
0020020667666244003010011299510000000000340836114001000030000000055500000000055500000001000000010000008616302600001053390000009221026000010533900000092210063600108048971128330011240000
0020020667666279003010011299510000000000340836114001000030000000055500000000055500000001000000010000008616302600001053390000009221026000010533900000092210063600108048971128330011240000
00200306676662870030400522093100000000002443033578080000300130000555000000000000000000010000000100000086163026000010533900000092210260000105339000000922100000000000000000000006360010804897112833001124000000
00300101000030001100061050000086163026000010533900000092210260000105339000000922106676676440000
00300104000010000400022200000086163026000010533900000092210260000105339000000922106676676440000
00300108000030000800000000000086163026000010533900000092210260000105339000000922106676676440000
001001026000008616300406676676440260000105339000000922102600001053390000009221020390458400100120000
001001026000008616300506676676520260000105339000000922102600001053390000009221020390458400100120000
002011066766845000104082014477000000000000035172560400001008530005550005550000000000000008550000000100000001000000861630260000105339000000922102600001053390000009221100000000000000000000300000000000000000000000000006360010804897112833001124000000
0020020667668806003010011299510000000000340836114001000030000000055500000000055500000001000000010000008616302600001053390000009221026000010533900000092210063600108048971128330011240000
0020020667669157003010011299510000000000340836114001000030000000055500000000055500000001000000010000008616302600001053390000009221026000010533900000092210063600108048971128330011240000
002011066766917200104087864011000000000016639422160400001008840005550005550005550000000000000000000100000001000000861630260000105339000000922102600001053390000009221000000000000000000000000000000000000000000000000006360010804897112833001124000000
0020020667669175003010011299510000000000340836114001000030000000055500000000055500000001000000010000008616302600001053390000009221026000010533900000092210063600108048971128330011240000
00200306676693160030400525960900000000001983444930080000300133000555000000000000000000010000000100000086163026000010533900000092210260000105339000000922100000000000000000000006360010804897112833001124000000
00200306676693300030400524298600000000002523787754080000300112000555000000000000000000010000000100000086163026000010533900000092210260000105339000000922100000000000000000000006360010804897112833001124000000
0020020667669350003010011299510000000000340836114001000030000000055500000000055500000001000000010000008616302600001053390000009221026000010533900000092210063600108048971128330011240000
00200306676700180030400525835100000000001983404866080000300538000555000000000000000000010000000100000086163026000010533900000092210260000105339000000922100000000000000000000006360010804897112833001124000000
0020020667670467003010011299510000000000340836114001000030000000055500000000055500000001000000010000008616302600001053390000009221026000010533900000092210063600108048971128330011240000
002011066767065000117043662147000000000022136237580400001015220005550005550005550000000000000000000100000001000000861630260000105339000000922102600001053390000009221000000000000000000000000000000000000000000000000006360010804897112833001124000000
00300104000010000300016650000086163026000010533900000092210260000105339000000922106676714770000
00300101000030000500027750000086163026000010533900000092210260000105339000000922106676714770000
00300108000030000300000000000086163026000010533900000092210260000105339000000922106676714770000
001001026000008616300406676714770260000105339000000922102600001053390000009221020390458400100020000
001001026000008616300506676714840260000105339000000922102600001053390000009221020390458400100020000
002011066767361100104164496483000000000023323600080400001040360005550005550005550000000000000000000100000001000000861630260000105339000000922102600001053390000009221000000000000000000000000000000000000000000000000006360010804897112833001124000000
0020020667674647003010011299510000000000340836114001000030000000055500000000055500000001000000010000008616302600001053390000009221026000010533900000092210063600108048971128330011240000
00200306676749550030400524359100000000001982952258080000300110000555000000000000000000010000000100000086163026000010533900000092210260000105339000000922100000000000000000000006360010804897112833001124000000
00300104000010000100005550000086163026000010533900000092210260000105339000000922106676760710000
00300101000030000100005550000086163026000010533900000092210260000105339000000922106676760710000
00300108000030000100000000000086163026000010533900000092210260000105339000000922106676760710000
001001026000008616300406676760710260000105339000000922102600001053390000009221020390458400100120000
001001026000008616300506676760780260000105339000000922102600001053390000009221020390458400100120000
00200306676791240030400425858700000000003398683046080000301574000555000000000000000000010000000100000086163026000010533900000092210260000105339000000922100000000000000000000006360010804897112833001124000000
0020020667679482003010011299510000000000340836114001000030000000055500000000055500000001000000010000008616302600001053390000009221026000010533900000092210063600108048971128330011240000
0020020667679715003010011299510000000000340836114001000030000000055500000000055500000001000000010000008616302600001053390000009221026000010533900000092210063600108048971128330011240000
0020020667679719003010011299510000000000340836114001000030000000055500000000055500000001000000010000008616302600001053390000009221026000010533900000092210063600108048971128330011240000
00200306676804450030400338482100000000002127636476080000305054000555000000000000000000010000000100000086163026000010533900000092210260000105339000000922100000000000000000000006360010804897112833001124000000
00300108000030000200000000000086163026000010533900000092210260000105339000000922106676814730000
00300101000030000300016650000086163026000010533900000092210260000105339000000922106676814730000
001001026000008616300406676814730260000105339000000922102600001053390000009221020390458400100020000
001001026000008616300306676814780260000105339000000922102600001053390000009221020390458400100020000
001001026000008616300206676814830260000105339000000922102600001053390000009221020390458400100020000
010001001026000010533900000092210000086163066768149000400000
02000100106676814980030100112995100000000003408361140026000010533900000092210033001000008616302600001053390000009221026000010533900000092210000
0210010300200000086163026000010533900000092210260000105339000000922106676814980000
0210010400270000086163026000010533900000092210260000105339000000922106676814980000
0210011000010000086163026000010533900000092210260000105339000000922106676814980000
0210012500040000086163026000010533900000092210260000105339000000922106676814980000
010001001026000010533900000092210000086163066768149800500000
001001026000008616300106676815020000000105339000000000000000000000000000000000020390458400100020000
03400667649188000008616300005C06676491880667652620000008616304584I0000105339000010533901000001400055500000000100000001040000008000555000000001000000010613000010000000000000010000000108000001100000000000000100000001
03400667652628000008616300005C06676526280667656486000008616304584V000010533900001053390100000160005550000000010000000104000000900055500000000100000001080000009000000000000001000000010800000090000000000000010000000108000000900000000000000100000001080000009000000000000001000000010800000090000000000000010000000108000000900000000000000100000001080000009000000000000001000000010800000090000000000000010000000108000000900000000000000100000001
