1000020260000086106003063600107318412139740025140000
0450010000000000000000000106657487800000
0450010000000000000000000105428000100000
0450010000000000000000000106663622450000
0450010000000000000000000106670328860000
0450010000000000000000000106670362920000
0450010000000000000000000106672498470000
0450010000000000000000000106673325970000
0450010000000000000000000106674581130000
0450010000000000000000000106674645700000
0450010000000002000000000106674658680000
0450010000000002000000000106674671570000
0450010000000002000000000106674684460000
0450010000000002000000000106674697560000
0450010000000002000000000106674710330000
0450010000000002000000000106674723210000
0450010000000002000000000106674736270000
0450010000000002000000000106675831280000
0450010000000002000000000106676089210000
001001026000008610600206676169630000000074462000000000000000000000000000000000020410458600100000000
010001001026000007446200000072790000086106066761697000100000
0350010667616982658742460000067000000002010000
010001001026000007446200000072790000086106066761698400200000
001001026000008610600306676169880260000074462000000727902600000744620000007279020410458600100010000
001001026000008610600406676169950260000074462000000727902600000744620000007279020410458600100010000
005001066761699900301001080014000000000006587424600400001000150000
001001026000008610600306676170030260000074462000000727902600000744620000007279020410458600100010000
001001026000008610600406676182930260000074462000000727902600000744620000007279020410458600100110000
005001066761829600301001080014000000000006587424600400001000150000
001001026000008610600506676183020260000074462000000727902600000744620000007279020410458600100110000
002011066761851800104082405182000000000004099126480400001010820005550005550005550000000000000000000100000001000000861060260000074462000000727902600000744620000007279000000000000000000000000000000000000000000000000006360010731841213974002514000000
002011066761886200104152706861000000000024805896400400001017950005550005550005550000000000000000000100000001000000861060260000074462000000727902600000744620000007279000000000000000000000000000000000000000000000000006360010731841213974002514000000
002011066761886600117038722102000000000035972290350400001063720005550005550005550000000000000000000100000001000000861060260000074462000000727902600000744620000007279000000000000000000000000000000000000000000000000006360010731841213974002514000000
0020020667618906003010010800140000000000065874246001000030000000055500000000055500000001000000010000008610602600000744620000007279026000007446200000072790063600107318412139740025140000
005001066761989500301001080014000000000006587424600400001000150000
00300104000010000300016650000086106026000007446200000072790260000074462000000727906676198990000
00300101000030000100005550000086106026000007446200000072790260000074462000000727906676198990000
001001026000008610600406676198990260000074462000000727902600000744620000007279020410458600100010000
005001066762051100301001080014000000000006587424600400001000150000
001001026000008610600506676205170260000074462000000727902600000744620000007279020410458600100010000
002011066762073800117052026941000000000037449084030400001016550005550005550005550000000000000000000100000001000000861060260000074462000000727902600000744620000007279000000000000000000000000000000000000000000000000006360010731841213974002514000000
002011066762101000104165634601000000000024139799760400001019170005550005550005550000000000000000000100000001000000861060260000074462000000727902600000744620000007279000000000000000000000000000000000000000000000000006360010731841213974002514000000
002011066762106900104151218706000000000023358346960400001000600005550005550005550000000000000000000100000001000000861060260000074462000000727902600000744620000007279000000000000000000000000000000000000000000000000006360010731841213974002514000000
0020020667621075003010010800140000000000065874246001000030000000055500000000055500000001000000010000008610602600000744620000007279026000007446200000072790063600107318412139740025140000
00200306676211410030400446067100000000000518847219080000304482000555000000000000000000010000000100000086106026000007446200000072790260000074462000000727900000000000000000000006360010731841213974002514000000
00200306676212060030400456089500000000001113560794080000301133000555000000000000000000010000000100000086106026000007446200000072790260000074462000000727900000000000000000000006360010731841213974002514000000
002011066762145500117055410581000000000036067161900400001030930005550005550005550000000000000000000100000001000000861060260000074462000000727902600000744620000007279000000000000000000000000000000000000000000000000006360010731841213974002514000000
0020020667621565003010010800140000000000065874246001000030000000055500000000055500000001000000010000008610602600000744620000007279026000007446200000072790063600107318412139740025140000
002011066762170800104165132418000000000017675431120400001042860005550005550005550000000000000000000100000001000000861060260000074462000000727902600000744620000007279000000000000000000000000000000000000000000000000006360010731841213974002514000000
002011066762178700104089812948000000000031531551440400001001050005550005550005550000000000000000000100000001000000861060260000074462000000727902600000744620000007279000000000000000000000000000000000000000000000000006360010731841213974002514000000
002011066762182200104152347208000000000023005573840400001002810005550005550005550000000000000000000100000001000000861060260000074462000000727902600000744620000007279000000000000000000000000000000000000000000000000006360010731841213974002514000000
0020020667621848003010010800140000000000065874246001000030000000055500000000055500000001000000010000008610602600000744620000007279026000007446200000072790063600107318412139740025140000
002011066762193100104084894687000000000019183647440400001009780005550005550005550000000000000000000100000001000000861060260000074462000000727902600000744620000007279000000000000000000000000000000000000000000000000006360010731841213974002514000000
002011066762204900104156264633000000000025518876880400001023410005550005550005550000000000000000000100000001000000861060260000074462000000727902600000744620000007279000000000000000000000000000000000000000000000000006360010731841213974002514000000
0020020667622207003010010800140000000000065874246001000030000000055500000000055500000001000000010000008610602600000744620000007279026000007446200000072790063600107318412139740025140000
002011066762291000104082299668000000000000979026640400001010780005550005550005550000000000000000000100000001000000861060260000074462000000727902600000744620000007279000000000000000000000000000000000000000000000000006360010731841213974002514000000
005001066762376100301001080014000000000006587424600400001000150000
00300104000010001000055500000086106026000007446200000072790260000074462000000727906676237650000
00300101000030000400022200000086106026000007446200000072790260000074462000000727906676237650000
00300108000030000200000000000086106026000007446200000072790260000074462000000727906676237650000
001001026000008610600406676237650260000074462000000727902600000744620000007279020410458600100110000
005001066762379000301001080014000000000006587424600400001000150000
001001026000008610600306676237940260000074462000000727902600000744620000007279020410458600100110000
001001026000008610600206676237980260000074462000000727902600000744620000007279020410458600100110000
010001001026000007446200000072790000086106066762380500400000
02000100106676238130030100108001400000000000658742460026000007446200000072790067002000008610602600000744620000007279026000007446200000072790000
0210010300020000086106026000007446200000072790260000074462000000727906676238130000
0210010400210000086106026000007446200000072790260000074462000000727906676238130000
0210011800010000086106026000007446200000072790260000074462000000727906676238130000
010001001026000007446200000072790000086106066762381300500000
010001001026000007446200000072790000086106066762447800100000
0350010667624488658742460000067000000003010000
010001001026000007446200000072790000086106066762449000200000
001001026000008610600306676244930260000074462000000727902600000744620000007279020350458000100110000
001001026000008610600406676245110260000074462000000727902600000744620000007279020350458000100110000
005001066762520200301001080014000000000006587424600400001000150000
001001026000008610600506676252080260000074462000000727902600000744620000007279020350458000100110000
005001066762535300301001085611000000000025281767780400001000150000
005001066762535700301001085611000000000025281767780400001000150000
00200306676253580030100108561100000000002528176778070000303630000555000000000000000000010000000100000086106026000007446200000072790260000074462000000727900000000000000000000006360010731841213974002514000000
002011066762575800109009577581000000000009633306320100001006870005550005550005550000000000000000000100000001000000861060260000074462000000727902600000744620000007279000000000000000000000000000010000000000000000000306360010731841213974002514000000
005001066762576301503003158661000000000008722186810614015000840000
00200306676257630150300315866100000000000872218681061301500037000555000000000000000000010000000100000086106026000007446200000072790260000074462000000727900000000000000000000006360010731841213974002514000000
0020020667625774015030031586610000000000087221868106140150003600055500000000000000000001000000010000008610602600000744620000007279026000007446200000072790063600107318412139740025140000
0020020667625780003010010800140000000000065874246001000030000000055500000000055500000001000000010000008610602600000744620000007279026000007446200000072790063600107318412139740025140000
0020020667625795003010010800140000000000065874246001000030000000055500000000055500000001000000010000008610602600000744620000007279026000007446200000072790063600107318412139740025140000
0020020667625803003010010800140000000000065874246001000030000000055500000000055500000001000000010000008610602600000744620000007279026000007446200000072790063600107318412139740025140000
002011066762594500104089484878000000000033312059600400001001480005550005550005550000000000000000000100000001000000861060260000074462000000727902600000744620000007279000000000000000000000000000000000000000000000000006360010731841213974002514000000
00200306676259510030400469039100000000001112915866080000301558000555000000000000000000010000000100000086106026000007446200000072790260000074462000000727900000000000000000000006360010731841213974002514000000
0020020667625962003010010800140000000000065874246001000030000000055500000000055500000001000000010000008610602600000744620000007279026000007446200000072790063600107318412139740025140000
00200306676259690030400354973100000000001958364908080000304988000555000000000000000000010000000100000086106026000007446200000072790260000074462000000727900000000000000000000006360010731841213974002514000000
002011066762621400104162525826000000000025183522000400001012850005550005550005550000000000000000000100000001000000861060260000074462000000727902600000744620000007279000000000000000000000000000000000000000000000000006360010731841213974002514000000
0020020667626226003010010800140000000000065874246001000030000000055500000000055500000001000000010000008610602600000744620000007279026000007446200000072790063600107318412139740025140000
0020020667626326003010010800140000000000065874246001000030000000055500000000055500000001000000010000008610602600000744620000007279026000007446200000072790063600107318412139740025140000
0020020667626504003010010800140000000000065874246001000030000000055500000000055500000001000000010000008610602600000744620000007279026000007446200000072790063600107318412139740025140000
002011066762656100104087246252000000000015927780560400001012720005550005550003000003000008550000000100000001000000861060260000074462000000727902600000744620000007279100000000000000000000300000000000000000000000000006360010731841213974002514000000
0020020667626788003010010800140000000000065874246001000030000000055500000000055500000001000000010000008610602600000744620000007279026000007446200000072790063600107318412139740025140000
005001066762679301503002804797000000000010327707840614015000840000
00200306676267930150300280479700000000001032770784061301501375000555000000000000000000010000000100000086106026000007446200000072790260000074462000000727900000000000000000000006360010731841213974002514000000
0020020667626801015030028047970000000000103277078406140150136300055500000000000000000001000000010000008610602600000744620000007279026000007446200000072790063600107318412139740025140000
00200306676268200030400515664800000000003569388950080000300600000555000000000000000000010000000100000086106026000007446200000072790260000074462000000727900000000000000000000006360010731841213974002514000000
002011066762686200104166959502000000000024143583440400001016060005550005550005550000000000000000000100000001000000861060260000074462000000727902600000744620000007279000000000000000000000000000000000000000000000000006360010731841213974002514000000
002011066762713800104163081042000000000018729380560400001012830005550005550005550000000000000000000100000001000000861060260000074462000000727902600000744620000007279000000000000000000000000000000000000000000000000006360010731841213974002514000000
002011066762718700117060113989000000000025086792490400001020280005550005550005550000000000000000000100000001000000861060260000074462000000727902600000744620000007279000000000000000000000000000000000000000000000000006360010731841213974002514000000
005001066762724201503003061021000000000005200206490614015000840000
00200306676272420150300306102100000000000520020649061301500600000555000000000000000000010000000100000086106026000007446200000072790260000074462000000727900000000000000000000006360010731841213974002514000000
0020020667627250015030030610210000000000052002064906140150059800055500000000000000000001000000010000008610602600000744620000007279026000007446200000072790063600107318412139740025140000
0020020667627473003010010800140000000000065874246001000030000000055500000000055500000001000000010000008610602600000744620000007279026000007446200000072790063600107318412139740025140000
005001066762848400301001080014000000000006587424600400001000150000
00300107000030000100000000000086106026000007446200000072790260000074462000000727906676284870000
00300101000010000100005550000086106026000007446200000072790260000074462000000727906676284870000
00300106130150000300000000000086106026000007446200000072790260000074462000000727906676284870000
00300106140150000300000000000086106026000007446200000072790260000074462000000727906676284870000
00300101000030000900049950000086106026000007446200000072790260000074462000000727906676284870000
00300104000010000600033300000086106026000007446200000072790260000074462000000727906676284870000
00300108000030000300000000000086106026000007446200000072790260000074462000000727906676284870000
001001026000008610600406676284870260000074462000000727902600000744620000007279020350458000100010000
005001066762933800301001080014000000000006587424600400001000150000
001001026000008610600506676293440260000074462000000727902600000744620000007279020350458000100010000
00200306676293850030400476410500000000001546051394080000301357000555000000000000000000010000000100000086106026000007446200000072790260000074462000000727900000000000000000000006360010731841213974002514000000
0020020667629559003010010800140000000000065874246001000030000000055500000000055500000001000000010000008610602600000744620000007279026000007446200000072790063600107318412139740025140000
0020020667629607003010010800140000000000065874246001000030000000055500000000055500000001000000010000008610602600000744620000007279026000007446200000072790063600107318412139740025140000
0020020667629679003010010800140000000000065874246001000030000000055500000000055500000001000000010000008610602600000744620000007279026000007446200000072790063600107318412139740025140000
002011066762971700117026887977000000000034729533890400001033790005550005550005550000000000000000000100000001000000861060260000074462000000727902600000744620000007279000000000000000000000000000000000000000000000000006360010731841213974002514000000
0020020667629797003010010800140000000000065874246001000030000000055500000000055500000001000000010000008610602600000744620000007279026000007446200000072790063600107318412139740025140000
002011066762983100104162905068000000000018719173840400001015140005550005550005550000000000000000000100000001000000861060260000074462000000727902600000744620000007279000000000000000000000000000000000000000000000000006360010731841213974002514000000
0020020667629846003010010800140000000000065874246001000030000000055500000000055500000001000000010000008610602600000744620000007279026000007446200000072790063600107318412139740025140000
002011066762997500104163779546000000000024287516880400001048900005550005550005550000000000000000000100000001000000861060260000074462000000727902600000744620000007279000000000000000000000000000000000000000000000000006360010731841213974002514000000
0020020667630050003010010800140000000000065874246001000030000000055500000000055500000001000000010000008610602600000744620000007279026000007446200000072790063600107318412139740025140000
002011066763011600104087546523000000000016895660240400001002330005550005550005550000000000000000000100000001000000861060260000074462000000727902600000744620000007279000000000000000000000000000000000000000000000000006360010731841213974002514000000
0020020667630188003010010800140000000000065874246001000030000000055500000000055500000001000000010000008610602600000744620000007279026000007446200000072790063600107318412139740025140000
00200306676303330030400378463300000000003933951685080000301847000555000000000000000000010000000100000086106026000007446200000072790260000074462000000727900000000000000000000006360010731841213974002514000000
0020020667630350003010010800140000000000065874246001000030000000055500000000055500000001000000010000008610602600000744620000007279026000007446200000072790063600107318412139740025140000
0020020667630493003010010800140000000000065874246001000030000000055500000000055500000001000000010000008610602600000744620000007279026000007446200000072790063600107318412139740025140000
0020020667630504003010010800140000000000065874246001000030000000055500000000055500000001000000010000008610602600000744620000007279026000007446200000072790063600107318412139740025140000
002011066763057200109126790818000000000002379318480100001016070005550005550005550000000000000000000100000001000000861060260000074462000000727902600000744620000007279000000000000000000000000000010000000000000000005606360010731841213974002514000000
002011066763058500109066462925000000000013908373200100001004320005550005550005550000000000000000000100000001000000861060260000074462000000727902600000744620000007279000000000000000000000000000010000000000000000000106360010731841213974002514000000
0020020667630868003010010800140000000000065874246001000030000000055500000000055500000001000000010000008610602600000744620000007279026000007446200000072790063600107318412139740025140000
002011066763087700104153297451000000000029464410320400001075260005550005550005550000000000000000000100000001000000861060260000074462000000727902600000744620000007279000000000000000000000000000000000000000000000000006360010731841213974002514000000
00200306676309430030400477593100000000001548098690080000300496000555000000000000000000010000000100000086106026000007446200000072790260000074462000000727900000000000000000000006360010731841213974002514000000
00200306676311280030400406012400000000000572310483080000307618000555000000000000000000010000000100000086106026000007446200000072790260000074462000000727900000000000000000000006360010731841213974002514000000
00200306676312780030400510098700000000000872155481080000301211000555000000000000000000010000000100000086106026000007446200000072790260000074462000000727900000000000000000000006360010731841213974002514000000
00200306676312870030400480820100000000000455784553080000302511000555000000000000000000010000000100000086106026000007446200000072790260000074462000000727900000000000000000000006360010731841213974002514000000
00200306676312950030400527770400000000001063241826080000300298000555000000000000000000010000000100000086106026000007446200000072790260000074462000000727900000000000000000000006360010731841213974002514000000
00200306676313030030400352749500000000002130570380080000307003000555000000000000000000010000000100000086106026000007446200000072790260000074462000000727900000000000000000000006360010731841213974002514000000
00200306676313460030400444172100000000002680029651080000302415000555000000000000000000010000000100000086106026000007446200000072790260000074462000000727900000000000000000000006360010731841213974002514000000
002011066763142900104161129481000000000028444158160400001018470005550005550005550000000000000000000100000001000000861060260000074462000000727902600000744620000007279000000000000000000000000000000000000000000000000006360010731841213974002514000000
002011066763152300104082805181000000000001890796240400001006270005550005550005550000000000000000000100000001000000861060260000074462000000727902600000744620000007279000000000000000000000000000000000000000000000000006360010731841213974002514000000
002011066763174800117008630129000000000037921470590400001060480005550005550005550000000000000000000100000001000000861060260000074462000000727902600000744620000007279000000000000000000000000000000000000000000000000006360010731841213974002514000000
00200306676321400030400527618100000000001063634802080000300233000555000000000000000000010000000100000086106026000007446200000072790260000074462000000727900000000000000000000006360010731841213974002514000000
00200306676321790030400467141700000000002523661610080000302085000555000000000000000000010000000100000086106026000007446200000072790260000074462000000727900000000000000000000006360010731841213974002514000000
005001066763283600301001080014000000000006587424600400001000150000
00300108000030001100000000000086106026000007446200000072790260000074462000000727906676328400000
00300101000030001100061050000086106026000007446200000072790260000074462000000727906676328400000
00300104000010000800044400000086106026000007446200000072790260000074462000000727906676328400000
00300101000010000200011100000086106026000007446200000072790260000074462000000727906676328400000
001001026000008610600406676328400260000074462000000727902600000744620000007279020350458000100110000
005001066763415600301001080014000000000006587424600400001000150000
001001026000008610600506676341610260000074462000000727902600000744620000007279020350458000100110000
0020020667634199003010010800140000000000065874246001000030000000055500000000055500000001000000010000008610602600000744620000007279026000007446200000072790063600107318412139740025140000
0020020667634604003010010800140000000000065874246001000030000000055500000000055500000001000000010000008610602600000744620000007279026000007446200000072790063600107318412139740025140000
002011066763492700104151603871000000000025908124880400001001680005550005550005550000000000000000000100000001000000861060260000074462000000727902600000744620000007279000000000000000000000000000000000000000000000000006360010731841213974002514000000
0020020667634934003010010800140000000000065874246001000030000000055500000000055500000001000000010000008610602600000744620000007279026000007446200000072790063600107318412139740025140000
00200306676354500030400357594500000000003890939466080000306570000555000000000000000000010000000100000086106026000007446200000072790260000074462000000727900000000000000000000006360010731841213974002514000000
0020020667635866003010010800140000000000065874246001000030000000055500000000055500000001000000010000008610602600000744620000007279026000007446200000072790063600107318412139740025140000
0020020667636145003010010800140000000000065874246001000030000000055500000000055500000001000000010000008610602600000744620000007279026000007446200000072790063600107318412139740025140000
0020020667636163003010010800140000000000065874246001000030000000055500000000055500000001000000010000008610602600000744620000007279026000007446200000072790063600107318412139740025140000
005001066763713100301001080014000000000006587424600400001000150000
00300101000030000600033300000086106026000007446200000072790260000074462000000727906676371350000
00300104000010000100005550000086106026000007446200000072790260000074462000000727906676371350000
00300108000030000100000000000086106026000007446200000072790260000074462000000727906676371350000
001001026000008610600406676371350260000074462000000727902600000744620000007279020350458000100010000
005001066763747100301001080014000000000006587424600400001000150000
001001026000008610600306676374740260000074462000000727902600000744620000007279020350458000100010000
001001026000008610600206676374790260000074462000000727902600000744620000007279020350458000100010000
010001001026000007446200000072790000086106066763748600400000
02000100106676374930030100108001400000000000658742460026000007446200000072790067003000008610602600000744620000007279026000007446200000072790000
0210010300150000086106026000007446200000072790260000074462000000727906676374930000
0210010400200000086106026000007446200000072790260000074462000000727906676374930000
0210010800010000086106026000007446200000072790260000074462000000727906676374930000
0210011000030000086106026000007446200000072790260000074462000000727906676374930000
0210011100030000086106026000007446200000072790260000074462000000727906676374930000
0210011800040000086106026000007446200000072790260000074462000000727906676374930000
0210012500020000086106026000007446200000072790260000074462000000727906676374930000
010001001026000007446200000072790000086106066763749400500000
001001026000008610600106676374990000000074462000000000000000000000000000000000020350458000100010000
03400667620517000008610600005C06676205170667623765000008610604586I00000744620000074462010000017000555000000001000000010400000180005550000000010000000108000001300000000000000100000001
03400667618302000008610600005C06676183020667619899000008610604586V0000074462000007446201000001700055500000000100000001040000009000555000000001000000010400000090005550000000010000000104000000900055500000000100000001
