1000020260000086122003063600113589159218960028820000
001001026000008612200206676196060000000073025000000000000000000000000000000000000000000000000000000
010001001026000007302500000072250000086122066761961300100000
0350010667619634872249110000007100000001010000
010001001026000007302500000072250000086122066761963600200000
001001026000008612200306676196400260000073025000000722502600000730250000007225000000000000000010000
001001026000008612200406676196540260000073025000000722502600000730250000007225020290457400100010000
001001026000008612200506676208780260000073025000000722502600000730250000007225020290457400100010000
0020020667621255003010011548410000000000087224911301000030000000046500000000046500000001000000010000008612202600000730250000007225026000007302500000072250063600113589159218960028820000
0020020667621276003010011548410000000000087224911301000030000000046500000000046500000001000000010000008612202600000730250000007225026000007302500000072250063600113589159218960028820000
002011066762143000104164992065000000000024332739280400001021430004650004650004650000000000000000000100000001000000861220260000073025000000722502600000730250000007225000000000000000000000000000000000000000000000000006360011358915921896002882000000
002011066762180800104157702707000000000027573717200400001000370004650004650004650000000000000000000100000001000000861220260000073025000000722502600000730250000007225000000000000000000000000000000000000000000000000006360011358915921896002882000000
005001066762191700305000429059000000000002023564820710003001360000
002011066762191700305000429059000000000002023564820400001006690004650004650004650000000000000000000100000001000000861220260000073025000000722502600000730250000007225000000000000000000000019300000000000000000000000006360011358915921896002882000000
002011066762232300104151915547000000000025348101840400001100660004650004650004650000000000000000000100000001000000861220260000073025000000722502600000730250000007225000000000000000000000000000000000000000000000000006360011358915921896002882000000
0020020667622335003010011548410000000000087224911301000030000000046500000000046500000001000000010000008612202600000730250000007225026000007302500000072250063600113589159218960028820000
005001066762316300301001065066000000000011095411620400001000150000
00300101000030000300013950000086122026000007302500000072250260000073025000000722506676231650000
00300104000010000400018600000086122026000007302500000072250260000073025000000722506676231650000
001001026000008612200406676231650260000073025000000722502600000730250000007225020290457400100110000
005001066762319100301001065066000000000011095411620400001000150000
001001026000008612200506676231950260000073025000000722502600000730250000007225020290457400100110000
002011066762321400109076382932000000000029828089040100001000060004650004650004650000000000000000000100000001000000861220260000073025000000722502600000730250000007225000000000000000000000000000000000000000000000000006360011358915921896002882000000
0020020667623229003010011548410000000000087224911301000030000000046500000000046500000001000000010000008612202600000730250000007225026000007302500000072250063600113589159218960028820000
0020020667623238003010011548410000000000087224911301000030000000046500000000046500000001000000010000008612202600000730250000007225026000007302500000072250063600113589159218960028820000
0020020667623257003010011548410000000000087224911301000030000000046500000000046500000001000000010000008612202600000730250000007225026000007302500000072250063600113589159218960028820000
0020020667623267003010011548410000000000087224911301000030000000046500000000046500000001000000010000008612202600000730250000007225026000007302500000072250063600113589159218960028820000
0020020667623274003010011548410000000000087224911301000030000000046500000000046500000001000000010000008612202600000730250000007225026000007302500000072250063600113589159218960028820000
00200306676232800030400340300100000000000338026236080000305062000465000000000000000000010000000100000086122026000007302500000072250260000073025000000722500000000000000000000006360011358915921896002882000000
0020020667623310003010011548410000000000087224911301000030000000046500000000046500000001000000010000008612202600000730250000007225026000007302500000072250063600113589159218960028820000
002011066762331500104156701766000000000026911852240400001000460004650004650004650000000000000000000100000001000000861220260000073025000000722502600000730250000007225000000000000000000000000000000000000000000000000006360011358915921896002882000000
0020020667623322003010011548410000000000087224911301000030000000046500000000046500000001000000010000008612202600000730250000007225026000007302500000072250063600113589159218960028820000
0020020667623331003010011548410000000000087224911301000030000000046500000000046500000001000000010000008612202600000730250000007225026000007302500000072250063600113589159218960028820000
002011066762333700104164628151000000000023268475600400001009660004650004650004650000000000000000000100000001000000861220260000073025000000722502600000730250000007225000000000000000000000000000000000000000000000000006360011358915921896002882000000
005001066762378200301001141081000000000002529836250400001000150000
005001066762378600301001141081000000000002529836250400001000150000
00200306676237880030100114108100000000000252983625070000300367000465000000000000000000010000000100000086122026000007302500000072250260000073025000000722500000000000000000000006360011358915921896002882000000
0020020667623849003010011548410000000000087224911301000030000000046500000000046500000001000000010000008612202600000730250000007225026000007302500000072250063600113589159218960028820000
005001066762392301503001569107000000000042459063891021015000150000
00200306676239250150300156910700000000004245906389061201502318000465000000000000000000010000000100000086122026000007302500000072250260000073025000000722500000000000000000000006360011358915921896002882000000
002011066762402700117032438275000000000039847849320400001026200004650004650004600004600008550000000100000001000000861220260000073025000000722502600000730250000007225100000000000000000000300000000000000000000000000006360011358915921896002882000000
0020020667624034003010011548410000000000087224911301000030000000046500000000046500000001000000010000008612202600000730250000007225026000007302500000072250063600113589159218960028820000
0020020667624589003010011548410000000000087224911301000030000000046500000000046500000001000000010000008612202600000730250000007225026000007302500000072250063600113589159218960028820000
0020020667624609003010011548410000000000087224911301000030000000046500000000046500000001000000010000008612202600000730250000007225026000007302500000072250063600113589159218960028820000
0020020667624622003010011548410000000000087224911301000030000000046500000000046500000001000000010000008612202600000730250000007225026000007302500000072250063600113589159218960028820000
0020020667625198003010011548410000000000087224911301000030000000046500000000046500000001000000010000008612202600000730250000007225026000007302500000072250063600113589159218960028820000
00200306676254190030400262671600000000003415944180080000306103000465000000000000000000010000000100000086122026000007302500000072250260000073025000000722500000000000000000000006360011358915921896002882000000
00300101000010000100004650000086122026000007302500000072250260000073025000000722506676261160000
00300101000030001400065100000086122026000007302500000072250260000073025000000722506676261160000
00300108000030000200000000000086122026000007302500000072250260000073025000000722506676261160000
00300104000010000300013950000086122026000007302500000072250260000073025000000722506676261160000
00300107000030000100000000000086122026000007302500000072250260000073025000000722506676261160000
00300106120150000100000000000086122026000007302500000072250260000073025000000722506676261160000
001001026000008612200406676261160260000073025000000722502600000730250000007225020290457400100010000
001001026000008612200506676271030260000073025000000722502600000730250000007225020290457400100010000
0020020667627187003010011548410000000000087224911301000030000000046500000000046500000001000000010000008612202600000730250000007225026000007302500000072250063600113589159218960028820000
0020020667627289003010011548410000000000087224911301000030000000046500000000046500000001000000010000008612202600000730250000007225026000007302500000072250063600113589159218960028820000
0020020667627589003010011548410000000000087224911301000030000000046500000000046500000001000000010000008612202600000730250000007225026000007302500000072250063600113589159218960028820000
002011066762788800104164309721000000000024373264080400001019170004650004650003050000000000000000000100000001000000861220260000073025000000722502600000730250000007225000000000000000000000000000000000000000000000000006360011358915921896002882000000
002011066762788800104164309721000000000024373264080400001019170004650004650001600000000000000000000100000001000000861220260000073025000000722502600000730250000007225000000000000000000000000000000000000000000000000006360011358915921896002882000000
0020020667627981003010011548410000000000087224911301000030000000046500000000046500000001000000010000008612202600000730250000007225026000007302500000072250063600113589159218960028820000
00200306676280860030400452189100000000003413365940080000301331000465000000000000000000010000000100000086122026000007302500000072250260000073025000000722500000000000000000000006360011358915921896002882000000
00200306676281690030400305272100000000002130463100080000305207000465000000000000000000010000000100000086122026000007302500000072250260000073025000000722500000000000000000000006360011358915921896002882000000
002011066762847800104086230069000000000023582480080400001001530004650004650004650000000000000000000100000001000000861220260000073025000000722502600000730250000007225000000000000000000000000000000000000000000000000006360011358915921896002882000000
0020020667628600003010011548410000000000087224911301000030000000046500000000046500000001000000010000008612202600000730250000007225026000007302500000072250063600113589159218960028820000
005001066762870200000000000000000000000034159849480000000000150000
00200306676287080030400251167600000000003415984948080000307037000465000000000000000000010000000100000086122026000007302500000072250260000073025000000722500000000000000000000006360011358915921896002882000000
0020020667628722003010011548410000000000087224911301000030000000046500000000046500000001000000010000008612202600000730250000007225026000007302500000072250063600113589159218960028820000
0020020667628750003010011548410000000000087224911301000030000000046500000000046500000001000000010000008612202600000730250000007225026000007302500000072250063600113589159218960028820000
0020020667629094003010011548410000000000087224911301000030000000046500000000046500000001000000010000008612202600000730250000007225026000007302500000072250063600113589159218960028820000
0020020667629139003010011548410000000000087224911301000030000000046500000000046500000001000000010000008612202600000730250000007225026000007302500000072250063600113589159218960028820000
0020020667629247003010011548410000000000087224911301000030000000046500000000046500000001000000010000008612202600000730250000007225026000007302500000072250063600113589159218960028820000
005001066762978700301001065066000000000011095411620400001000150000
00300101000030001000046500000086122026000007302500000072250260000073025000000722506676297890000
00300104000010000200009300000086122026000007302500000072250260000073025000000722506676297890000
00300108000030000300000000000086122026000007302500000072250260000073025000000722506676297890000
001001026000008612200406676297890260000073025000000722502600000730250000007225020290457400100110000
001001026000008612200506676305790260000073025000000722502600000730250000007225020290457400100110000
0020020667630590003010011548410000000000087224911301000030000000046500000000046500000001000000010000008612202600000730250000007225026000007302500000072250063600113589159218960028820000
0020020667630628003010011548410000000000087224911301000030000000046500000000046500000001000000010000008612202600000730250000007225026000007302500000072250063600113589159218960028820000
0020020667630639003010011548410000000000087224911301000030000000046500000000046500000001000000010000008612202600000730250000007225026000007302500000072250063600113589159218960028820000
0020020667630676003010011548410000000000087224911301000030000000046500000000046500000001000000010000008612202600000730250000007225026000007302500000072250063600113589159218960028820000
0020020667630683003010011548410000000000087224911301000030000000046500000000046500000001000000010000008612202600000730250000007225026000007302500000072250063600113589159218960028820000
00200306676306890030400499134900000000003534373014080000300973000465000000000000000000010000000100000086122026000007302500000072250260000073025000000722500000000000000000000006360011358915921896002882000000
0020020667630707003010011548410000000000087224911301000030000000046500000000046500000001000000010000008612202600000730250000007225026000007302500000072250063600113589159218960028820000
005001066763071800304002488925000000000034137988520000000000150000
00200306676307190030400248892500000000003413798852080000303793000465000000000000000000010000000100000086122026000007302500000072250260000073025000000722500000000000000000000006360011358915921896002882000000
0020020667630746003010011548410000000000087224911301000030000000046500000000046500000001000000010000008612202600000730250000007225026000007302500000072250063600113589159218960028820000
0020020667630750003010011548410000000000087224911301000030000000046500000000046500000001000000010000008612202600000730250000007225026000007302500000072250063600113589159218960028820000
0020020667630795003010011548410000000000087224911301000030000000046500000000046500000001000000010000008612202600000730250000007225026000007302500000072250063600113589159218960028820000
0020020667630819003010011548410000000000087224911301000030000000046500000000046500000001000000010000008612202600000730250000007225026000007302500000072250063600113589159218960028820000
00200306676308300030400418715900000000002659363811080000301260000465000000000000000000010000000100000086122026000007302500000072250260000073025000000722500000000000000000000006360011358915921896002882000000
00200306676308400030400451962300000000001109556634080000300128000465000000000000000000010000000100000086122026000007302500000072250260000073025000000722500000000000000000000006360011358915921896002882000000
0020020667630929003010011548410000000000087224911301000030000000046500000000046500000001000000010000008612202600000730250000007225026000007302500000072250063600113589159218960028820000
0020020667631051003010011548410000000000087224911301000030000000046500000000046500000001000000010000008612202600000730250000007225026000007302500000072250063600113589159218960028820000
002011066763112700104151132551000000000025875520720400001001100004650004650004650000000000000000000100000001000000861220260000073025000000722502600000730250000007225000000000000000000000000000000000000000000000000006360011358915921896002882000000
002011066763114800104079624031000000000012900194810400001014630004650004650004650000000000000000000100000001000000861220260000073025000000722502600000730250000007225000000000000000000000019300000000000000000000000006360011358915921896002882000000
002011066763120000104087875691000000000018415437520400001007110004650004650004650000000000000000000100000001000000861220260000073025000000722502600000730250000007225000000000000000000000000000000000000000000000000006360011358915921896002882000000
00200306676312090030400494781100000000002523828346080000301341000465000000000000000000010000000100000086122026000007302500000072250260000073025000000722500000000000000000000006360011358915921896002882000000
0020020667631232003010011548410000000000087224911301000030000000046500000000046500000001000000010000008612202600000730250000007225026000007302500000072250063600113589159218960028820000
00200306676313360030400444858100000000000992166816080000301071000465000000000000000000010000000100000086122026000007302500000072250260000073025000000722500000000000000000000006360011358915921896002882000000
0020020667631353003010011548410000000000087224911301000030000000046500000000046500000001000000010000008612202600000730250000007225026000007302500000072250063600113589159218960028820000
0020020667631366003010011548410000000000087224911301000030000000046500000000046500000001000000010000008612202600000730250000007225026000007302500000072250063600113589159218960028820000
0020020667631434003010011548410000000000087224911301000030000000046500000000046500000001000000010000008612202600000730250000007225026000007302500000072250063600113589159218960028820000
00200306676314440030400433406200000000002517444890080000301909000465000000000000000000010000000100000086122026000007302500000072250260000073025000000722500000000000000000000006360011358915921896002882000000
00200306676314550030400301646600000000003362004539080000301671000465000000000000000000010000000100000086122026000007302500000072250260000073025000000722500000000000000000000006360011358915921896002882000000
0020020667631583003010011548410000000000087224911301000030000000046500000000046500000001000000010000008612202600000730250000007225026000007302500000072250063600113589159218960028820000
002011066763169700104149983115000000000024585232080400001002470004650004650004650000000000000000000100000001000000861220260000073025000000722502600000730250000007225000000000000000000000000000000000000000000000000006360011358915921896002882000000
0020020667631912003010011548410000000000087224911301000030000000046500000000046500000001000000010000008612202600000730250000007225026000007302500000072250063600113589159218960028820000
00200306676322010020100414188300000000003952132858070000202635000465000000000000000000010000000100000086122026000007302500000072250260000073025000000722500000000000000000000006360011358915921896002882000000
002011066763259900117055853155000000000042378644550400001014130004650004650004650000000000000000000100000001000000861220260000073025000000722502600000730250000007225000000000000000000000000000000000000000000000000006360011358915921896002882000000
00300101000030001800083700000086122026000007302500000072250260000073025000000722506676336920000
00300108000030000800000000000086122026000007302500000072250260000073025000000722506676336920000
00300104000010000500023250000086122026000007302500000072250260000073025000000722506676336920000
00300107000020000100000000000086122026000007302500000072250260000073025000000722506676336920000
001001026000008612200406676336920260000073025000000722502600000730250000007225020290457400100010000
001001026000008612200306676337030260000073025000000722502600000730250000007225020290457400100010000
001001026000008612200406676343330260000073025000000722502600000730250000007225020290457400100010000
001001026000008612200506676343400260000073025000000722502600000730250000007225020290457400100010000
001001026000008612200406676345150260000073025000000722502600000730250000007225020290457400100110000
001001026000008612200306676345200260000073025000000722502600000730250000007225020290457400100110000
001001026000008612200406676352600260000073025000000722502600000730250000007225020290457400100010000
001001026000008612200506676353450260000073025000000722502600000730250000007225020290457400100010000
00200306676356810030400394077500000000000958367083080000302583000465000000000000000000010000000100000086122026000007302500000072250260000073025000000722500000000000000000000006360011358915921896002882000000
00200306676357000020401149169400000000000258199185080000201474000465000000000000000000010000000100000086122026000007302500000072250260000073025000000722500000000000000000000006360011358915921896002882000000
00200306676357170030400435762300000000000520418371080000301026000465000000000000000000010000000100000086122026000007302500000072250260000073025000000722500000000000000000000006360011358915921896002882000000
00200306676358360020401729904300000000000040946405080000200047000465000000000000000000010000000100000086122026000007302500000072250260000073025000000722500000000000000000000006360011358915921896002882000000
0020020667635934003010011548410000000000087224911301000030000000046500000000046500000001000000010000008612202600000730250000007225026000007302500000072250063600113589159218960028820000
0020020667635940003010011548410000000000087224911301000030000000046500000000046500000001000000010000008612202600000730250000007225026000007302500000072250063600113589159218960028820000
002011066763625800104088892913000000000029381763280400001001700004650004650004650000000000000000000100000001000000861220260000073025000000722502600000730250000007225000000000000000000000000000000000000000000000000006360011358915921896002882000000
002011066763626400104087991535000000000016496830160400001001620004650004650004650000000000000000000100000001000000861220260000073025000000722502600000730250000007225000000000000000000000000000000000000000000000000006360011358915921896002882000000
00200306676363370030400499864500000000001545965618080000300807000465000000000000000000010000000100000086122026000007302500000072250260000073025000000722500000000000000000000006360011358915921896002882000000
00200306676368020030400456560900000000001110126922080000300371000465000000000000000000010000000100000086122026000007302500000072250260000073025000000722500000000000000000000006360011358915921896002882000000
00200306676368230030400360925400000000002140444076080000300770000465000000000000000000010000000100000086122026000007302500000072250260000073025000000722500000000000000000000006360011358915921896002882000000
0020020667636902003010011548410000000000087224911301000030000000046500000000046500000001000000010000008612202600000730250000007225026000007302500000072250063600113589159218960028820000
00200306676370680030400436444100000000000581849635080000302347000465000000000000000000010000000100000086122026000007302500000072250260000073025000000722500000000000000000000006360011358915921896002882000000
00200306676373460030400261470100000000003413541412080000313552000465000000000000000000010000000100000086122026000007302500000072250260000073025000000722500000000000000000000006360011358915921896002882000000
0020020667637437003010011548410000000000087224911301000030000000046500000000046500000001000000010000008612202600000730250000007225026000007302500000072250063600113589159218960028820000
002011066763744200104085961574000000000017956409040400001007930004650004650004650000000000000000000100000001000000861220260000073025000000722502600000730250000007225000000000000000000000000000000000000000000000000006360011358915921896002882000000
00200306676374550030400490647300000000000455101513080000301212000465000000000000000000010000000100000086122026000007302500000072250260000073025000000722500000000000000000000006360011358915921896002882000000
0020020667637521003010011548410000000000087224911301000030000000046500000000046500000001000000010000008612202600000730250000007225026000007302500000072250063600113589159218960028820000
00200306676377220030400519236900000000003569210182080000301548000465000000000000000000010000000100000086122026000007302500000072250260000073025000000722500000000000000000000006360011358915921896002882000000
005001066763843400301001065066000000000011095411620400001000150000
00300108000030000900000000000086122026000007302500000072250260000073025000000722506676384370000
00300108000020000200000000000086122026000007302500000072250260000073025000000722506676384370000
00300101000030000500023250000086122026000007302500000072250260000073025000000722506676384370000
00300104000010000300013950000086122026000007302500000072250260000073025000000722506676384370000
001001026000008612200406676384370260000073025000000722502600000730250000007225020290457400100110000
001001026000008612200506676389790260000073025000000722502600000730250000007225020290457400100110000
0020020667639000003010011548410000000000087224911301000030000000046500000000046500000001000000010000008612202600000730250000007225026000007302500000072250063600113589159218960028820000
00200306676390070030400236254900000000002442538954080000308257000465000000000000000000010000000100000086122026000007302500000072250260000073025000000722500000000000000000000006360011358915921896002882000000
0020020667639016003010011548410000000000087224911301000030000000046500000000046500000001000000010000008612202600000730250000007225026000007302500000072250063600113589159218960028820000
00200306676390250030400288438300000000003415711380080000303626000465000000000000000000010000000100000086122026000007302500000072250260000073025000000722500000000000000000000006360011358915921896002882000000
0020020667639048003010011548410000000000087224911301000030000000046500000000046500000001000000010000008612202600000730250000007225026000007302500000072250063600113589159218960028820000
00200306676391420030400528477800000000001063557506080000300087000465000000000000000000010000000100000086122026000007302500000072250260000073025000000722500000000000000000000006360011358915921896002882000000
00300101000030000300013950000086122026000007302500000072250260000073025000000722506676413420000
00300108000030000300000000000086122026000007302500000072250260000073025000000722506676413420000
001001026000008612200406676413420260000073025000000722502600000730250000007225020290457400100010000
001001026000008612200506676428380260000073025000000722502600000730250000007225020290457400100010000
00200306676429090030400444858100000000000992166816080000301072000465000000000000000000010000000100000086122026000007302500000072250260000073025000000722500000000000000000000006360011358915921896002882000000
0020020667642924003010011548410000000000087224911301000030000000046500000000046500000001000000010000008612202600000730250000007225026000007302500000072250063600113589159218960028820000
00200306676429280030400485479100000000001545939522080000301801000465000000000000000000010000000100000086122026000007302500000072250260000073025000000722500000000000000000000006360011358915921896002882000000
00200306676429600030400249382100000000003413555924080000302482000465000000000000000000010000000100000086122026000007302500000072250260000073025000000722500000000000000000000006360011358915921896002882000000
0020020667643160003010011548410000000000087224911301000030000000046500000000046500000001000000010000008612202600000730250000007225026000007302500000072250063600113589159218960028820000
002011066764316600109069170984000000000015012414160100001016980004650004650004650000000000000000000100000001000000861220260000073025000000722502600000730250000007225000000000000000000000000000000000000000000000000006360011358915921896002882000000
00200306676433900030400437166900000000002517656378080000304283000465000000000000000000010000000100000086122026000007302500000072250260000073025000000722500000000000000000000006360011358915921896002882000000
00200306676434470030400476363100000000001545873650080000301420000465000000000000000000010000000100000086122026000007302500000072250260000073025000000722500000000000000000000006360011358915921896002882000000
002011066764397800104088501272000000000028072382160400001001780004650004650004650000000000000000000100000001000000861220260000073025000000722502600000730250000007225000000000000000000000000000000000000000000000000006360011358915921896002882000000
0020020667644051003010011548410000000000087224911301000030000000046500000000046500000001000000010000008612202600000730250000007225026000007302500000072250063600113589159218960028820000
0020020667644056003010011548410000000000087224911301000030000000046500000000046500000001000000010000008612202600000730250000007225026000007302500000072250063600113589159218960028820000
0020020667644281003010011548410000000000087224911301000030000000046500000000046500000001000000010000008612202600000730250000007225026000007302500000072250063600113589159218960028820000
00200306676446290030400531165100000000001546027202080000300103000465000000000000000000010000000100000086122026000007302500000072250260000073025000000722500000000000000000000006360011358915921896002882000000
0020020667644650003010011548410000000000087224911301000030000000046500000000046500000001000000010000008612202600000730250000007225026000007302500000072250063600113589159218960028820000
0020020667644707003010011548410000000000087224911301000030000000046500000000046500000001000000010000008612202600000730250000007225026000007302500000072250063600113589159218960028820000
0020020667644710003010011548410000000000087224911301000030000000046500000000046500000001000000010000008612202600000730250000007225026000007302500000072250063600113589159218960028820000
002011066764476500104163779546000000000024287516880400001048920004650004650004650000000000000000000100000001000000861220260000073025000000722502600000730250000007225000000000000000000000000000000000000000000000000006360011358915921896002882000000
0020020667645470003010011548410000000000087224911301000030000000046500000000046500000001000000010000008612202600000730250000007225026000007302500000072250063600113589159218960028820000
00300108000030000600000000000086122026000007302500000072250260000073025000000722506676457120000
00300101000030000900041850000086122026000007302500000072250260000073025000000722506676457120000
00300101000010000100004650000086122026000007302500000072250260000073025000000722506676457120000
00300104000010000200009300000086122026000007302500000072250260000073025000000722506676457120000
001001026000008612200406676457120260000073025000000722502600000730250000007225020290457400100110000
001001026000008612200506676463040260000073025000000722502600000730250000007225020290457400100110000
002011066764631200104152088369000000000023809977040400001076210004650004650004600004600008550000000100000001000000861220260000073025000000722502600000730250000007225100000000000000000000300000000000000000000000000006360011358915921896002882000000
0020020667646409003010011548410000000000087224911301000030000000046500000000046500000001000000010000008612202600000730250000007225026000007302500000072250063600113589159218960028820000
0020020667646496003010011548410000000000087224911301000030000000046500000000046500000001000000010000008612202600000730250000007225026000007302500000072250063600113589159218960028820000
002011066764650100117034979052000000000041789369470400001020890004650004650004500004500008550000000100000001000000861220260000073025000000722502600000730250000007225100000000000000000000300000000000000000000000000006360011358915921896002882000000
0020020667646534003010011548410000000000087224911301000030000000046500000000046500000001000000010000008612202600000730250000007225026000007302500000072250063600113589159218960028820000
00200306676466200030400520169400000000003533177830080000300261000465000000000000000000010000000100000086122026000007302500000072250260000073025000000722500000000000000000000006360011358915921896002882000000
005001066764714600109075628938000000000031846508240100001000340000
002011066764716300109126530352000000000002405676240100001009470004650004650004650000000000000000000100000001000000861220260000073025000000722502600000730250000007225000000000000000000000000000000000000000000000000006360011358915921896002882000000
00300104000010000200009300000086122026000007302500000072250260000073025000000722506676485590000
00300101000030000300013950000086122026000007302500000072250260000073025000000722506676485590000
00300108000030000100000000000086122026000007302500000072250260000073025000000722506676485590000
00300101000010000100004650000086122026000007302500000072250260000073025000000722506676485590000
001001026000008612200406676485590260000073025000000722502600000730250000007225020290457400100010000
001001026000008612200306676485650260000073025000000722502600000730250000007225020290457400100010000
02000100106676485760030100115484100000000000872249113026000007302500000072250007101000008612202600000730250000007225026000007302500000072250000
0210010300340000086122026000007302500000072250260000073025000000722506676485760000
0210010400380000086122026000007302500000072250260000073025000000722506676485760000
0210010800020000086122026000007302500000072250260000073025000000722506676485760000
0210010900010000086122026000007302500000072250260000073025000000722506676485760000
0210011200010000086122026000007302500000072250260000073025000000722506676485760000
0210011800050000086122026000007302500000072250260000073025000000722506676485760000
0210012500050000086122026000007302500000072250260000073025000000722506676485760000
010001001026000007302500000072250000086122066764857600500000
005001066764858300301001154841000000000008722491131011003000150000
001001026000008612200206676485870260000073025000000722500000000000000000000000020290457400100010000
010001001026000007302500000072250000086122066764859500400000
001001026000008612200106676486020000000073025000000000000000000000000000000000020290457400100010000
03400667620878000008612200005C06676208780667623165000008612204574I000007302500000730250100000280004650000000010000000104000001000046500000000100000001
03400667623195000008612200005C06676231950667626116000008612204574V0000073025000007302501000004000046500000000100000001040000002000460100000001000000010400000070004650000000010000000106120000100000000000000100000001070000002000000000000001000000010800000140000000000000010000000108000001400000000000000100000001080000014000000000000001000000010800000140000000000000010000000108000001400000000000000100000001080000014000000000000001000000010800000140000000000000010000000108000001400000000000000100000001080000014000000000000001000000010800000140000000000000010000000108000001400000000000000100000001080000014000000000000001000000010800000140000000000000010000000108000001400000000000000100000001080000014000000000000001000000010800000140000000000000010000000108000001400000000000000100000001
