1000020260000086032003063600107318412155900025090000
001001026000008603200206676470140000000101474000000000000000000000000000000000000000000000000000000
010001001026000010147400000088990000086032066764702100100000
0350010667647032323261560000062300000001010000
010001001026000010147400000088990000086032066764703500200000
001001026000008603200306676470390260000101474000000889902600001014740000008899000000000000000020000
001001026000008603200406676470470260000101474000000889902600001014740000008899020350458000100120000
005001066764748300301001090753000000000003232615610000000000150000
005001066764748500301001090753000000000003232615610400001000150000
001001026000008603200506676474900260000101474000000889902600001014740000008899020350458000100120000
00200306676477330030400461911300000000003408348212080000304936000555000000000000000000010000000100000086032026000010147400000088990260000101474000000889900000000000000000000006360010731841215590002509000000
002011066764774300104089605608000000000028124099280400001004390005550005550005550000000000000000000100000001000000860320260000101474000000889902600001014740000008899000000000000000000000000000000000000000000000000006360010731841215590002509000000
002011066764774800104086499017000000000023603989200400001013360005550005550001450001450008550000000100000001000000860320260000101474000000889902600001014740000008899100000000000000000000300000000000000000000000000006360010731841215590002509000000
0020020667647757003010010907530000000000032326156101000030000000055500000000055500000001000000010000008603202600001014740000008899026000010147400000088990063600107318412155900025090000
005001066764776100301001100171000000000003221917690400001000150000
005001066764776400301001100171000000000003221917690400001000150000
00200306676477660030100110017100000000000322191769070000300830000555000000000000000000010000000100000086032026000010147400000088990260000101474000000889900000000000000000000006360010731841215590002509000000
00200306676478040030400526881100000000001983352482080000300093000555000000000000000000010000000100000086032026000010147400000088990260000101474000000889900000000000000000000006360010731841215590002509000000
002011066764797400104151307458000000000024603925200400001034720005550005550005550000000000000000000100000001000000860320260000101474000000889902600001014740000008899000000000000000000000000000000000000000000000000006360010731841215590002509000000
0020020667648156003010010907530000000000032326156101000030000000055500000000055500000001000000010000008603202600001014740000008899026000010147400000088990063600107318412155900025090000
0020020667648350003010010907530000000000032326156101000030000000055500000000055500000001000000010000008603202600001014740000008899026000010147400000088990063600107318412155900025090000
0020020667648364003010010907530000000000032326156101000030000000055500000000055500000001000000010000008603202600001014740000008899026000010147400000088990063600107318412155900025090000
0020020667648702003010010907530000000000032326156101000030000000055500000000055500000001000000010000008603202600001014740000008899026000010147400000088990063600107318412155900025090000
002011066764890600104157045511000000000027973097680400001008460005550005550005550000000000000000000100000001000000860320260000101474000000889902600001014740000008899000000000000000000000000000000000000000000000000006360010731841215590002509000000
00200306676491140030400487345100000000000455529913080000301497000555000000000000000000010000000100000086032026000010147400000088990260000101474000000889900000000000000000000006360010731841215590002509000000
0020020667649268003010010907530000000000032326156101000030000000055500000000055500000001000000010000008603202600001014740000008899026000010147400000088990063600107318412155900025090000
0020020667649322003010010907530000000000032326156101000030000000055500000000055500000001000000010000008603202600001014740000008899026000010147400000088990063600107318412155900025090000
0020020667649490003010010907530000000000032326156101000030000000055500000000055500000001000000010000008603202600001014740000008899026000010147400000088990063600107318412155900025090000
0020020667649508003010010907530000000000032326156101000030000000055500000000055500000001000000010000008603202600001014740000008899026000010147400000088990063600107318412155900025090000
00200306676496840030400430466100000000002516632282080000306594000555000000000000000000010000000100000086032026000010147400000088990260000101474000000889900000000000000000000006360010731841215590002509000000
0020020667649800003010010907530000000000032326156101000030000000055500000000055500000001000000010000008603202600001014740000008899026000010147400000088990063600107318412155900025090000
0020020667649930003010010907530000000000032326156101000030000000055500000000055500000001000000010000008603202600001014740000008899026000010147400000088990063600107318412155900025090000
0020020667649983003010010907530000000000032326156101000030000000055500000000055500000001000000010000008603202600001014740000008899026000010147400000088990063600107318412155900025090000
00200306676500540030100113092500000000003408609572070100300646000555000000000000000000010000000100000086032026000010147400000088990260000101474000000889900000000000000000000006360010731841215590002509000000
005001066765016300301001141791000000000002532084250400001000150000
005001066765016600301001141791000000000002532084250400001000150000
00200306676501680030100114179100000000000253208425070000300457000555000000000000000000010000000100000086032026000010147400000088990260000101474000000889900000000000000000000006360010731841215590002509000000
0020020667650175003010010907530000000000032326156101000030000000055500000000055500000001000000010000008603202600001014740000008899026000010147400000088990063600107318412155900025090000
0020020667650254003010010907530000000000032326156101000030000000055500000000055500000001000000010000008603202600001014740000008899026000010147400000088990063600107318412155900025090000
00200306676503140030400521357900000000003534260790080000300578000555000000000000000000010000000100000086032026000010147400000088990260000101474000000889900000000000000000000006360010731841215590002509000000
002011066765032300104162750315000000000028378803920400001028030005550005550004600004600008550000000100000001000000860320260000101474000000889902600001014740000008899100000000000000000000300000000000000000000000000006360010731841215590002509000000
0020020667650343003010010907530000000000032326156101000030000000055500000000055500000001000000010000008603202600001014740000008899026000010147400000088990063600107318412155900025090000
005001066765128700301001090753000000000003232615610400001000150000
00300108000030000500000000000086032026000010147400000088990260000101474000000889906676512900000
00300104000010000500027750000086032026000010147400000088990260000101474000000889906676512900000
00300101000030001500083250000086032026000010147400000088990260000101474000000889906676512900000
00300107000030000200000000000086032026000010147400000088990260000101474000000889906676512900000
00300107010030000100000000000086032026000010147400000088990260000101474000000889906676512900000
001001026000008603200406676512900260000101474000000889902600001014740000008899020350458000100020000
005001066765151500301001090753000000000003232615610400001000150000
001001026000008603200506676515210260000101474000000889902600001014740000008899020350458000100020000
002011066765154900103101755611000000000008938018000450001003870005550005550005550000000000000000000100000001000000860320260000101474000000889902600001014740000008899000000000000000000000000000000000000000000000000006360010731841215590002509000000
0020020667651562003010010907530000000000032326156101000030000000055500000000055500000001000000010000008603202600001014740000008899026000010147400000088990063600107318412155900025090000
0020020667651573003010010907530000000000032326156101000030000000055500000000055500000001000000010000008603202600001014740000008899026000010147400000088990063600107318412155900025090000
0020020667651583003010010907530000000000032326156101000030000000055500000000055500000001000000010000008603202600001014740000008899026000010147400000088990063600107318412155900025090000
0020020667651605003010010907530000000000032326156101000030000000055500000000055500000001000000010000008603202600001014740000008899026000010147400000088990063600107318412155900025090000
0020020667651654003010010907530000000000032326156101000030000000055500000000055500000001000000010000008603202600001014740000008899026000010147400000088990063600107318412155900025090000
002011066765169900117013195291000000000031917422170400001052370005550005550005550000000000000000000100000001000000860320260000101474000000889902600001014740000008899000000000000000000000000000000000000000000000000006360010731841215590002509000000
005001066765176600104152077677000000000025865370320400001000150000
002011066765176600104152077677000000000025865370320400001001540005550005550005550000000000000000000100000001000000860320260000101474000000889902600001014740000008899000000000000000000000000000000000000000000000000006360010731841215590002509000000
0020020667651801003010010907530000000000032326156101000030000000055500000000055500000001000000010000008603202600001014740000008899026000010147400000088990063600107318412155900025090000
005001066765180500301001106901000000000015737783220400001000150000
005001066765180700301001106901000000000015737783220400001000150000
00200306676518090030100110690100000000001573778322070000302003000555000000000000000000010000000100000086032026000010147400000088990260000101474000000889900000000000000000000006360010731841215590002509000000
002011066765186300104163913439000000000022917927120400001044130005550005550005550000000000000000000100000001000000860320260000101474000000889902600001014740000008899000000000000000000000000000000000000000000000000006360010731841215590002509000000
002011066765186800104163978255000000000023292874960400001027080005550005550005550000000000000000000100000001000000860320260000101474000000889902600001014740000008899000000000000000000000000000000000000000000000000006360010731841215590002509000000
002011066765187200104156682672000000000026790769360400001000850005550005550005550000000000000000000100000001000000860320260000101474000000889902600001014740000008899000000000000000000000000000000000000000000000000006360010731841215590002509000000
0020020667651878003010010907530000000000032326156101000030000000055500000000055500000001000000010000008603202600001014740000008899026000010147400000088990063600107318412155900025090000
002011066765189200104167430718000000000023739730640400001102100005550005550005550000000000000000000100000001000000860320260000101474000000889902600001014740000008899000000000000000000000000000000000000000000000000006360010731841215590002509000000
0020020667652050003010010907530000000000032326156101000030000000055500000000055500000001000000010000008603202600001014740000008899026000010147400000088990063600107318412155900025090000
0020020667652319003010010907530000000000032326156101000030000000055500000000055500000001000000010000008603202600001014740000008899026000010147400000088990063600107318412155900025090000
002011066765233400104156507897000000000027973530320400001000370005550005550005550000000000000000000100000001000000860320260000101474000000889902600001014740000008899000000000000000000000000000000000000000000000000006360010731841215590002509000000
0020020667652339003010010907530000000000032326156101000030000000055500000000055500000001000000010000008603202600001014740000008899026000010147400000088990063600107318412155900025090000
0020020667652347003010010907530000000000032326156101000030000000055500000000055500000001000000010000008603202600001014740000008899026000010147400000088990063600107318412155900025090000
0020020667653214003010010907530000000000032326156101000030000000055500000000055500000001000000010000008603202600001014740000008899026000010147400000088990063600107318412155900025090000
0020020667653361003010010907530000000000032326156101000030000000055500000000055500000001000000010000008603202600001014740000008899026000010147400000088990063600107318412155900025090000
0020020667653426003010010907530000000000032326156101000030000000055500000000055500000001000000010000008603202600001014740000008899026000010147400000088990063600107318412155900025090000
005001066765357600301001115161000000000004559518810400001000150000
005001066765357900301001115161000000000004559518810400001000150000
00200306676535800030100111516100000000000455951881070000300370000555000000000000000000010000000100000086032026000010147400000088990260000101474000000889900000000000000000000006360010731841215590002509000000
005001066765471500301001090753000000000003232615610400001000150000
00300104500010000100005550000086032026000010147400000088990260000101474000000889906676547190000
00300101000030001400077700000086032026000010147400000088990260000101474000000889906676547190000
00300104000010000700038850000086032026000010147400000088990260000101474000000889906676547190000
00300107000030000200000000000086032026000010147400000088990260000101474000000889906676547190000
001001026000008603200406676547190260000101474000000889902600001014740000008899020350458000100120000
005001066765567200301001090753000000000003232615610400001000150000
001001026000008603200506676556770260000101474000000889902600001014740000008899020350458000100120000
002011066765599900109124217932000000000010612073680100001011270005550005550000000000000008550000000100000001000000860320260000101474000000889902600001014740000008899100000000000000000000300000010000000000000000000406360010731841215590002509000000
0020020667656024003010010907530000000000032326156101000030000000055500000000055500000001000000010000008603202600001014740000008899026000010147400000088990063600107318412155900025090000
00200306676563890030400524143200000000002523534634080000300184000555000000000000000000010000000100000086032026000010147400000088990260000101474000000889900000000000000000000006360010731841215590002509000000
002011066765714600109001526041000000000000764306640100001029310005550005550005550000000000000000000100000001000000860320260000101474000000889902600001014740000008899000000000000000000000000000000000000000000000000006360010731841215590002509000000
00200306676574790070400051013900000000001516259769080000701212000555000000000000000000010000000100000086032026000010147400000088990260000101474000000889900000000000000000000006360010731841215590002509000000
005001066765753300301001148931000000000002530761530400001000150000
005001066765753600301001148931000000000002530761530400001000150000
00200306676575380030100114893100000000000253076153070000300708000555000000000000000000010000000100000086032026000010147400000088990260000101474000000889900000000000000000000006360010731841215590002509000000
005001066765766800301001164552000000000008917650650400001000150000
005001066765766900301001164552000000000008917650651011003000150000
005001066765767000301001164552000000000008917650650400001000150000
005001066765767200301001164552000000000008917650650400001000150000
00200306676576740030100116455200000000000891765065070000300122000555000000000000000000010000000100000086032026000010147400000088990260000101474000000889900000000000000000000006360010731841215590002509000000
005001066765888800301001090753000000000003232615610400001000150000
00300101000010000200011100000086032026000010147400000088990260000101474000000889906676588920000
00300101000030000100005550000086032026000010147400000088990260000101474000000889906676588920000
00300108000030000100000000000086032026000010147400000088990260000101474000000889906676588920000
00300108000070000100000000000086032026000010147400000088990260000101474000000889906676588920000
00300107000030000200000000000086032026000010147400000088990260000101474000000889906676588920000
001001026000008603200406676588920260000101474000000889902600001014740000008899020350458000100020000
00200306676610560030400363940400000000002126307644080000305209000555000000000000000000010000000100000086032026000010147400000088990260000101474000000889900000000000000000000006360010731841215590002509000000
0020020667661095003010010907530000000000032326156101000030000000055500000000055500000001000000010000008603202600001014740000008899026000010147400000088990063600107318412155900025090000
00200306676611720030400366746700000000003933923285080000304272000555000000000000000000010000000100000086032026000010147400000088990260000101474000000889900000000000000000000006360010731841215590002509000000
005001066766119300301001062261000000000025240588580400001000150000
005001066766119400301001062261000000000025240588581011003000150000
005001066766119500301001062261000000000025240588580400001000150000
005001066766119600301001062261000000000025240588581011003000150000
005001066766119700301001062261000000000025240588580400001000150000
00300108000030000200000000000086032026000010147400000088990260000101474000000889906676612000000
00300101000030000100005550000086032026000010147400000088990260000101474000000889906676612000000
001001026000008603200506676612000260000101474000000889902600001014740000008899020350458000100020000
0020020667661399003010010907530000000000032326156101000030000000055500000000055500000001000000010000008603202600001014740000008899026000010147400000088990063600107318412155900025090000
0020020667661720003010010907530000000000032326156101000030000000055500000000055500000001000000010000008603202600001014740000008899026000010147400000088990063600107318412155900025090000
0020020667661777003010010907530000000000032326156101000030000000055500000000055500000001000000010000008603202600001014740000008899026000010147400000088990063600107318412155900025090000
0020020667661834003010010907530000000000032326156101000030000000055500000000055500000001000000010000008603202600001014740000008899026000010147400000088990063600107318412155900025090000
002011066766191200104083934588000000000009201826000400001017130005550005550005550000000000000000000100000001000000860320260000101474000000889902600001014740000008899000000000000000000000000000000000000000000000000006360010731841215590002509000000
0020020667661966003010010907530000000000032326156101000030000000055500000000055500000001000000010000008603202600001014740000008899026000010147400000088990063600107318412155900025090000
0020020667663121003010010907530000000000032326156101000030000000055500000000055500000001000000010000008603202600001014740000008899026000010147400000088990063600107318412155900025090000
002011066766318800104165723823000000000024260416720400001078650005550005550005550000000000000000000100000001000000860320260000101474000000889902600001014740000008899000000000000000000000000000000000000000000000000006360010731841215590002509000000
00200306676631950030400468317200000000003408418228080000301087000555000000000000000000010000000100000086032026000010147400000088990260000101474000000889900000000000000000000006360010731841215590002509000000
0020020667663216003010010907530000000000032326156101000030000000055500000000055500000001000000010000008603202600001014740000008899026000010147400000088990063600107318412155900025090000
002011066766328700104163877645000000000022999685840400001061630005550005550005550000000000000000000100000001000000860320260000101474000000889902600001014740000008899000000000000000000000000000000000000000000000000006360010731841215590002509000000
002011066766364900104087400464000000000016473139920400001008120005550005550005550000000000000000000100000001000000860320260000101474000000889902600001014740000008899000000000000000000000000000000000000000000000000006360010731841215590002509000000
005001066766382800301001061257000000000025239101860400001000150000
005001066766383100301001061257000000000025239101860400001000150000
00200306676638320030100106125700000000002523910186070000301909000555000000000000000000010000000100000086032026000010147400000088990260000101474000000889900000000000000000000006360010731841215590002509000000
002011066766384300104087182688000000000015875746000400001005030005550005550000700000000000000000000100000001000000860320260000101474000000889902600001014740000008899000000000000000000000000000000000000000000000000006360010731841215590002509000000
002011066766384300104087182688000000000015875746000400001005030005550005550004850000000000000000000100000001000000860320260000101474000000889902600001014740000008899000000000000000000000000000000000000000000000000006360010731841215590002509000000
005001066766481600301001090753000000000003232615610400001000150000
00300101000030000700038850000086032026000010147400000088990260000101474000000889906676648200000
00300104000010000500027750000086032026000010147400000088990260000101474000000889906676648200000
00300108000030000100000000000086032026000010147400000088990260000101474000000889906676648200000
00300107000030000100000000000086032026000010147400000088990260000101474000000889906676648200000
001001026000008603200406676648200260000101474000000889902600001014740000008899020350458000100120000
005001066766482100301001090753000000000003232615610400001000150000
001001026000008603200306676648250260000101474000000889902600001014740000008899020350458000100120000
001001026000008603200206676648290260000101474000000889902600001014740000008899020350458000100120000
010001001026000010147400000088990000086032066766483700400000
02000100106676648450030100109075300000000000323261561026000010147400000088990062301000008603202600001014740000008899026000010147400000088990000
0210010300100000086032026000010147400000088990260000101474000000889906676648450000
0210010400200000086032026000010147400000088990260000101474000000889906676648450000
0210010800080000086032026000010147400000088990260000101474000000889906676648450000
0210011200010000086032026000010147400000088990260000101474000000889906676648450000
0210011800030000086032026000010147400000088990260000101474000000889906676648450000
0210012500040000086032026000010147400000088990260000101474000000889906676648450000
010001001026000010147400000088990000086032066766484500500000
001001026000008603200106676648510000000101474000000000000000000000000000000000020350458000100120000
03400667651521000008603200005C06676515210667654719000008603204580I0000101474000010147401000002100055500000000100000001040000011000555000000001000000010450000010005550000000010000000107000000300000000000000100000001
03400667647490000008603200005C06676474900667651290000008603204580V0000101474000010147401000001700055500000000100000001040000001000145100000001000000010400000010004601000000010000000104000000300055500000000100000001070000004000000000000001000000010701000010000000000000010000000108000000700000000000000100000001080000007000000000000001000000010800000070000000000000010000000108000000700000000000000100000001080000007000000000000001000000010800000070000000000000010000000108000000700000000000000100000001080000007000000000000001000000010800000070000000000000010000000108000000700000000000000100000001080000007000000000000001000000010800000070000000000000010000000108000000700000000000000100000001080000007000000000000001000000010800000070000000000000010000000108000000700000000000000100000001080000007000000000000001000000010800000070000000000000010000000108000000700000000000000100000001080000007000000000000001000000010800000070000000000000010000000108000000700000000000000100000001
