1000020260000086046003025243604634339970830032490000
005001066766033500301001123813000000000008723442171011003000150000
001001026000008604600206676603720000000104691000000000000000000000000000000000000000000000000000000
010001001026000010469100000091750000086046066766038200100000
0350010667660395872344210000038400000001010000
010001001026000010469100000091750000086046066766039700200000
001001026000008604600306676604000260000104691000000917502600001046910000009175000000000000000020000
001001026000008604600406676604110260000104691000000917502600001046910000009175020350458000100120000
005001066766153200301001123813000000000008723442170400001000150000
001001026000008604600506676615430260000104691000000917502600001046910000009175020350458000100120000
002011066766155400104156479291000000000027494014160400001001030005550005550005550000000000000000000100000001000000860460260000104691000000917502600001046910000009175000000000000000000000000000000000000000000000000002524360463433997083003249000000
0020020667661609003010011238130000000000087234421701000030000000055500000000055500000001000000010000008604602600001046910000009175026000010469100000091750025243604634339970830032490000
005001066766186900104158140834000000000024981402321023001002300000
002011066766187100104158140834000000000024981402320400001031320005550005550000000000000008550000000100000001000000860460260000104691000000917502600001046910000009175100000000000000000000300000000000000000000000000002524360463433997083003249000000
0020020667662249003010011238130000000000087234421701000030000000055500000000055500000001000000010000008604602600001046910000009175026000010469100000091750025243604634339970830032490000
002011066766236100117057262601000000000006448241610400001016060005550005550005550000000000000000000100000001000000860460260000104691000000917502600001046910000009175000000000000000000000000000000000000000000000000002524360463433997083003249000000
002011066766287600117043680447000000000024404336780400001042990005550005550003000003000008550000000100000001000000860460260000104691000000917502600001046910000009175100000000000000000000300000000000000000000000000002524360463433997083003249000000
002011066766289800104163986096000000000024333607120400001022810005550005550003000003000008550000000100000001000000860460260000104691000000917502600001046910000009175100000000000000000000300000000000000000000000000002524360463433997083003249000000
0020020667663005003010011238130000000000087234421701000030000000055500000000055500000001000000010000008604602600001046910000009175026000010469100000091750025243604634339970830032490000
002011066766320200104083154663000000000008922133200400001008610005550005550004600004600008550000000100000001000000860460260000104691000000917502600001046910000009175100000000000000000000300000000000000000000000000002524360463433997083003249000000
0020020667663590003010011238130000000000087234421701000030000000055500000000055500000001000000010000008604602600001046910000009175026000010469100000091750025243604634339970830032490000
005001066766494200301001123813000000000008723442170400001000150000
00300104000010000600033300000086046026000010469100000091750260000104691000000917506676649460000
00300101000030000400022200000086046026000010469100000091750260000104691000000917506676649460000
001001026000008604600406676649460260000104691000000917502600001046910000009175020350458000100020000
005001066766556500301001123813000000000008723442170400001000150000
001001026000008604600506676655710260000104691000000917502600001046910000009175020350458000100020000
0020020667665581003010011238130000000000087234421701000030000000055500000000055500000001000000010000008604602600001046910000009175026000010469100000091750025243604634339970830032490000
0020020667665593003010011238130000000000087234421701000030000000055500000000055500000001000000010000008604602600001046910000009175026000010469100000091750025243604634339970830032490000
0020020667665607003010011238130000000000087234421701000030000000055500000000055500000001000000010000008604602600001046910000009175026000010469100000091750025243604634339970830032490000
0020020667665618003010011238130000000000087234421701000030000000055500000000055500000001000000010000008604602600001046910000009175026000010469100000091750025243604634339970830032490000
0020020667665631003010011238130000000000087234421701000030000000055500000000055500000001000000010000008604602600001046910000009175026000010469100000091750025243604634339970830032490000
00200306676656410030100098723700000000000844835643070100304251000555000000000000000000010000000100000086046026000010469100000091750260000104691000000917500000000000000000000002524360463433997083003249000000
0020020667665649003010011238130000000000087234421701000030000000055500000000055500000001000000010000008604602600001046910000009175026000010469100000091750025243604634339970830032490000
0020020667665655003010011238130000000000087234421701000030000000055500000000055500000001000000010000008604602600001046910000009175026000010469100000091750025243604634339970830032490000
0020020667665676003010011238130000000000087234421701000030000000055500000000055500000001000000010000008604602600001046910000009175026000010469100000091750025243604634339970830032490000
0020020667665686003010011238130000000000087234421701000030000000055500000000055500000001000000010000008604602600001046910000009175026000010469100000091750025243604634339970830032490000
0020020667665782003010011238130000000000087234421701000030000000055500000000055500000001000000010000008604602600001046910000009175026000010469100000091750025243604634339970830032490000
002011066766598500104156235511000000000027499758800400001028190005550005550005550000000000000000000100000001000000860460260000104691000000917502600001046910000009175000000000000000000000000000000000000000000000000002524360463433997083003249000000
0020020667666059003010011238130000000000087234421701000030000000055500000000055500000001000000010000008604602600001046910000009175026000010469100000091750025243604634339970830032490000
0020020667666249003010011238130000000000087234421701000030000000055500000000055500000001000000010000008604602600001046910000009175026000010469100000091750025243604634339970830032490000
002011066766647900104164970631000000000024066363600400001020320005550005550005550000000000000000000100000001000000860460260000104691000000917502600001046910000009175000000000000000000000000000000000000000000000000002524360463433997083003249000000
0020020667666535003010011238130000000000087234421701000030000000055500000000055500000001000000010000008604602600001046910000009175026000010469100000091750025243604634339970830032490000
00200306676666110030400497984500000000001548174418080000300357000555000000000000000000010000000100000086046026000010469100000091750260000104691000000917500000000000000000000002524360463433997083003249000000
0020020667666626003010011238130000000000087234421701000030000000055500000000055500000001000000010000008604602600001046910000009175026000010469100000091750025243604634339970830032490000
002011066766667300109055059776000000000019632243920100001002520005550005550005550000000000000000000100000001000000860460260000104691000000917502600001046910000009175000000000000000000000000000000000000000000000000002524360463433997083003249000000
00200306676666790070400051013900000000001516259769080000701213000555000000000000000000010000000100000086046026000010469100000091750260000104691000000917500000000000000000000002524360463433997083003249000000
00200306676671760030400350839300000000003890805450080000304913000555000000000000000000010000000100000086046026000010469100000091750260000104691000000917500000000000000000000002524360463433997083003249000000
0020020667667281003010011238130000000000087234421701000030000000055500000000055500000001000000010000008604602600001046910000009175026000010469100000091750025243604634339970830032490000
005001066766740200104152677437000000000027929186001023001002300000
002011066766740500104152677437000000000027929186000400001014820005550005550004600004600008550000000100000001000000860460260000104691000000917502600001046910000009175100000000000000000000300000000000000000000000000002524360463433997083003249000000
0020020667667475003010011238130000000000087234421701000030000000055500000000055500000001000000010000008604602600001046910000009175026000010469100000091750025243604634339970830032490000
0020020667667495003010011238130000000000087234421701000030000000055500000000055500000001000000010000008604602600001046910000009175026000010469100000091750025243604634339970830032490000
00200306676678070030400527753400000000001063515314080000300393000555000000000000000000010000000100000086046026000010469100000091750260000104691000000917500000000000000000000002524360463433997083003249000000
002011066766781800117048231926000000000032642511040400001031340005550005550005550000000000000000000100000001000000860460260000104691000000917502600001046910000009175000000000000000000000000000000000000000000000000002524360463433997083003249000000
0020020667667832003010011238130000000000087234421701000030000000055500000000055500000001000000010000008604602600001046910000009175026000010469100000091750025243604634339970830032490000
002011066766783800104150051263000000000023008259280400001002450005550005550005550000000000000000000100000001000000860460260000104691000000917502600001046910000009175000000000000000000000000000000000000000000000000002524360463433997083003249000000
00200306676678460030400436980100000000002679698579080000302066000555000000000000000000010000000100000086046026000010469100000091750260000104691000000917500000000000000000000002524360463433997083003249000000
0020020667667918003010011238130000000000087234421701000030000000055500000000055500000001000000010000008604602600001046910000009175026000010469100000091750025243604634339970830032490000
0020020667667923003010011238130000000000087234421701000030000000055500000000055500000001000000010000008604602600001046910000009175026000010469100000091750025243604634339970830032490000
0020020667667940003010011238130000000000087234421701000030000000055500000000055500000001000000010000008604602600001046910000009175026000010469100000091750025243604634339970830032490000
0020020667668112003010011238130000000000087234421701000030000000055500000000055500000001000000010000008604602600001046910000009175026000010469100000091750025243604634339970830032490000
0020020667668482003010011238130000000000087234421701000030000000055500000000055500000001000000010000008604602600001046910000009175026000010469100000091750025243604634339970830032490000
005001066766957900301001123813000000000008723442170400001000150000
00300101000030002300127650000086046026000010469100000091750260000104691000000917506676695830000
00300107010030000100000000000086046026000010469100000091750260000104691000000917506676695830000
00300104000010000500027750000086046026000010469100000091750260000104691000000917506676695830000
00300108000030000400000000000086046026000010469100000091750260000104691000000917506676695830000
00300101000010000100005550000086046026000010469100000091750260000104691000000917506676695830000
00300108000070000100000000000086046026000010469100000091750260000104691000000917506676695830000
001001026000008604600406676695830260000104691000000917502600001046910000009175020350458000100120000
005001066767040200301001123813000000000008723442170400001000150000
001001026000008604600506676704070260000104691000000917502600001046910000009175020350458000100120000
005001066767041100104165412208000000000019381241041023001002300000
005001066767041300104165412208000000000019381241041023001002300000
005001066767041600104165412208000000000019381241041023001002300000
002011066767042400104165412208000000000019381241040400001045450005550005550005550000000000000000000100000001000000860460260000104691000000917502600001046910000009175000000000000000000000000000000000000000000000000002524360463433997083003249000000
0020020667670431003010011238130000000000087234421701000030000000055500000000055500000001000000010000008604602600001046910000009175026000010469100000091750025243604634339970830032490000
0020020667670441003010011238130000000000087234421701000030000000055500000000055500000001000000010000008604602600001046910000009175026000010469100000091750025243604634339970830032490000
0020020667670459003010011238130000000000087234421701000030000000055500000000055500000001000000010000008604602600001046910000009175026000010469100000091750025243604634339970830032490000
002011066767046800104164928189000000000024326777040400001027320005550005550004500004500008550000000100000001000000860460260000104691000000917502600001046910000009175100000000000000000000300000000000000000000000000002524360463433997083003249000000
005001066767047200109126197327000000000002265570001023001002300000
002011066767047500109126197327000000000002265570000100001045430005550005550004250004250008550000000100000001000000860460260000104691000000917502600001046910000009175100000000000000000000300000000000000000000000000002524360463433997083003249000000
005001066767048200104085398781000000000017593723601023001002300000
002011066767048600104085398781000000000017593723600400001009910005550005550005550000000000000000000100000001000000860460260000104691000000917502600001046910000009175000000000000000000000000000000000000000000000000002524360463433997083003249000000
002011066767107000104080397735000000000009586831290400001028690005550005550005550000000000000000000100000001000000860460260000104691000000917502600001046910000009175000000000000000000000000000000000000000000000000002524360463433997083003249000000
002011066767120500104081788673000000000000413353680400001010200005550005550004500004500008550000000100000001000000860460260000104691000000917502600001046910000009175100000000000000000000300000000000000000000000000002524360463433997083003249000000
002011066767150400104089416091000000000034876828880400001002050005550005550005550000000000000000000100000001000000860460260000104691000000917502600001046910000009175000000000000000000000019100000000000000000000000002524360463433997083003249000000
0020020667671700003010011238130000000000087234421701000030000000055500000000055500000001000000010000008604602600001046910000009175026000010469100000091750025243604634339970830032490000
0020020667671712003010011238130000000000087234421701000030000000055500000000055500000001000000010000008604602600001046910000009175026000010469100000091750025243604634339970830032490000
0020020667671794003010011238130000000000087234421701000030000000055500000000055500000001000000010000008604602600001046910000009175026000010469100000091750025243604634339970830032490000
0020020667671921003010011238130000000000087234421701000030000000055500000000055500000001000000010000008604602600001046910000009175026000010469100000091750025243604634339970830032490000
002011066767220400104153085681000000000026228836560400001020610005550005550005550000000000000000000100000001000000860460260000104691000000917502600001046910000009175000000000000000000000000000000000000000000000000002524360463433997083003249000000
00200306676723880030400495018900000000000323346265080000301367000555000000000000000000010000000100000086046026000010469100000091750260000104691000000917500000000000000000000002524360463433997083003249000000
0020020667672609003010011238130000000000087234421701000030000000055500000000055500000001000000010000008604602600001046910000009175026000010469100000091750025243604634339970830032490000
0020020667672630003010011238130000000000087234421701000030000000055500000000055500000001000000010000008604602600001046910000009175026000010469100000091750025243604634339970830032490000
005001066767382600301001123813000000000008723442170400001000150000
00300104000010000700038850000086046026000010469100000091750260000104691000000917506676738300000
00300101000030000900049950000086046026000010469100000091750260000104691000000917506676738300000
00300101000010000100005550000086046026000010469100000091750260000104691000000917506676738300000
00300108000030000100000000000086046026000010469100000091750260000104691000000917506676738300000
001001026000008604600406676738300260000104691000000917502600001046910000009175020350458000100020000
005001066767558700301001123813000000000008723442170400001000150000
001001026000008604600506676755940260000104691000000917502600001046910000009175020350458000100020000
005001066767572600301001159011000000000035719378620400001000150000
005001066767573000301001159011000000000035719378620400001000150000
00200306676757310030100115901100000000003571937862070000300451000555000000000000000000010000000100000086046026000010469100000091750260000104691000000917500000000000000000000002524360463433997083003249000000
0020020667675800003010011238130000000000087234421701000030000000055500000000055500000001000000010000008604602600001046910000009175026000010469100000091750025243604634339970830032490000
002011066767593400104166542954000000000023534336720400001009880005550005550005550000000000000000000100000001000000860460260000104691000000917502600001046910000009175000000000000000000000000000000000000000000000000002524360463433997083003249000000
0020020667676154003010011238130000000000087234421701000030000000055500000000055500000001000000010000008604602600001046910000009175026000010469100000091750025243604634339970830032490000
0020020667676196003010011238130000000000087234421701000030000000055500000000055500000001000000010000008604602600001046910000009175026000010469100000091750025243604634339970830032490000
005001066767628500104152702831000000000028326114001023001002300000
002011066767628800104152702831000000000028326114000400001024240005550005550005550000000000000000000100000001000000860460260000104691000000917502600001046910000009175000000000000000000000000000000000000000000000000002524360463433997083003249000000
005001066767673100301001094864000000000011391900820400001000150000
005001066767673400301001094864000000000011391900820400001000150000
00200306676767350030100109486400000000001139190082070000303047000555000000000000000000010000000100000086046026000010469100000091750260000104691000000917500000000000000000000002524360463433997083003249000000
005001066767674400301001163891000000000008917215130400001000150000
005001066767674600301001163891000000000008917215130400001000150000
00200306676767480030100116389100000000000891721513070000300101000555000000000000000000010000000100000086046026000010469100000091750260000104691000000917500000000000000000000002524360463433997083003249000000
0020020667676953003010011238130000000000087234421701000030000000055500000000055500000001000000010000008604602600001046910000009175026000010469100000091750025243604634339970830032490000
0020020667677184003010011238130000000000087234421701000030000000055500000000055500000001000000010000008604602600001046910000009175026000010469100000091750025243604634339970830032490000
0020020667677190003010011238130000000000087234421701000030000000055500000000055500000001000000010000008604602600001046910000009175026000010469100000091750025243604634339970830032490000
0020020667677224003010011238130000000000087234421701000030000000055500000000055500000001000000010000008604602600001046910000009175026000010469100000091750025243604634339970830032490000
0020020667677262003010011238130000000000087234421701000030000000055500000000055500000001000000010000008604602600001046910000009175026000010469100000091750025243604634339970830032490000
002011066767759400109074157478000000000030911539920100001001780005550005550005550000000000000000000100000001000000860460260000104691000000917502600001046910000009175000000000000000000000000000000000000000000000000002524360463433997083003249000000
005001066767760700301001145248000000000002530499930400001000150000
005001066767760800301001145248000000000002530499931011003000150000
005001066767760900301001145248000000000002530499930400001000150000
005001066767761200301001145248000000000002530499930400001000150000
00200306676776140030100114524800000000000253049993070000300637000555000000000000000000010000000100000086046026000010469100000091750260000104691000000917500000000000000000000002524360463433997083003249000000
005001066767776000104084913746000000000019205955280400001000360000
002011066767776400104084913746000000000019205955280400001001960005550005550005550000000000000000000100000001000000860460260000104691000000917502600001046910000009175000000000000000000000000000000000000000000000000002524360463433997083003249000000
005001066767944800301001123813000000000008723442170400001000150000
00300107000030000400000000000086046026000010469100000091750260000104691000000917506676794520000
00300101000030000800044400000086046026000010469100000091750260000104691000000917506676794520000
00300104000010000300016650000086046026000010469100000091750260000104691000000917506676794520000
00300101000010000100005550000086046026000010469100000091750260000104691000000917506676794520000
001001026000008604600406676794520260000104691000000917502600001046910000009175020350458000100120000
005001066768012700301001123813000000000008723442170400001000150000
001001026000008604600506676801330260000104691000000917502600001046910000009175020350458000100120000
002011066768014700104150106548000000000025802496720400001006090005550005550005550000000000000000000100000001000000860460260000104691000000917502600001046910000009175000000000000000000000000000000000000000000000000002524360463433997083003249000000
002011066768015300104089730501000000000028262449360400001003650005550005550005550000000000000000000100000001000000860460260000104691000000917502600001046910000009175000000000000000000000000000000000000000000000000002524360463433997083003249000000
0450010000000000000000000506676803570000
005001066768038000305000292827000000000013345929020710003001360000
002011066768038000305000292827000000000013345929020400001036850005550005550001450001450008550000000100000001000000860460260000104691000000917502600001046910000009175100000000000000000000300000000000000000000000000002524360463433997083003249000000
002011066768057200104166577391000000000017023368400400001011980005550005550005550000000000000000000100000001000000860460260000104691000000917502600001046910000009175000000000000000000000000000000000000000000000000002524360463433997083003249000000
005001066768097100301001161863000000000002523001850400001000150000
005001066768097500301001161863000000000002523001850400001000150000
00200306676809760030100116186300000000000252300185070000300343000555000000000000000000010000000100000086046026000010469100000091750260000104691000000917500000000000000000000002524360463433997083003249000000
005001066768157100104150684819000000000025351002321023001002300000
002011066768157500104150684819000000000025351002320400001004390005550005550005550000000000000000000100000001000000860460260000104691000000917502600001046910000009175000000000000000000000000000000000000000000000000002524360463433997083003249000000
005001066768175500301001168001000000000028380088700400001000150000
005001066768175800301001168001000000000028380088700400001000150000
005001066768175900301001168001000000000028380088701011003000150000
005001066768176500301001168001000000000028380088700400001000150000
00200306676817670030100116800100000000002838008870070000300006000555000000000000000000010000000100000086046026000010469100000091750260000104691000000917500000000000000000000002524360463433997083003249000000
005001066768210800104151116351000000000023852388561023001002300000
002011066768211100104151116351000000000023852388560400001005980005550005550005550000000000000000000100000001000000860460260000104691000000917502600001046910000009175000000000000000000000000000000000000000000000000002524360463433997083003249000000
0020020667682442003010011238130000000000087234421701000030000000055500000000055500000001000000010000008604602600001046910000009175026000010469100000091750025243604634339970830032490000
005001066768330600301001123813000000000008723442170400001000150000
00300104000010000600033300000086046026000010469100000091750260000104691000000917506676833100000
00300107000030000200000000000086046026000010469100000091750260000104691000000917506676833100000
00300101000030000100005550000086046026000010469100000091750260000104691000000917506676833100000
001001026000008604600406676833100260000104691000000917502600001046910000009175020350458000100120000
005001066768331200301001123813000000000008723442170400001000150000
001001026000008604600306676833160260000104691000000917502600001046910000009175020350458000100120000
02000100106676844540030100112381300000000000872344217026000010469100000091750038401000008604602600001046910000009175026000010469100000091750000
0210010300060000086046026000010469100000091750260000104691000000917506676844540000
0210010400280000086046026000010469100000091750260000104691000000917506676844540000
0210010800070000086046026000010469100000091750260000104691000000917506676844540000
0210011800020000086046026000010469100000091750260000104691000000917506676844540000
0210012500170000086046026000010469100000091750260000104691000000917506676844540000
010001001026000010469100000091750000086046066768445400500000
001001026000008604600206676844580260000104691000000917500000000000000000000000020350458000100120000
010001001026000010469100000091750000086046066768446600400000
001001026000008604600106676844720000000104691000000000000000000000000000000000020350458000100120000
03400667665571000008604600005C06676655710667669583000008604604580I000010469100001046910100000330005550000000010000000104000000100046010000000100000001040000007000555000000001000000010701000010000000000000010000000108000000500000000000000100000001
03400667661543000008604600005C06676615430667664946000008604604580V0000104691000010469101000001400055500000000100000001040000012000555000000001000000010400000010004601000000010000000104000000200030010000000100000001040000001000000100000001000000010400000010000001000000010000000104000000100000010000000100000001040000001000000100000001000000010400000010000001000000010000000104000000100000010000000100000001
