1000020260000086047005063600108005701976540027070000
001001026000008604700206427125680000000045156000000000000000000000000000000000000000000000000000000
010001001026000004515600000058810000086047064271257800100000
010001001026000004515600000058810000086047064271258600200000
001001026000008604700306427125890260000045156000000588102600000451560000005881000000000000000010000
001001026000008604700406427146820260000045156000000588102600000451560000005881020430458800100010000
001001026000008604700506427156740260000045156000000588102600000451560000005881020430458800100010000
00600106427159570000000000191598164001000010200000000060000
002011064271595700109070791733000000000019159816400100001000590025000012250008550008550000000000000100000001000000860470260000045156000000588102600000451560000005881000000000000000000000300000000000000000000000000006360010800570197654002707000000
002011064271601900104085368441000000000016824190160400001005970025000012250008550008550000000000000100000001000000860470260000045156000000588102600000451560000005881000000000000000000000300000000000000000000000000006360010800570197654002707000000
002011064271602500104164275614000000000024126835920400001007650025000012250008550008550000000000000100000001000000860470260000045156000000588102600000451560000005881000000000000000000000300000000000000000000000000006360010800570197654002707000000
002011064271611300104157848701000000000025400922320400001112230025000012250008550008550000000000000100000001000000860470260000045156000000588102600000451560000005881000000000000000000000300000000000000000000000000006360010800570197654002707000000
002011064271612000104087575451000000000015288236240400001002660025000025000025000000000000000000000100000001000000860470260000045156000000588102600000451560000005881000000000000000000000000000000000000000000000000006360010800570197654002707000000
002011064271617300104159888301000000000026170844880400001053380025000012250008550008550000000000000100000001000000860470260000045156000000588102600000451560000005881000000000000000000000300000000000000000000000000006360010800570197654002707000000
002011064271617900104163481059000000000016554929360400001047850025000012250008550008550000000000000100000001000000860470260000045156000000588102600000451560000005881000000000000000000000300000000000000000000000000006360010800570197654002707000000
002011064271618700109054457883000000000014830551760100001000160025000012250008550008550000000000000100000001000000860470260000045156000000588102600000451560000005881000000000000000000000300000000000000000000000000006360010800570197654002707000000
002011064271627100104161476601000000000027837883600400001025410025000012250008550008550000000000000100000001000000860470260000045156000000588102600000451560000005881000000000000000000000300000000000000000000000000006360010800570197654002707000000
002011064271650400109124166513000000000003143882960100001013180025000012250008550008550000000000000100000001000000860470260000045156000000588102600000451560000005881000000000000000000000300000010000000000000000000106360010800570197654002707000000
002011064271651100104084326077000000000008957673680400001003350025000012250008550008550000000000000100000001000000860470260000045156000000588102600000451560000005881000000000000000000000300000000000000000000000000006360010800570197654002707000000
002011064271651600104160359201000000000026978437840400001031160025000012250008550008550000000000000100000001000000860470260000045156000000588102600000451560000005881000000000000000000000300000000000000000000000000006360010800570197654002707000000
00200306427165210030400513728700000000000252156025080000300328002500000000000000000000010000000100000086047026000004515600000058810260000045156000000588100000000000000000000006360010800570197654002707000000
002011064271653100117050674791000000000023691976850400001009300025000025000025000000000000000000000100000001000000860470260000045156000000588102600000451560000005881000000000000000000000000000000000000000000000000006360010800570197654002707000000
002011064271653800104163912629000000000023004122320400001113280025000012250008550008550000000000000100000001000000860470260000045156000000588102600000451560000005881000000000000000000000300000000000000000000000000006360010800570197654002707000000
002011064271654400109064224598000000000011255125200100001009050025000012250008550008550000000000000100000001000000860470260000045156000000588102600000451560000005881000000000000000000000300000010000000000000000000206360010800570197654002707000000
00200306427165480150300141927100000000003447891629061201501574002500000000000000000000010000000100000086047026000004515600000058810260000045156000000588100000000000000000000006360010800570197654002707000000
002011064271655700104158665627000000000024679007440400001048570025000012250008550008550000000000000100000001000000860470260000045156000000588102600000451560000005881000000000000000000000300000000000000000000000000006360010800570197654002707000000
002011064271660300117025827342000000000018240323740400001030620025000012250008550008550000000000000100000001000000860470260000045156000000588102600000451560000005881000000000000000000000300000000000000000000000000006360010800570197654002707000000
005001064271660900104085639257000000000018939705041023001000150000
005001064271660900104085639257000000000018939705041023001000150000
005001064271661000104085639257000000000018939705041023001000150000
005001064271661100104085639257000000000018939705041023001000150000
002011064271661200104085639257000000000018939705040400001006990025000012250008550008550000000000000100000001000000860470260000045156000000588102600000451560000005881000000000000000000000300000000000000000000000000006360010800570197654002707000000
002011064271685600104160768209000000000027817657040400001013840025000012250008550008550000000000000100000001000000860470260000045156000000588102600000451560000005881000000000000000000000300000000000000000000000000006360010800570197654002707000000
005001064271690400305000314227000000000031378125870710003001360000
002011064271690400305000314227000000000031378125870400001014070025000012250008550008550000000000000100000001000000860470260000045156000000588102600000451560000005881000000000000000000000300000000000000000000000000006360010800570197654002707000000
002011064271698200104153158182000000000027746227920400001022450025000012250008550008550000000000000100000001000000860470260000045156000000588102600000451560000005881000000000000000000000300000000000000000000000000006360010800570197654002707000000
002011064271728000104164350039000000000024313273040400001012260025000012250008550008550000000000000100000001000000860470260000045156000000588102600000451560000005881000000000000000000000300000000000000000000000000006360010800570197654002707000000
002011064271735000117029142352000000000019872109290400001045510025000012250008550008550000000000000100000001000000860470260000045156000000588102600000451560000005881000000000000000000000300000000000000000000000000006360010800570197654002707000000
002011064271763100104159783283000000000028302531280400001045740025000012250008550008550000000000000100000001000000860470260000045156000000588102600000451560000005881000000000000000000000300000000000000000000000000006360010800570197654002707000000
00200306427176370020401315450400000000002427504286080000202932002500000000000000000000010000000100000086047026000004515600000058810260000045156000000588100000000000000000000006360010800570197654002707000000
002011064271770200104159876176000000000024784430800400001080140025000012250008550008550000000000000100000001000000860470260000045156000000588102600000451560000005881000000000000000000000300000000000000000000000000006360010800570197654002707000000
002011064271771100104160787416000000000025033024720400001068650025000012250008550008550000000000000100000001000000860470260000045156000000588102600000451560000005881000000000000000000000300000000000000000000000000006360010800570197654002707000000
002011064271778500117010380011000000000017197728130400001031010025000012250008550008550000000000000100000001000000860470260000045156000000588102600000451560000005881000000000000000000000300000000000000000000000000006360010800570197654002707000000
002011064271778900104164178554000000000024424546000400001037470025000012250008550008550000000000000100000001000000860470260000045156000000588102600000451560000005881000000000000000000000300000000000000000000000000006360010800570197654002707000000
002011064271803600104152703161000000000026885033680400001038410025000012250008550008550000000000000100000001000000860470260000045156000000588102600000451560000005881000000000000000000000300000000000000000000000000006360010800570197654002707000000
002011064271804300109123100101000000000012336359120100001005820025000012250008550008550000000000000100000001000000860470260000045156000000588102600000451560000005881000000000000000000000300000000000000000000000000006360010800570197654002707000000
002011064271829900109123912505000000000002546509520100001018040025000012250008550008550000000000000100000001000000860470260000045156000000588102600000451560000005881000000000000000000000300000010000000000000000002306360010800570197654002707000000
002011064271830600117043017391000000000019774980390400001020740025000025000025000000000000000000000100000001000000860470260000045156000000588102600000451560000005881000000000000000000000000000000000000000000000000006360010800570197654002707000000
002011064271831300104152700171000000000027773130960400001021800025000012250008550008550000000000000100000001000000860470260000045156000000588102600000451560000005881000000000000000000000300000000000000000000000000006360010800570197654002707000000
002011064271848800117006227904000000000023561632510400001103150025000012250008550008550000000000000100000001000000860470260000045156000000588102600000451560000005881000000000000000000000300000000000000000000000000006360010800570197654002707000000
002011064271856300109127362071000000000003215767760100001022120025000012250008550008550000000000000100000001000000860470260000045156000000588102600000451560000005881000000000000000000000300000000000000000000000000006360010800570197654002707000000
002011064271856800104165633654000000000024099543760400001047430025000012250008550008550000000000000100000001000000860470260000045156000000588102600000451560000005881000000000000000000000300000000000000000000000000006360010800570197654002707000000
002011064271857400117018803522000000000036991937140400001048200025000012250008550008550000000000000100000001000000860470260000045156000000588102600000451560000005881000000000000000000000300000000000000000000000000006360010800570197654002707000000
002011064271867300109107033381000000000013215388880100001003430025000012250008550008550000000000000100000001000000860470260000045156000000588102600000451560000005881000000000000000000000300000010000000000000000000106360010800570197654002707000000
002011064271868400104161055567000000000030150114000400001038050025000012250008550008550000000000000100000001000000860470260000045156000000588102600000451560000005881000000000000000000000300000000000000000000000000006360010800570197654002707000000
00200306427187620030400458483200000000003385488308080000301281002500000000000000000000010000000100000086047026000004515600000058810260000045156000000588100000000000000000000006360010800570197654002707000000
002011064271877200117020331888000000000032388251380400001053820025000012250008550008550000000000000100000001000000860470260000045156000000588102600000451560000005881000000000000000000000300000000000000000000000000006360010800570197654002707000000
002011064271877700109166770354000000000005102669520100001012500025000012250008550008550000000000000100000001000000860470260000045156000000588102600000451560000005881000000000000000000000300000010000000000000000000306360010800570197654002707000000
005001064271878200000000000000000000000017520405840000000000150000
005001064271878200000000000000000000000017520405840000000000150000
005001064271878300000000000000000000000017520405840000000000150000
005001064271878300000000000000000000000017520405840000000000150000
005001064271878400000000000000000000000017520405840000000000150000
005001064271878400000000000000000000000017520405840000000000150000
005001064271878500000000000000000000000017520405840000000000150000
005001064271878600000000000000000000000017520405840000000000150000
005001064271878600000000000000000000000017520405840000000000150000
002011064271879300104164125345000000000023393930960400001036820025000012250008550008550000000000000100000001000000860470260000045156000000588102600000451560000005881000000000000000000000300000000000000000000000000006360010800570197654002707000000
002011064271880000109166770371000000000007837712080100001064940025000012250008550008550000000000000100000001000000860470260000045156000000588102600000451560000005881000000000000000000000300000010000000000000000001106360010800570197654002707000000
00300101000010001000085500000086047026000004515600000058810260000045156000000588106427212440000
00300104000010003300331500000086047026000004515600000058810260000045156000000588106427212440000
00300108000030000200000000000086047026000004515600000058810260000045156000000588106427212440000
00300106120150000100000000000086047026000004515600000058810260000045156000000588106427212440000
00300108000020000100000000000086047026000004515600000058810260000045156000000588106427212440000
001001026000008604700406427212440260000045156000000588102600000451560000005881020430458800100110000
001001026000008604700506427214740260000045156000000588102600000451560000005881020430458800100110000
002011064272148600104162517459000000000027765366480400001044270025000012250000770003550008550000000100000001000000860470260000045156000000588102600000451560000005881100000000000000000000300000000000000000000000000006360010800570197654002707000000
002011064272148600104162517459000000000027765366480400001044270025000012250002780003550008550000000100000001000000860470260000045156000000588102600000451560000005881100000000000000000000300000000000000000000000000006360010800570197654002707000000
002011064272225200117044829762000000000019833894150400001055750025000012250004500004500008550000000100000001000000860470260000045156000000588102600000451560000005881100000000000000000000300000000000000000000000000006360010800570197654002707000000
002011064272225700109017589798000000000027638226640100001000030025000012250000000000000008550000000100000001000000860470260000045156000000588102600000451560000005881100000000000000000000300000000000000000000000000006360010800570197654002707000000
002011064272226400104164138684000000000017696318160400001081900025000012250000000000000008550000000100000001000000860470260000045156000000588102600000451560000005881100000000000000000000300000000000000000000000000006360010800570197654002707000000
002011064272391900109006367187000000000008623237840100001001410025000012250000000000000008550000000100000001000000860470260000045156000000588102600000451560000005881100000000000000000000300000000000000000000000000006360010800570197654002707000000
002011064272392400117059957257000000000025090872170400001009850025000012250000000000000008550000000100000001000000860470260000045156000000588102600000451560000005881100000000000000000000300000000000000000000000000006360010800570197654002707000000
002011064272403700104163876924000000000022986683600400001026920025000012250008550008550000000000000100000001000000860470260000045156000000588102600000451560000005881000000000000000000000300000000000000000000000000006360010800570197654002707000000
002011064272500800104150531311000000000025857654480400001000110025000012250008550008550000000000000100000001000000860470260000045156000000588102600000451560000005881000000000000000000000300000000000000000000000000006360010800570197654002707000000
00300104000010000600066100000086047026000004515600000058810260000045156000000588106427267620000
00300101000010000200024500000086047026000004515600000058810260000045156000000588106427267620000
001001026000008604700406427267620260000045156000000588102600000451560000005881020430458800100010000
001001026000008604700506427286390260000045156000000588102600000451560000005881020430458800100010000
00200306427289450030400306250600000000002125172988080000303003002500000000000000000000010000000100000086047026000004515600000058810260000045156000000588100000000000000000000006360010800570197654002707000000
002011064272901100104163604207000000000017693330640400001019070025000012250008550008550000000000000100000001000000860470260000045156000000588102600000451560000005881000000000000000000000300000000000000000000000000006360010800570197654002707000000
002011064272901600104163533091000000000014940414160400001070110025000012250008550008550000000000000100000001000000860470260000045156000000588102600000451560000005881000000000000000000000300000000000000000000000000006360010800570197654002707000000
002011064272909300104160735955000000000025063716560400001015500025000012250008550008550000000000000100000001000000860470260000045156000000588102600000451560000005881000000000000000000000300000000000000000000000000006360010800570197654002707000000
002011064272909900104161929834000000000025081326800400001073830025000012250008550008550000000000000100000001000000860470260000045156000000588102600000451560000005881000000000000000000000300000000000000000000000000006360010800570197654002707000000
002011064272910400104163768579000000000019650586320400001015760025000012250008550008550000000000000100000001000000860470260000045156000000588102600000451560000005881000000000000000000000300000000000000000000000000006360010800570197654002707000000
002011064272912100104162963351000000000018679529680400001021950025000012250008550008550000000000000100000001000000860470260000045156000000588102600000451560000005881000000000000000000000300000000000000000000000000006360010800570197654002707000000
00200306427291680020401374718100000000000222233993080000201562002500000000000000000000010000000100000086047026000004515600000058810260000045156000000588100000000000000000000006360010800570197654002707000000
002011064272920400109128494566000000000004750508240100001002030025000012250008550008550000000000000100000001000000860470260000045156000000588102600000451560000005881000000000000000000000300000000000000000000000000006360010800570197654002707000000
00600106427292440000000000110358484001000010200000000060000
002011064272924400109057653691000000000011035848400100001010310025000012250008550008550000000000000100000001000000860470260000045156000000588102600000451560000005881000000000000000000000300000000000000000000000000006360010800570197654002707000000
002011064272925100109109874057000000000018086920400100001002860025000012250008550008550000000000000100000001000000860470260000045156000000588102600000451560000005881000000000000000000000300000000000000000000000000006360010800570197654002707000000
002011064272929800104079495516000000000042473517350400001017850025000025000025000000000000000000000100000001000000860470260000045156000000588102600000451560000005881000000000000000000000000000000000000000000000000006360010800570197654002707000000
002011064272930600109054621497000000000014826576080100001000470025000012250008550008550000000000000100000001000000860470260000045156000000588102600000451560000005881000000000000000000000300000000000000000000000000006360010800570197654002707000000
002011064272938900104159928761000000000026245333200400001038560025000012250008550008550000000000000100000001000000860470260000045156000000588102600000451560000005881000000000000000000000300000000000000000000000000006360010800570197654002707000000
0020020642729482003010009974530000000000260656463801000030000000250000000000250000000001000000010000008604702600000451560000005881026000004515600000058810063600108005701976540027070000
00200306427294880020400761454100000000004139383605080000209279002500000000000000000000010000000100000086047026000004515600000058810260000045156000000588100000000000000000000006360010800570197654002707000000
002011064272950000104162121539000000000026696663760400001015830025000012250008550008550000000000000100000001000000860470260000045156000000588102600000451560000005881000000000000000000000300000000000000000000000000006360010800570197654002707000000
00200306427295100030400272935300000000001116119306080000305651002500000000000000000000010000000100000086047026000004515600000058810260000045156000000588100000000000000000000006360010800570197654002707000000
002011064272958300104163220689000000000018636411600400001029890025000012250008550008550000000000000100000001000000860470260000045156000000588102600000451560000005881000000000000000000000300000000000000000000000000006360010800570197654002707000000
005001064272962000104164425561000000000024068775121022001000150000
002011064272963100104164425561000000000024068775120400001057670025000012250008550008550000000000000100000001000000860470260000045156000000588102600000451560000005881000000000000000000000300000000000000000000000000006360010800570197654002707000000
002011064272970900104162088711000000000026746358480400001045410025000012250008550008550000000000000100000001000000860470260000045156000000588102600000451560000005881000000000000000000000300000000000000000000000000006360010800570197654002707000000
00200306427297500030100109398100000000001138848066070000301432002500000000000000000000010000000100000086047026000004515600000058810260000045156000000588100000000000000000000006360010800570197654002707000000
002011064272978600104086237004000000000019209465040400001001590025000012250008550008550000000000000100000001000000860470260000045156000000588102600000451560000005881000000000000000000000300000000000000000000000000006360010800570197654002707000000
00200306427298230030400239591900000000002442220442080000301891002500000000000000000000010000000100000086047026000004515600000058810260000045156000000588100000000000000000000006360010800570197654002707000000
00200306427298380020400459371100000000003281643969080000203826002500000000000000000000010000000100000086047026000004515600000058810260000045156000000588100000000000000000000006360010800570197654002707000000
002011064272990700109123145873000000000010767529680100001011380025000012250008550008550000000000000100000001000000860470260000045156000000588102600000451560000005881000000000000000000000300000000000000000000000000006360010800570197654002707000000
0020020642730045003010009974530000000000260656463801000030000000250000000000250000000001000000010000008604702600000451560000005881026000004515600000058810063600108005701976540027070000
002011064273005100104161707297000000000027798178000400001052030025000012250008550008550000000000000100000001000000860470260000045156000000588102600000451560000005881000000000000000000000300000000000000000000000000006360010800570197654002707000000
002011064273005700117005976911000000000038651467870400001066770025000012250008550008550000000000000100000001000000860470260000045156000000588102600000451560000005881000000000000000000000300000000000000000000000000006360010800570197654002707000000
002011064273006500109053029756000000000019063808720100001035640025000012250008550008550000000000000100000001000000860470260000045156000000588102600000451560000005881000000000000000000000300000000000000000000000000006360010800570197654002707000000
0020020642730071003010009974530000000000260656463801000030000000250000000000250000000001000000010000008604702600000451560000005881026000004515600000058810063600108005701976540027070000
002011064273008400109104222612000000000010318738640100001009440025000012250008550008550000000000000100000001000000860470260000045156000000588102600000451560000005881000000000000000000000300000000000000000000000000006360010800570197654002707000000
002011064273009200109106812476000000000013535964880100001001170025000012250008550008550000000000000100000001000000860470260000045156000000588102600000451560000005881000000000000000000000300000000000000000000000000006360010800570197654002707000000
002011064273009800104084299101000000000009235579600400001003870025000025000025000000000000000000000100000001000000860470260000045156000000588102600000451560000005881000000000000000000000000000000000000000000000000006360010800570197654002707000000
002011064273018400104152875247000000000027872046800400001010810025000025000004850004850008550000000100000001000000860470260000045156000000588102600000451560000005881100000000000000000000700000000000000000000000000006360010800570197654002707000000
00200306427301880030400514110100000000001545889666080000300145002500000000000000000000010000000100000086047026000004515600000058810260000045156000000588100000000000000000000006360010800570197654002707000000
00200306427301980030400398186200000000000556113491080000302168002500000000000000000000010000000100000086047026000004515600000058810260000045156000000588100000000000000000000006360010800570197654002707000000
00200306427302350020401636570100000000002739380105080000200661002500000000000000000000010000000100000086047026000004515600000058810260000045156000000588100000000000000000000006360010800570197654002707000000
002011064273024500109055200797000000000018730870480100001000130025000012250008550008550000000000000100000001000000860470260000045156000000588102600000451560000005881000000000000000000000300000010000000000000000000106360010800570197654002707000000
002011064273031900104085986658000000000016863432400400001001880025000012250008550008550000000000000100000001000000860470260000045156000000588102600000451560000005881000000000000000000000300000000000000000000000000006360010800570197654002707000000
005001064273033200104160611661000000000028343289041023001000150000
005001064273033600104160611661000000000028343289040400001000150000
002011064273033800104160611661000000000028343289040400001066140025000025000025000000000000000000000100000001000000860470260000045156000000588102600000451560000005881000000000000000000000000000000000000000000000000006360010800570197654002707000000
002011064273034600104161905561000000000027736622800400001006970025000012250008550008550000000000000100000001000000860470260000045156000000588102600000451560000005881000000000000000000000300000000000000000000000000006360010800570197654002707000000
00200306427303540030400497954300000000001545908786080000300210002500000000000000000000010000000100000086047026000004515600000058810260000045156000000588100000000000000000000006360010800570197654002707000000
00200306427303700020100468591300000000003408576356070100201503002500000000000000000000010000000100000086047026000004515600000058810260000045156000000588100000000000000000000006360010800570197654002707000000
00200306427304050030400386182400000000002133009676080000303195002500000000000000000000010000000100000086047026000004515600000058810260000045156000000588100000000000000000000006360010800570197654002707000000
002011064273041600104161792227000000000027724898000400001019550025000025000025000000000000000000000100000001000000860470260000045156000000588102600000451560000005881000000000000000000000000000000000000000000000000006360010800570197654002707000000
002011064273051800109069375624000000000014785470160100001005890025000012250008550008550000000000000100000001000000860470260000045156000000588102600000451560000005881000000000000000000000300000000000000000000000000006360010800570197654002707000000
002011064273056700117059165741000000000029739746460400001007850025000012250008550008550000000000000100000001000000860470260000045156000000588102600000451560000005881000000000000000000000300000000000000000000000000006360010800570197654002707000000
002011064273077700109127460218000000000006216571600100001000320025000012250008550008550000000000000100000001000000860470260000045156000000588102600000451560000005881000000000000000000000300000000000000000000000000006360010800570197654002707000000
002011064273078800109127460226000000000006211287760100001002630025000012250008550008550000000000000100000001000000860470260000045156000000588102600000451560000005881000000000000000000000300000000000000000000000000006360010800570197654002707000000
002011064273212400104153170778000000000027866586320400001010640025000012250008550008550000000000000100000001000000860470260000045156000000588102600000451560000005881000000000000000000000300000000000000000000000000006360010800570197654002707000000
005001064273248400304004773341000000000015458225460800003000800000
002011064273249100104150257732000000000025801160400400001000600025000012250008550008550000000000000100000001000000860470260000045156000000588102600000451560000005881000000000000000000000300000000000000000000000000006360010800570197654002707000000
002011064273270400104165824441000000000024137905360400001061390025000012250008550008550000000000000100000001000000860470260000045156000000588102600000451560000005881000000000000000000000300000000000000000000000000006360010800570197654002707000000
002011064273393500104083620656000000000012498637520400001005810025000012250008550008550000000000000100000001000000860470260000045156000000588102600000451560000005881000000000000000000000300000000000000000000000000006360010800570197654002707000000
00300108000030000700000000000086047026000004515600000058810260000045156000000588106427355540000
00300104000010002600304550000086047026000004515600000058810260000045156000000588106427355540000
00300108000020000400000000000086047026000004515600000058810260000045156000000588106427355540000
00300101000010001200102600000086047026000004515600000058810260000045156000000588106427355540000
00300101000030000300075000000086047026000004515600000058810260000045156000000588106427355540000
00300107000030000100000000000086047026000004515600000058810260000045156000000588106427355540000
00300107010020000100000000000086047026000004515600000058810260000045156000000588106427355540000
001001026000008604700406427355540260000045156000000588102600000451560000005881020430458800100110000
001001026000008604700506427358520260000045156000000588102600000451560000005881020430458800100110000
00200306427358770030400422812200000000002447083557080000301914002500000000000000000000010000000100000086047026000004515600000058810260000045156000000588100000000000000000000006360010800570197654002707000000
0020020642735887003010009974530000000000260656463801000030000000250000000000250000000001000000010000008604702600000451560000005881026000004515600000058810063600108005701976540027070000
00200306427358940030400378962700000000000884634547080000301786002500000000000000000000010000000100000086047026000004515600000058810260000045156000000588100000000000000000000006360010800570197654002707000000
00600106427359050000000000126119917601000010200000000060000
002011064273590600109007160373000000000012611991760100001035060025000012250003550003550008550000000100000001000000860470260000045156000000588102600000451560000005881100000000000000000000300000000000000000000000000006360010800570197654002707000000
00200306427359120030400246709100000000003408343924080000304552002500000000000000000000010000000100000086047026000004515600000058810260000045156000000588100000000000000000000006360010800570197654002707000000
002011064273604300109127363441000000000001448886480100001009030025000012250004500004500008550000000100000001000000860470260000045156000000588102600000451560000005881100000000000000000000300000000000000000000000000006360010800570197654002707000000
002011064273742300109051042798000000000009464010960100001000360025000012250000000000000008550000000100000001000000860470260000045156000000588102600000451560000005881100000000000000000000300000000000000000000000000006360010800570197654002707000000
002011064273742900104164345442000000000024300647120400001006100025000012250000000000000008550000000100000001000000860470260000045156000000588102600000451560000005881100000000000000000000300000000000000000000000000006360010800570197654002707000000
00200306427380740030100103686400000000002679233443070000303291002500000000000000000000010000000100000086047026000004515600000058810260000045156000000588100000000000000000000006360010800570197654002707000000
00200306427384230030100112745200000000000871419801070000300523002500000000000000000000010000000100000086047026000004515600000058810260000045156000000588100000000000000000000006360010800570197654002707000000
002011064273861600117050846525000000000024642529970400001010550025000012250004600004600008550000000100000001000000860470260000045156000000588102600000451560000005881100000000000000000000300000000000000000000000000006360010800570197654002707000000
002011064273862100109051118824000000000006743342800100001019360025000012250003000003000008550000000100000001000000860470260000045156000000588102600000451560000005881100000000000000000000300000010000000000000000000106360010800570197654002707000000
00200306427393670030100113907800000000000873521641070000300203002500000000000000000000010000000100000086047026000004515600000058810260000045156000000588100000000000000000000006360010800570197654002707000000
00200306427393820030100103753400000000001011208875070000301085002500000000000000000000010000000100000086047026000004515600000058810260000045156000000588100000000000000000000006360010800570197654002707000000
00200306427398170030100112973100000000000871457833070000300509002500000000000000000000010000000100000086047026000004515600000058810260000045156000000588100000000000000000000006360010800570197654002707000000
00200306427398280030100106045500000000003527038246070000302200002500000000000000000000010000000100000086047026000004515600000058810260000045156000000588100000000000000000000006360010800570197654002707000000
00200306427398410030100113841100000000000873677321070000300345002500000000000000000000010000000100000086047026000004515600000058810260000045156000000588100000000000000000000006360010800570197654002707000000
00200306427408580030400345598200000000002138060316080000301788002500000000000000000000010000000100000086047026000004515600000058810260000045156000000588100000000000000000000006360010800570197654002707000000
00200306427413600030400246602600000000003408477780080000300881002500000000000000000000010000000100000086047026000004515600000058810260000045156000000588100000000000000000000006360010800570197654002707000000
002011064274137300109055187669000000000016279058640100001001570025000012250008550008550000000000000100000001000000860470260000045156000000588102600000451560000005881000000000000000000000300000000000000000000000000006360010800570197654002707000000
00300108000030000500000000000086047026000004515600000058810260000045156000000588106427420810000
00300101000030000100025000000086047026000004515600000058810260000045156000000588106427420810000
00300101000010000500057550000086047026000004515600000058810260000045156000000588106427420810000
00300104000010000200024500000086047026000004515600000058810260000045156000000588106427420810000
00300107000030000700000000000086047026000004515600000058810260000045156000000588106427420810000
001001026000008604700406427420810260000045156000000588102600000451560000005881020430458800100010000
001001026000008604700306427420840260000045156000000588102600000451560000005881020430458800100010000
001001026000008604700206427420880260000045156000000588102600000451560000005881020430458800100010000
010001001026000004515600000058810000086047064274209400400000
02000100106427421010030100099745300000000002606564638026000004515600000058810109301000008604702600000451560000005881026000004515600000058810000
0210010300190000086047026000004515600000058810260000045156000000588106427421010000
0210010400070000086047026000004515600000058810260000045156000000588106427421010000
0210010800090000086047026000004515600000058810260000045156000000588106427421010000
0210010900010000086047026000004515600000058810260000045156000000588106427421010000
0210012500890000086047026000004515600000058810260000045156000000588106427421010000
010001001026000004515600000058810000086047064274210100500000
001001026000008604700106427421040000000045156000000000000000000000000000000000020430458800100010000
03400642715674000008604700005C06427156740642721244000008604704588I000004515600000451560100000220008550000000010000000104000005100085500000000100000001040000007002500000000001000000010612000010000000000000010000000108000001400000000000000100000001
03400642721474000008604700005C06427214740642726762000008604704588V00000451560000045156010000003000000100000001000000010400000010000771000000010000000104000000300000010000000100000001040000002000855000000001000000010400000010002781000000010000000104000000100045010000000100000001040000001000450100000001000000010400000010004501000000010000000104000000100045010000000100000001
