1000020260000086107003002185163227835986050039570000
001001026000008610700206676439170000000105914000000000000000000000000000000000000000000000000000000
010001001026000010591400000092840000086107066764392800100000
0350010667643941871424320000028500000001010000
010001001026000010591400000092840000086107066764394300200000
001001026000008610700306676439510260000105914000000928402600001059140000009284000000000000000020000
001001026000008610700406676439580260000105914000000928402600001059140000009284020340457900100020000
005001066764395900301001136011000000000008714243290400001000150000
001001026000008610700506676439650260000105914000000928402600001059140000009284020340457900100020000
005001066764426500109074156501000000000029740629201023001002300000
005001066764426700109074156501000000000029740629200100001000150000
002011066764426800109074156501000000000029740629200100001004520004300004300004300000000000000000000100000001000000861070260000105914000000928402600001059140000009284000000000000000000000000000000000000000000000000000218516322783598605003957000000
0020020667644326003010011360110000000000087142432901000030000000043000000000043000000001000000010000008610702600001059140000009284026000010591400000092840002185163227835986050039570000
0020020667644331003010011360110000000000087142432901000030000000043000000000043000000001000000010000008610702600001059140000009284026000010591400000092840002185163227835986050039570000
0020020667644336003010011360110000000000087142432901000030000000043000000000043000000001000000010000008610702600001059140000009284026000010591400000092840002185163227835986050039570000
0020020667644357003010011360110000000000087142432901000030000000043000000000043000000001000000010000008610702600001059140000009284026000010591400000092840002185163227835986050039570000
00200306676444720030400516040800000000003533621094080000300298000430000000000000000000010000000100000086107026000010591400000092840260000105914000000928400000000000000000000000218516322783598605003957000000
00200306676445280030100113587100000000001573648722070100300527000430000000000000000000010000000100000086107026000010591400000092840260000105914000000928400000000000000000000000218516322783598605003957000000
005001066764456000104085833771000000000017610002640400001000340000
005001066764456500104085833771000000000017610002641023001002300000
005001066764457300104089769279000000000029305516240400001000150000
002011066764457300104089769279000000000029305516240400001002450004300004300004300000000000000000000100000001000000861070260000105914000000928402600001059140000009284000000000000000000000000000000000000000000000000000218516322783598605003957000000
002011066764479900104163855421000000000024091484880400001021780004300004300004300000000000000000000100000001000000861070260000105914000000928402600001059140000009284000000000000000000000000000000000000000000000000000218516322783598605003957000000
0020020667644813003010011360110000000000087142432901000030000000043000000000043000000001000000010000008610702600001059140000009284026000010591400000092840002185163227835986050039570000
00200306676450560020401021390900000000004041823773080000211187000430000000000000000000010000000100000086107026000010591400000092840260000105914000000928400000000000000000000000218516322783598605003957000000
0020020667645083003010011360110000000000087142432901000030000000043000000000043000000001000000010000008610702600001059140000009284026000010591400000092840002185163227835986050039570000
0020020667645089003010011360110000000000087142432901000030000000043000000000043000000001000000010000008610702600001059140000009284026000010591400000092840002185163227835986050039570000
00200306676450940150300322623100000000003569987270061201500298000430000000000000000000010000000100000086107026000010591400000092840260000105914000000928400000000000000000000000218516322783598605003957000000
002011066764510400117060093651000000000025113876170400001008430004300004300004300000000000000000000100000001000000861070260000105914000000928402600001059140000009284000000000000000000000000000000000000000000000000000218516322783598605003957000000
0020020667645267003010011360110000000000087142432901000030000000043000000000043000000001000000010000008610702600001059140000009284026000010591400000092840002185163227835986050039570000
0020020667645585003010011360110000000000087142432901000030000000043000000000043000000001000000010000008610702600001059140000009284026000010591400000092840002185163227835986050039570000
002011066764564300104083803742000000000009316089040400001006060004300004300004300000000000000000000100000001000000861070260000105914000000928402600001059140000009284000000000000000000000000000000000000000000000000000218516322783598605003957000000
002011066764592300109152149784000000000000994926800100001001160004300004300004300000000000000000000100000001000000861070260000105914000000928402600001059140000009284000000000000000000000000000000000000000000000000000218516322783598605003957000000
002011066764617200104151526771000000000025366748880400001001400004300004300004300000000000000000000100000001000000861070260000105914000000928402600001059140000009284000000000000000000000000000000000000000000000000000218516322783598605003957000000
0020020667646503003010011360110000000000087142432901000030000000043000000000043000000001000000010000008610702600001059140000009284026000010591400000092840002185163227835986050039570000
002011066764654800117048865186000000000019237723250400001045930004300004300004300000000000000000000100000001000000861070260000105914000000928402600001059140000009284000000000000000000000000000000000000000000000000000218516322783598605003957000000
00200306676466090150300143929700000000000659791580061201506561000430000000000000000000010000000100000086107026000010591400000092840260000105914000000928400000000000000000000000218516322783598605003957000000
00200306676466410030400518044100000000003569745622080000300576000430000000000000000000010000000100000086107026000010591400000092840260000105914000000928400000000000000000000000218516322783598605003957000000
0020020667648849003010011360110000000000087142432901000030000000043000000000043000000001000000010000008610702600001059140000009284026000010591400000092840002185163227835986050039570000
0020020667648860003010011360110000000000087142432901000030000000043000000000043000000001000000010000008610702600001059140000009284026000010591400000092840002185163227835986050039570000
0020020667648871003010011360110000000000087142432901000030000000043000000000043000000001000000010000008610702600001059140000009284026000010591400000092840002185163227835986050039570000
0020020667649033003010011360110000000000087142432901000030000000043000000000043000000001000000010000008610702600001059140000009284026000010591400000092840002185163227835986050039570000
002011066764933000104164718699000000000023014108880400001061870004300004300004300000000000000000000100000001000000861070260000105914000000928402600001059140000009284000000000000000000000000000000000000000000000000000218516322783598605003957000000
0020020667649626003010011360110000000000087142432901000030000000043000000000043000000001000000010000008610702600001059140000009284026000010591400000092840002185163227835986050039570000
0020020667649657003010011360110000000000087142432901000030000000043000000000043000000001000000010000008610702600001059140000009284026000010591400000092840002185163227835986050039570000
002011066764983500109074157478000000000030911539920100001001770004300004300004250004250008550000000100000001000000861070260000105914000000928402600001059140000009284100000000000000000000300000000000000000000000000000218516322783598605003957000000
0020020667650403003010011360110000000000087142432901000030000000043000000000043000000001000000010000008610702600001059140000009284026000010591400000092840002185163227835986050039570000
0020020667650694003010011360110000000000087142432901000030000000043000000000043000000001000000010000008610702600001059140000009284026000010591400000092840002185163227835986050039570000
005001066765092201503002376019000000000010327637280614015000840000
00200306676509220150300237601900000000001032763728061301501892000430000000000000000000010000000100000086107026000010591400000092840260000105914000000928400000000000000000000000218516322783598605003957000000
0020020667650930015030023760190000000000103276372806140150106600043000000000000000000001000000010000008610702600001059140000009284026000010591400000092840002185163227835986050039570000
00200306676511150030400323230400000000002133096764080000312174000430000000000000000000010000000100000086107026000010591400000092840260000105914000000928400000000000000000000000218516322783598605003957000000
00200306676513540030400504044500000000000455486745080000301285000430000000000000000000010000000100000086107026000010591400000092840260000105914000000928400000000000000000000000218516322783598605003957000000
00200306676515420030100098064100000000000844804427070100303940000430000000000000000000010000000100000086107026000010591400000092840260000105914000000928400000000000000000000000218516322783598605003957000000
0020020667651643003010011360110000000000087142432901000030000000043000000000043000000001000000010000008610702600001059140000009284026000010591400000092840002185163227835986050039570000
005001066765169500301001110487000000000004545145050701003000800000
00200306676517510030100111048700000000000454514505070100300917000430000000000000000000010000000100000086107026000010591400000092840260000105914000000928400000000000000000000000218516322783598605003957000000
005001066765198500104152257764000000000025848502481023001002300000
002011066765198800104152257764000000000025848502480400001012700004300004300004300000000000000000000100000001000000861070260000105914000000928402600001059140000009284000000000000000000000000000000000000000000000000000218516322783598605003957000000
0020020667652072003010011360110000000000087142432901000030000000043000000000043000000001000000010000008610702600001059140000009284026000010591400000092840002185163227835986050039570000
0020020667652224003010011360110000000000087142432901000030000000043000000000043000000001000000010000008610702600001059140000009284026000010591400000092840002185163227835986050039570000
002011066765230600104089085531000000000029320049360400001002310004300004300004300000000000000000000100000001000000861070260000105914000000928402600001059140000009284000000000000000000000000000000000000000000000000000218516322783598605003957000000
00200306676523180030400502246300000000003533030134080000300469000430000000000000000000010000000100000086107026000010591400000092840260000105914000000928400000000000000000000000218516322783598605003957000000
0020020667652332003010011360110000000000087142432901000030000000043000000000043000000001000000010000008610702600001059140000009284026000010591400000092840002185163227835986050039570000
00200306676523390150300294042900000000000455928153061201500417000430000000000000000000010000000100000086107026000010591400000092840260000105914000000928400000000000000000000000218516322783598605003957000000
0020020667652356003010011360110000000000087142432901000030000000043000000000043000000001000000010000008610702600001059140000009284026000010591400000092840002185163227835986050039570000
00600106676525250000000000259693447210230011200000000020000
005001066765252800104152150919000000000025969344720400001000150000
005001066765252800104152150919000000000025969344720400001000150000
005001066765252800104152150919000000000025969344720400001000150000
005001066765253000104152150919000000000025969344721023001002300000
002011066765253500104152150919000000000025969344720400001002540004300004300004300000000000000000000100000001000000861070260000105914000000928402600001059140000009284000000000000000000000000000000000000000000000000000218516322783598605003957000000
002011066765267000104088010465000000000016638979280400001006380004300004300004300000000000000000000100000001000000861070260000105914000000928402600001059140000009284000000000000000000000000000000000000000000000000000218516322783598605003957000000
0020020667652704003010011360110000000000087142432901000030000000043000000000043000000001000000010000008610702600001059140000009284026000010591400000092840002185163227835986050039570000
0020020667652756003010011360110000000000087142432901000030000000043000000000043000000001000000010000008610702600001059140000009284026000010591400000092840002185163227835986050039570000
005001066765304900104088854868000000000027141164241023001002300000
002011066765305200104088854868000000000027141164240400001005370004300004300004300000000000000000000100000001000000861070260000105914000000928402600001059140000009284000000000000000000000000000000000000000000000000000218516322783598605003957000000
00200306676554010030400495072300000000003533532710080000301469000430000000000000000000010000000100000086107026000010591400000092840260000105914000000928400000000000000000000000218516322783598605003957000000
0020020667655432003010011360110000000000087142432901000030000000043000000000043000000001000000010000008610702600001059140000009284026000010591400000092840002185163227835986050039570000
0020020667655436003010011360110000000000087142432901000030000000043000000000043000000001000000010000008610702600001059140000009284026000010591400000092840002185163227835986050039570000
002011066765546700104088570551000000000023675945680400001004010004300004300004300000000000000000000100000001000000861070260000105914000000928402600001059140000009284000000000000000000000000000000000000000000000000000218516322783598605003957000000
002011066765547800104087966018000000000016747052240400001005750004300004300004300000000000000000000100000001000000861070260000105914000000928402600001059140000009284000000000000000000000000000000000000000000000000000218516322783598605003957000000
005001066765569700104165427621000000000024113554640400001000150000
005001066765569800104165427621000000000024113554640400001000360000
005001066765570200104165427621000000000024113554640400001000360000
002011066765570800104165427621000000000024113554640400001040950004300004300004300000000000000000000100000001000000861070260000105914000000928402600001059140000009284000000000000000000000000000000000000000000000000000218516322783598605003957000000
005001066765578700104088865347000000000028459016401023001002300000
002011066765579200104088865347000000000028459016400400001002720004300004300004300000000000000000000100000001000000861070260000105914000000928402600001059140000009284000000000000000000000000000000000000000000000000000218516322783598605003957000000
002011066765605100109165201194000000000007949105360100001009520004300004300000000000000008550000000100000001000000861070260000105914000000928402600001059140000009284100000000000000000000300000000000000000000000000000218516322783598605003957000000
005001066765605700109006090525000000000011139269841023001002300000
005001066765605900109006090525000000000011139269841023001002300000
002011066765606200109006090525000000000011139269840100001008720004300004300000000000000008550000000100000001000000861070260000105914000000928402600001059140000009284100000000000000000000300000010000000000000000000100218516322783598605003957000000
0020020667657063003010011360110000000000087142432901000030000000043000000000043000000001000000010000008610702600001059140000009284026000010591400000092840002185163227835986050039570000
002011066765721200104078980569000000000012720424920400001018660004300004300004300000000000000000000100000001000000861070260000105914000000928402600001059140000009284000000000000000000000019300000000000000000000000000218516322783598605003957000000
00200306676574420030400424924300000000003148581966080000301700000430000000000000000000010000000100000086107026000010591400000092840260000105914000000928400000000000000000000000218516322783598605003957000000
00200306676576250030400342343600000000002141028812080000307475000430000000000000000000010000000100000086107026000010591400000092840260000105914000000928400000000000000000000000218516322783598605003957000000
00200306676577390030400513381800000000003571841126080000300375000430000000000000000000010000000100000086107026000010591400000092840260000105914000000928400000000000000000000000218516322783598605003957000000
00200306676578130030400250340100000000003413784804080000301250000430000000000000000000010000000100000086107026000010591400000092840260000105914000000928400000000000000000000000218516322783598605003957000000
005001066765782300104089807804000000000034950060241023001002300000
002011066765782600104089807804000000000034950060240400001002140004300004300004300000000000000000000100000001000000861070260000105914000000928402600001059140000009284000000000000000000000000000000000000000000000000000218516322783598605003957000000
0020020667657831003010011360110000000000087142432901000030000000043000000000043000000001000000010000008610702600001059140000009284026000010591400000092840002185163227835986050039570000
0020020667657839003010011360110000000000087142432901000030000000043000000000043000000001000000010000008610702600001059140000009284026000010591400000092840002185163227835986050039570000
005001066765795900109125552492000000000006466491601023001002300000
005001066765796100109125552492000000000006466491600100001000360000
005001066765796500109125552492000000000006466491601023001002300000
005001066765796700109125552492000000000006466491601023001002300000
002011066765797000109125552492000000000006466491600100001008290004300004300004300000000000000000000100000001000000861070260000105914000000928402600001059140000009284000000000000000000000000000000000000000000000000000218516322783598605003957000000
0020020667658013003010011360110000000000087142432901000030000000043000000000043000000001000000010000008610702600001059140000009284026000010591400000092840002185163227835986050039570000
002011066765816700117050041527000000000016727959740400001033960004300004300004300000000000000000000100000001000000861070260000105914000000928402600001059140000009284000000000000000000000000000000000000000000000000000218516322783598605003957000000
0020020667660682003010011360110000000000087142432901000030000000043000000000043000000001000000010000008610702600001059140000009284026000010591400000092840002185163227835986050039570000
0020020667660695003010011360110000000000087142432901000030000000043000000000043000000001000000010000008610702600001059140000009284026000010591400000092840002185163227835986050039570000
0020020667660708003010011360110000000000087142432901000030000000043000000000043000000001000000010000008610702600001059140000009284026000010591400000092840002185163227835986050039570000
0020020667660728003010011360110000000000087142432901000030000000043000000000043000000001000000010000008610702600001059140000009284026000010591400000092840002185163227835986050039570000
00200306676607410030400519211300000000003570029190080000300194000430000000000000000000010000000100000086107026000010591400000092840260000105914000000928400000000000000000000000218516322783598605003957000000
005001066766075800304005192113000000000035700291900800003001170000
044001066766077000304005192113000000000035700291900800003001940000
00200306676607800030400418843100000000002447047493080000301606000430000000000000000000010000000100000086107026000010591400000092840260000105914000000928400000000000000000000000218516322783598605003957000000
0020020667660790003010011360110000000000087142432901000030000000043000000000043000000001000000010000008610702600001059140000009284026000010591400000092840002185163227835986050039570000
00200306676608200040400348465200000000002759079529080000400632000430000000000000000000010000000100000086107026000010591400000092840260000105914000000928400000000000000000000000218516322783598605003957000000
005001066766087700104152587691000000000024951109841023001002300000
005001066766088000104152587691000000000024951109841023001002300000
005001066766088200104152587691000000000024951109841023001002300000
005001066766088600104152587691000000000024951109841023001002300000
002011066766089200104152587691000000000024951109840400001028590004300004300004300000000000000000000100000001000000861070260000105914000000928402600001059140000009284000000000000000000000000000000000000000000000000000218516322783598605003957000000
005001066766089900109075659787000000000029652647120100001000150000
002011066766090000109075659787000000000029652647120100001002960004300004300004300000000000000000000100000001000000861070260000105914000000928402600001059140000009284000000000000000000000000000000000000000000000000000218516322783598605003957000000
002011066766091800117059199451000000000029534400750400001013910004300004300000000000000008550000000100000001000000861070260000105914000000928402600001059140000009284100000000000000000000300000000000000000000000000000218516322783598605003957000000
005001066766116700104085074454000000000015563443921023001002300000
002011066766117000104085074454000000000015563443920400001013240004300004300004300000000000000000000100000001000000861070260000105914000000928402600001059140000009284000000000000000000000000000000000000000000000000000218516322783598605003957000000
00200306676612430030400510395100000000003933705221080000300871000430000000000000000000010000000100000086107026000010591400000092840260000105914000000928400000000000000000000000218516322783598605003957000000
00200306676618390030400533433300000000001983057362080000300051000430000000000000000000010000000100000086107026000010591400000092840260000105914000000928400000000000000000000000218516322783598605003957000000
0020020667661978003010011360110000000000087142432901000030000000043000000000043000000001000000010000008610702600001059140000009284026000010591400000092840002185163227835986050039570000
002011066766254500109126853471000000000003336164560100001015550004300004300004300000000000000000000100000001000000861070260000105914000000928402600001059140000009284000000000000000000000019000000000000000000000000000218516322783598605003957000000
0020020667662575003010011360110000000000087142432901000030000000043000000000043000000001000000010000008610702600001059140000009284026000010591400000092840002185163227835986050039570000
002011066766265200104152586253000000000027898655440400001063240004300004300004300000000000000000000100000001000000861070260000105914000000928402600001059140000009284000000000000000000000000000000000000000000000000000218516322783598605003957000000
00200306676626620030400333476100000000000884897027080000304099000430000000000000000000010000000100000086107026000010591400000092840260000105914000000928400000000000000000000000218516322783598605003957000000
0020020667662836003010011360110000000000087142432901000030000000043000000000043000000001000000010000008610702600001059140000009284026000010591400000092840002185163227835986050039570000
0020020667662846003010011360110000000000087142432901000030000000043000000000043000000001000000010000008610702600001059140000009284026000010591400000092840002185163227835986050039570000
00200306676630800030400520189900000000003572576342080000300690000430000000000000000000010000000100000086107026000010591400000092840260000105914000000928400000000000000000000000218516322783598605003957000000
002011066766326600104166485527000000000017034931920400001008300004300004300004300000000000000000000100000001000000861070260000105914000000928402600001059140000009284000000000000000000000000000000000000000000000000000218516322783598605003957000000
0020020667663419003010011360110000000000087142432901000030000000043000000000043000000001000000010000008610702600001059140000009284026000010591400000092840002185163227835986050039570000
00200306676634250030400418499100000000002553361386080000301644000430000000000000000000010000000100000086107026000010591400000092840260000105914000000928400000000000000000000000218516322783598605003957000000
0020020667663689003010011360110000000000087142432901000030000000043000000000043000000001000000010000008610702600001059140000009284026000010591400000092840002185163227835986050039570000
0020020667663703003010011360110000000000087142432901000030000000043000000000043000000001000000010000008610702600001059140000009284026000010591400000092840002185163227835986050039570000
0020020667663711003010011360110000000000087142432901000030000000043000000000043000000001000000010000008610702600001059140000009284026000010591400000092840002185163227835986050039570000
002011066766371600104082369518000000000000950014160400001007060004300004300004300000000000000000000100000001000000861070260000105914000000928402600001059140000009284000000000000000000000000000000000000000000000000000218516322783598605003957000000
0020020667663724003010011360110000000000087142432901000030000000043000000000043000000001000000010000008610702600001059140000009284026000010591400000092840002185163227835986050039570000
0020020667663735003010011360110000000000087142432901000030000000043000000000043000000001000000010000008610702600001059140000009284026000010591400000092840002185163227835986050039570000
0020020667663740003010011360110000000000087142432901000030000000043000000000043000000001000000010000008610702600001059140000009284026000010591400000092840002185163227835986050039570000
0020020667663768003010011360110000000000087142432901000030000000043000000000043000000001000000010000008610702600001059140000009284026000010591400000092840002185163227835986050039570000
0020020667663810003010011360110000000000087142432901000030000000043000000000043000000001000000010000008610702600001059140000009284026000010591400000092840002185163227835986050039570000
0020020667663823003010011360110000000000087142432901000030000000043000000000043000000001000000010000008610702600001059140000009284026000010591400000092840002185163227835986050039570000
0020020667663837003010011360110000000000087142432901000030000000043000000000043000000001000000010000008610702600001059140000009284026000010591400000092840002185163227835986050039570000
0020020667663843003010011360110000000000087142432901000030000000043000000000043000000001000000010000008610702600001059140000009284026000010591400000092840002185163227835986050039570000
0020020667663857003010011360110000000000087142432901000030000000043000000000043000000001000000010000008610702600001059140000009284026000010591400000092840002185163227835986050039570000
0020020667663973003010011360110000000000087142432901000030000000043000000000043000000001000000010000008610702600001059140000009284026000010591400000092840002185163227835986050039570000
0020020667663985003010011360110000000000087142432901000030000000043000000000043000000001000000010000008610702600001059140000009284026000010591400000092840002185163227835986050039570000
0020020667664002003010011360110000000000087142432901000030000000043000000000043000000001000000010000008610702600001059140000009284026000010591400000092840002185163227835986050039570000
0020020667664022003010011360110000000000087142432901000030000000043000000000043000000001000000010000008610702600001059140000009284026000010591400000092840002185163227835986050039570000
00200306676640550030400502778300000000003534289254080000300404000430000000000000000000010000000100000086107026000010591400000092840260000105914000000928400000000000000000000000218516322783598605003957000000
005001066766415800104165933763000000000023990078161023001002300000
005001066766416100104165933763000000000023990078161023001000150000
005001066766416200104165933763000000000023990078161023001002300000
005001066766416300104165933763000000000023990078161023001002300000
002011066766416600104165933763000000000023990078160400001027850004300004300004300000000000000000000100000001000000861070260000105914000000928402600001059140000009284000000000000000000000000000000000000000000000000000218516322783598605003957000000
0020020667664534003010011360110000000000087142432901000030000000043000000000043000000001000000010000008610702600001059140000009284026000010591400000092840002185163227835986050039570000
005001066766614600301001136011000000000008714243290400001000150000
00300101000010000800034400000086107026000010591400000092840260000105914000000928406676661500000
00300101000030005800249400000086107026000010591400000092840260000105914000000928406676661500000
00300108000030001800000000000086107026000010591400000092840260000105914000000928406676661500000
00300107010030000300000000000086107026000010591400000092840260000105914000000928406676661500000
00300104000010002600111800000086107026000010591400000092840260000105914000000928406676661500000
00300108000020000100000000000086107026000010591400000092840260000105914000000928406676661500000
00300106120150000300000000000086107026000010591400000092840260000105914000000928406676661500000
00300106130150000100000000000086107026000010591400000092840260000105914000000928406676661500000
00300106140150000100000000000086107026000010591400000092840260000105914000000928406676661500000
00300108000040000100000000000086107026000010591400000092840260000105914000000928406676661500000
001001026000008610700406676661500260000105914000000928402600001059140000009284020340457900100120000
005001066766615100301001136011000000000008714243290400001000150000
001001026000008610700306676661550260000105914000000928402600001059140000009284020340457900100120000
02000100106676661670030100113601100000000000871424329026000010591400000092840028501000008610702600001059140000009284026000010591400000092840000
0210010300200000086107026000010591400000092840260000105914000000928406676661670000
0210010400710000086107026000010591400000092840260000105914000000928406676661670000
0210010800030000086107026000010591400000092840260000105914000000928406676661670000
0210010900030000086107026000010591400000092840260000105914000000928406676661670000
0210011000010000086107026000010591400000092840260000105914000000928406676661670000
0210011100010000086107026000010591400000092840260000105914000000928406676661670000
0210011800110000086107026000010591400000092840260000105914000000928406676661670000
0210012500050000086107026000010591400000092840260000105914000000928406676661670000
010001001026000010591400000092840000086107066766616700500000
001001026000008610700206676661740260000105914000000928400000000000000000000000020340457900100120000
010001001026000010591400000092840000086107066766618100400000
001001026000008610700106676661870000000105914000000000000000000000000000000000020340457900100120000
03400667643965000008610700005C06676439650667666150000008610704579I0000105914000010591401000006300043000000000100000001010000001000425100000001000000010100000020000001000000010000000104000002500043000000000100000001040000001000000100000001000000010612000030000000000000010000000106130000100000000000000100000001061400001000000000000001000000010701000030000000000000010000000108000002000000000000000100000001
