1000020260000086171003063600108005701961660026700000
001001026000008617100206676158030000000089571000000000000000000000000000000000020340457900100000000
010001001026000008957100000080120000086171066761581100100000
0350010667615824357195000000006900000001010000
010001001026000008957100000080120000086171066761582600200000
001001026000008617100306676158340260000089571000000801202600000895710000008012020340457900100010000
001001026000008617100406676173310260000089571000000801202600000895710000008012020340457900100010000
005001066761733300301001158935000000000035719500380400001000150000
001001026000008617100506676173390260000089571000000801202600000895710000008012020340457900100010000
002011066761819900104165978163000000000024234629840400001028720004300004300004300000000000000000000100000001000000861710260000089571000000801202600000895710000008012000000000000000000000000000000000000000000000000006360010800570196166002670000000
0020020667618239003010011589350000000000357195003801000030000000043000000000043000000001000000010000008617102600000895710000008012026000008957100000080120063600108005701961660026700000
002011066761835500104152784977000000000024654869200400001032000004300004300004300000000000000000000100000001000000861710260000089571000000801202600000895710000008012000000000000000000000000000000000000000000000000006360010800570196166002670000000
002011066761836100104153236231000000000027699108560400001104200004300004300004300000000000000000000100000001000000861710260000089571000000801202600000895710000008012000000000000000000000000000000000000000000000000006360010800570196166002670000000
00200306676183680030400380258500000000003442739979080000306871000430000000000000000000010000000100000086171026000008957100000080120260000089571000000801200000000000000000000006360010800570196166002670000000
002011066761845800104150694784000000000025916450000400001006790004300004300004300000000000000000000100000001000000861710260000089571000000801202600000895710000008012000000000000000000000000000000000000000000000000006360010800570196166002670000000
002011066761881700104152587691000000000024951109840400001028560004300004300004300000000000000000000100000001000000861710260000089571000000801202600000895710000008012000000000000000000000000000000000000000000000000006360010800570196166002670000000
002011066761882500104152591036000000000026126426320400001118240004300004300004300000000000000000000100000001000000861710260000089571000000801202600000895710000008012000000000000000000000000000000000000000000000000006360010800570196166002670000000
002011066761890000104088892123000000000029390928080400001003830004300004300004300000000000000000000100000001000000861710260000089571000000801202600000895710000008012000000000000000000000000000000000000000000000000006360010800570196166002670000000
002011066761890800104151360871000000000023810716880400001001120004300004300004300000000000000000000100000001000000861710260000089571000000801202600000895710000008012000000000000000000000000000000000000000000000000006360010800570196166002670000000
005001066761948000104152355201000000000024418197201023001002300000
002011066761948300104152355201000000000024418197200400001000670004300004300000000000000008550000000100000001000000861710260000089571000000801202600000895710000008012100000000000000000000300000000000000000000000000006360010800570196166002670000000
005001066762020900301001158935000000000035719500380400001000150000
00300104000010000900038700000086171026000008957100000080120260000089571000000801206676202130000
00300101000030000100004300000086171026000008957100000080120260000089571000000801206676202130000
00300108000030000100000000000086171026000008957100000080120260000089571000000801206676202130000
001001026000008617100406676202130260000089571000000801202600000895710000008012020340457900100110000
002011066762059200104089472829000000000033082028240400001003430004300004300004300000000000000000000100000001000000861710260000089571000000801202600000895710000008012000000000000000000000000000000000000000000000000006360010800570196166002670000000
005001066762079800301001158935000000000035719500380400001000150000
00300104000010000100004300000086171026000008957100000080120260000089571000000801206676208040000
001001026000008617100506676208040260000089571000000801202600000895710000008012020340457900100110000
002011066762081400104165468912000000000022908434640400001053390004300004300004300000000000000000000100000001000000861710260000089571000000801202600000895710000008012000000000000000000000000000000000000000000000000006360010800570196166002670000000
002011066762169700104150044348000000000026110805200400001005990004300004300004300000000000000000000100000001000000861710260000089571000000801202600000895710000008012000000000000000000000000000000000000000000000000006360010800570196166002670000000
0020020667621899003010011589350000000000357195003801000030000000043000000000043000000001000000010000008617102600000895710000008012026000008957100000080120063600108005701961660026700000
002011066762217400104156463211000000000027422771920400001000250004300004300004300000000000000000000100000001000000861710260000089571000000801202600000895710000008012000000000000000000000000000000000000000000000000006360010800570196166002670000000
002011066762249400104164291725000000000024042747600400001057340004300004300004300000000000000000000100000001000000861710260000089571000000801202600000895710000008012000000000000000000000000000000000000000000000000006360010800570196166002670000000
005001066762260400301001158935000000000035719500380400001000150000
00300104000010000400017200000086171026000008957100000080120260000089571000000801206676226090000
00300101000030000100004300000086171026000008957100000080120260000089571000000801206676226090000
001001026000008617100406676226090260000089571000000801202600000895710000008012020340457900100010000
005001066762261100301001158935000000000035719500380400001000150000
001001026000008617100506676226170260000089571000000801202600000895710000008012020340457900100010000
0020020667622693003010011589350000000000357195003801000030000000043000000000043000000001000000010000008617102600000895710000008012026000008957100000080120063600108005701961660026700000
002011066762285600117049884711000000000009587560750400001051900004300004300004300000000000000000000100000001000000861710260000089571000000801202600000895710000008012000000000000000000000000000000000000000000000000006360010800570196166002670000000
002011066762314500104163807604000000000024058911440400001013990004300004300004300000000000000000000100000001000000861710260000089571000000801202600000895710000008012000000000000000000000000000000000000000000000000006360010800570196166002670000000
0020020667623163003010011589350000000000357195003801000030000000043000000000043000000001000000010000008617102600000895710000008012026000008957100000080120063600108005701961660026700000
00200306676232150030400533433300000000001983057362080000300050000430000000000000000000010000000100000086171026000008957100000080120260000089571000000801200000000000000000000006360010800570196166002670000000
00600106676233770000000000349559610410230011200000000030000
002011066762338200104089478347000000000034955961040400001000080004300004300004300000000000000000000100000001000000861710260000089571000000801202600000895710000008012000000000000000000000000000000000000000000000000006360010800570196166002670000000
002011066762344000104164526781000000000022932611280400001019630004300004300004300000000000000000000100000001000000861710260000089571000000801202600000895710000008012000000000000000000000000000000000000000000000000006360010800570196166002670000000
0020020667623445003010011589350000000000357195003801000030000000043000000000043000000001000000010000008617102600000895710000008012026000008957100000080120063600108005701961660026700000
0020020667623453003010011589350000000000357195003801000030000000043000000000043000000001000000010000008617102600000895710000008012026000008957100000080120063600108005701961660026700000
005001066762352900104163235805000000000016675779281023001002300000
002011066762353200104163235805000000000016675779280400001042110004300004300004300000000000000000000100000001000000861710260000089571000000801202600000895710000008012000000000000000000000000000000000000000000000000006360010800570196166002670000000
00200306676237890030400491880300000000000456093337080000300754000430000000000000000000010000000100000086171026000008957100000080120260000089571000000801200000000000000000000006360010800570196166002670000000
0020020667623919003010011589350000000000357195003801000030000000043000000000043000000001000000010000008617102600000895710000008012026000008957100000080120063600108005701961660026700000
0020020667623924003010011589350000000000357195003801000030000000043000000000043000000001000000010000008617102600000895710000008012026000008957100000080120063600108005701961660026700000
0020020667623990003010011589350000000000357195003801000030000000043000000000043000000001000000010000008617102600000895710000008012026000008957100000080120063600108005701961660026700000
002011066762404000104164921354000000000015192689360400001011570004300004300004300000000000000000000100000001000000861710260000089571000000801202600000895710000008012000000000000000000000000000000000000000000000000006360010800570196166002670000000
0020020667624046003010011589350000000000357195003801000030000000043000000000043000000001000000010000008617102600000895710000008012026000008957100000080120063600108005701961660026700000
002011066762410200104152805443000000000024916772560400001032710004300004300004300000000000000000000100000001000000861710260000089571000000801202600000895710000008012000000000000000000000000000000000000000000000000006360010800570196166002670000000
002011066762418500109074742923000000000031962601680100001002040004300004300004300000000000000000000100000001000000861710260000089571000000801202600000895710000008012000000000000000000000000000000000000000000000000006360010800570196166002670000000
002011066762446900109128616327000000000002886213840100001013280004300004300004300000000000000000000100000001000000861710260000089571000000801202600000895710000008012000000000000000000000000000000000000000000000000006360010800570196166002670000000
002011066762482600117047149355000000000031931344300400001040890004300004300004300000000000000000000100000001000000861710260000089571000000801202600000895710000008012000000000000000000000000000000000000000000000000006360010800570196166002670000000
00200306676250330150300328106200000000003569255734061201500091000430000000000000000000010000000100000086171026000008957100000080120260000089571000000801200000000000000000000006360010800570196166002670000000
005001066762560700301001158935000000000035719500380400001000150000
00300101000030000800034400000086171026000008957100000080120260000089571000000801206676256110000
00300104000010000800034400000086171026000008957100000080120260000089571000000801206676256110000
00300108000030000200000000000086171026000008957100000080120260000089571000000801206676256110000
00300101000010000200008600000086171026000008957100000080120260000089571000000801206676256110000
00300106120150000100000000000086171026000008957100000080120260000089571000000801206676256110000
001001026000008617100406676256110260000089571000000801202600000895710000008012020340457900100110000
0020020667626050003010011589350000000000357195003801000030000000043000000000043000000001000000010000008617102600000895710000008012026000008957100000080120063600108005701961660026700000
002011066762618100117009354923000000000037920920030400001053770004300004300004300000000000000000000100000001000000861710260000089571000000801202600000895710000008012000000000000000000000000000000000000000000000000006360010800570196166002670000000
005001066762634500301001158935000000000035719500380400001000150000
00300101000030000100004300000086171026000008957100000080120260000089571000000801206676263510000
00300104000010000100004300000086171026000008957100000080120260000089571000000801206676263510000
001001026000008617100506676263510260000089571000000801202600000895710000008012020340457900100110000
002011066762661900104152830707000000000024970253520400001025520004300004300000000000000008550000000100000001000000861710260000089571000000801202600000895710000008012100000000000000000000300000000000000000000000000006360010800570196166002670000000
0020020667626757003010011589350000000000357195003801000030000000043000000000043000000001000000010000008617102600000895710000008012026000008957100000080120063600108005701961660026700000
0020020667627136003010011589350000000000357195003801000030000000043000000000043000000001000000010000008617102600000895710000008012026000008957100000080120063600108005701961660026700000
0020020667627642003010011589350000000000357195003801000030000000043000000000043000000001000000010000008617102600000895710000008012026000008957100000080120063600108005701961660026700000
00200306676276490040100122778100000000003569829670070300400122000430000000000000000000010000000100000086171026000008957100000080120260000089571000000801200000000000000000000006360010800570196166002670000000
0020020667627755003010011589350000000000357195003801000030000000043000000000043000000001000000010000008617102600000895710000008012026000008957100000080120063600108005701961660026700000
0020020667627912003010011589350000000000357195003801000030000000043000000000043000000001000000010000008617102600000895710000008012026000008957100000080120063600108005701961660026700000
0020020667627921003010011589350000000000357195003801000030000000043000000000043000000001000000010000008617102600000895710000008012026000008957100000080120063600108005701961660026700000
0020020667627930003010011589350000000000357195003801000030000000043000000000043000000001000000010000008617102600000895710000008012026000008957100000080120063600108005701961660026700000
0020020667627934003010011589350000000000357195003801000030000000043000000000043000000001000000010000008617102600000895710000008012026000008957100000080120063600108005701961660026700000
0020020667627939003010011589350000000000357195003801000030000000043000000000043000000001000000010000008617102600000895710000008012026000008957100000080120063600108005701961660026700000
0020020667627951003010011589350000000000357195003801000030000000043000000000043000000001000000010000008617102600000895710000008012026000008957100000080120063600108005701961660026700000
002011066762797000104165634952000000000023326887120400001006250004300004300004300000000000000000000100000001000000861710260000089571000000801202600000895710000008012000000000000000000000000000000000000000000000000006360010800570196166002670000000
005001066762823500301001158935000000000035719500380400001000150000
00300104000010000200008600000086171026000008957100000080120260000089571000000801206676282390000
00300101000030001000043000000086171026000008957100000080120260000089571000000801206676282390000
00300107030040000100000000000086171026000008957100000080120260000089571000000801206676282390000
001001026000008617100406676282390260000089571000000801202600000895710000008012020340457900100010000
005001066762824100301001158935000000000035719500380400001000150000
001001026000008617100506676282460260000089571000000801202600000895710000008012020340457900100010000
0020020667628559003010011589350000000000357195003801000030000000043000000000043000000001000000010000008617102600000895710000008012026000008957100000080120063600108005701961660026700000
0020020667628679003010011589350000000000357195003801000030000000043000000000043000000001000000010000008617102600000895710000008012026000008957100000080120063600108005701961660026700000
002011066762868900117059386586000000000014941124010400001013160004300004300004300000000000000000000100000001000000861710260000089571000000801202600000895710000008012000000000000000000000000000000000000000000000000006360010800570196166002670000000
0020020667628751003010011589350000000000357195003801000030000000043000000000043000000001000000010000008617102600000895710000008012026000008957100000080120063600108005701961660026700000
00200306676287670030400489688500000000000455707785080000300617000430000000000000000000010000000100000086171026000008957100000080120260000089571000000801200000000000000000000006360010800570196166002670000000
0020020667628813003010011589350000000000357195003801000030000000043000000000043000000001000000010000008617102600000895710000008012026000008957100000080120063600108005701961660026700000
0020020667628856003010011589350000000000357195003801000030000000043000000000043000000001000000010000008617102600000895710000008012026000008957100000080120063600108005701961660026700000
00200306676288690030400402144700000000002610298398080000303167000430000000000000000000010000000100000086171026000008957100000080120260000089571000000801200000000000000000000006360010800570196166002670000000
0020020667628876003010011589350000000000357195003801000030000000043000000000043000000001000000010000008617102600000895710000008012026000008957100000080120063600108005701961660026700000
002011066762888500104165581387000000000019401572560400001022240004300004300004300000000000000000000100000001000000861710260000089571000000801202600000895710000008012000000000000000000000000000000000000000000000000006360010800570196166002670000000
00200306676288950030400517775100000000003569363334080000301776000430000000000000000000010000000100000086171026000008957100000080120260000089571000000801200000000000000000000006360010800570196166002670000000
002011066762890600117059291186000000000011140195690400001021470004300004300004300000000000000000000100000001000000861710260000089571000000801202600000895710000008012000000000000000000000000000000000000000000000000006360010800570196166002670000000
0020020667628983003010011589350000000000357195003801000030000000043000000000043000000001000000010000008617102600000895710000008012026000008957100000080120063600108005701961660026700000
0020020667629035003010011589350000000000357195003801000030000000043000000000043000000001000000010000008617102600000895710000008012026000008957100000080120063600108005701961660026700000
002011066762904200117012103758000000000038439091980400001048290004300004300004300000000000000000000100000001000000861710260000089571000000801202600000895710000008012000000000000000000000000000000000000000000000000006360010800570196166002670000000
0020020667629224003010011589350000000000357195003801000030000000043000000000043000000001000000010000008617102600000895710000008012026000008957100000080120063600108005701961660026700000
002011066762923300104088686663000000000023584999120400001002790004300004300004300000000000000000000100000001000000861710260000089571000000801202600000895710000008012000000000000000000000000000000000000000000000000006360010800570196166002670000000
00200306676292830030400494487100000000002528233770080000301050000430000000000000000000010000000100000086171026000008957100000080120260000089571000000801200000000000000000000006360010800570196166002670000000
0020020667629358003010011589350000000000357195003801000030000000043000000000043000000001000000010000008617102600000895710000008012026000008957100000080120063600108005701961660026700000
002011066762955500109165698757000000000005218847440100001105320004300004300004300000000000000000000100000001000000861710260000089571000000801202600000895710000008012000000000000000000000000000010000000000000000006206360010800570196166002670000000
00200306676295620030400464293100000000002523578522080000303111000430000000000000000000010000000100000086171026000008957100000080120260000089571000000801200000000000000000000006360010800570196166002670000000
0020020667629943003010011589350000000000357195003801000030000000043000000000043000000001000000010000008617102600000895710000008012026000008957100000080120063600108005701961660026700000
0020020667630055003010011589350000000000357195003801000030000000043000000000043000000001000000010000008617102600000895710000008012026000008957100000080120063600108005701961660026700000
005001066763103100301001158935000000000035719500380400001000150000
00300101000030001200051600000086171026000008957100000080120260000089571000000801206676310350000
00300104000010000500021500000086171026000008957100000080120260000089571000000801206676310350000
00300108000030000500000000000086171026000008957100000080120260000089571000000801206676310350000
00300101000010000100004300000086171026000008957100000080120260000089571000000801206676310350000
001001026000008617100406676310350260000089571000000801202600000895710000008012020340457900100110000
005001066763153700301001158935000000000035719500380400001000150000
001001026000008617100506676315430260000089571000000801202600000895710000008012020340457900100110000
0020020667631559003010011589350000000000357195003801000030000000043000000000043000000001000000010000008617102600000895710000008012026000008957100000080120063600108005701961660026700000
0020020667631577003010011589350000000000357195003801000030000000043000000000043000000001000000010000008617102600000895710000008012026000008957100000080120063600108005701961660026700000
005001066763158201503002569501000000000011094330500614015000840000
00200306676315820150300256950100000000001109433050061301502179000430000000000000000000010000000100000086171026000008957100000080120260000089571000000801200000000000000000000006360010800570196166002670000000
0020020667631595003010011589350000000000357195003801000030000000043000000000043000000001000000010000008617102600000895710000008012026000008957100000080120063600108005701961660026700000
0020020667631602003010011589350000000000357195003801000030000000043000000000043000000001000000010000008617102600000895710000008012026000008957100000080120063600108005701961660026700000
00200306676316070030400308482800000000002124239516080000302913000430000000000000000000010000000100000086171026000008957100000080120260000089571000000801200000000000000000000006360010800570196166002670000000
002011066763161600104088715507000000000027176569040400001003820004300004300004300000000000000000000100000001000000861710260000089571000000801202600000895710000008012000000000000000000000000000000000000000000000000006360010800570196166002670000000
0020020667631641003010011589350000000000357195003801000030000000043000000000043000000001000000010000008617102600000895710000008012026000008957100000080120063600108005701961660026700000
002011066763165100104082713103000000000000410494160400001006960004300004300004300000000000000000000100000001000000861710260000089571000000801202600000895710000008012000000000000000000000019000000000000000000000000006360010800570196166002670000000
0020020667632249003010011589350000000000357195003801000030000000043000000000043000000001000000010000008617102600000895710000008012026000008957100000080120063600108005701961660026700000
00200306676325130150300143929700000000000659791580061201506560000430000000000000000000010000000100000086171026000008957100000080120260000089571000000801200000000000000000000006360010800570196166002670000000
0020020667633022003010011589350000000000357195003801000030000000043000000000043000000001000000010000008617102600000895710000008012026000008957100000080120063600108005701961660026700000
0020020667633031003010011589350000000000357195003801000030000000043000000000043000000001000000010000008617102600000895710000008012026000008957100000080120063600108005701961660026700000
0020020667633165003010011589350000000000357195003801000030000000043000000000043000000001000000010000008617102600000895710000008012026000008957100000080120063600108005701961660026700000
0020020667633175003010011589350000000000357195003801000030000000043000000000043000000001000000010000008617102600000895710000008012026000008957100000080120063600108005701961660026700000
0020020667633467003010011589350000000000357195003801000030000000043000000000043000000001000000010000008617102600000895710000008012026000008957100000080120063600108005701961660026700000
005001066763363300301001158935000000000035719500380400001000150000
00300101000030001100047300000086171026000008957100000080120260000089571000000801206676336370000
00300106130150000100000000000086171026000008957100000080120260000089571000000801206676336370000
00300108000030000100000000000086171026000008957100000080120260000089571000000801206676336370000
00300104000010000200008600000086171026000008957100000080120260000089571000000801206676336370000
00300106120150000100000000000086171026000008957100000080120260000089571000000801206676336370000
001001026000008617100406676336370260000089571000000801202600000895710000008012020340457900100010000
005001066763363900301001158935000000000035719500380400001000150000
001001026000008617100506676336450260000089571000000801202600000895710000008012020340457900100010000
0020020667633887003010011589350000000000357195003801000030000000043000000000043000000001000000010000008617102600000895710000008012026000008957100000080120063600108005701961660026700000
00200306676341860030400514291400000000003566631222080000300640000430000000000000000000010000000100000086171026000008957100000080120260000089571000000801200000000000000000000006360010800570196166002670000000
0020020667634197003010011589350000000000357195003801000030000000043000000000043000000001000000010000008617102600000895710000008012026000008957100000080120063600108005701961660026700000
0020020667634212003010011589350000000000357195003801000030000000043000000000043000000001000000010000008617102600000895710000008012026000008957100000080120063600108005701961660026700000
0020020667634255003010011589350000000000357195003801000030000000043000000000043000000001000000010000008617102600000895710000008012026000008957100000080120063600108005701961660026700000
00200306676342700030400490596500000000002525247002080000301145000430000000000000000000010000000100000086171026000008957100000080120260000089571000000801200000000000000000000006360010800570196166002670000000
0020020667634345003010011589350000000000357195003801000030000000043000000000043000000001000000010000008617102600000895710000008012026000008957100000080120063600108005701961660026700000
0020020667634510003010011589350000000000357195003801000030000000043000000000043000000001000000010000008617102600000895710000008012026000008957100000080120063600108005701961660026700000
0020020667634570003010011589350000000000357195003801000030000000043000000000043000000001000000010000008617102600000895710000008012026000008957100000080120063600108005701961660026700000
00200306676345880030400497218200000000003533955878080000300802000430000000000000000000010000000100000086171026000008957100000080120260000089571000000801200000000000000000000006360010800570196166002670000000
0020020667634603003010011589350000000000357195003801000030000000043000000000043000000001000000010000008617102600000895710000008012026000008957100000080120063600108005701961660026700000
00200306676346200030400342343600000000002141028812080000307474000430000000000000000000010000000100000086171026000008957100000080120260000089571000000801200000000000000000000006360010800570196166002670000000
002011066763466300104157070281000000000026908066000400001008360004300004300004300000000000000000000100000001000000861710260000089571000000801202600000895710000008012000000000000000000000000000000000000000000000000006360010800570196166002670000000
0020020667634733003010011589350000000000357195003801000030000000043000000000043000000001000000010000008617102600000895710000008012026000008957100000080120063600108005701961660026700000
002011066763480800104086226241000000000017957753040400001003960004300004300004300000000000000000000100000001000000861710260000089571000000801202600000895710000008012000000000000000000000000000000000000000000000000006360010800570196166002670000000
002011066763483400104156648725000000000026922563280400001000480004300004300004300000000000000000000100000001000000861710260000089571000000801202600000895710000008012000000000000000000000000000000000000000000000000006360010800570196166002670000000
0020020667635024003010011589350000000000357195003801000030000000043000000000043000000001000000010000008617102600000895710000008012026000008957100000080120063600108005701961660026700000
002011066763513900104089720075000000000029309174480400001001340004300004300004300000000000000000000100000001000000861710260000089571000000801202600000895710000008012000000000000000000000000000000000000000000000000006360010800570196166002670000000
00200306676351450030400466180200000000002601673733080000301205000430000000000000000000010000000100000086171026000008957100000080120260000089571000000801200000000000000000000006360010800570196166002670000000
0020020667635163003010011589350000000000357195003801000030000000043000000000043000000001000000010000008617102600000895710000008012026000008957100000080120063600108005701961660026700000
0020020667635272003010011589350000000000357195003801000030000000043000000000043000000001000000010000008617102600000895710000008012026000008957100000080120063600108005701961660026700000
0020020667635279003010011589350000000000357195003801000030000000043000000000043000000001000000010000008617102600000895710000008012026000008957100000080120063600108005701961660026700000
0020020667635287003010011589350000000000357195003801000030000000043000000000043000000001000000010000008617102600000895710000008012026000008957100000080120063600108005701961660026700000
0020020667635536003010011589350000000000357195003801000030000000043000000000043000000001000000010000008617102600000895710000008012026000008957100000080120063600108005701961660026700000
00200306676360690030400392500800000000003442902843080000305053000430000000000000000000010000000100000086171026000008957100000080120260000089571000000801200000000000000000000006360010800570196166002670000000
00200306676360810030400425867600000000003398743606080000305078000430000000000000000000010000000100000086171026000008957100000080120260000089571000000801200000000000000000000006360010800570196166002670000000
005001066763694900301001158935000000000035719500380400001000150000
00300101000030001500064500000086171026000008957100000080120260000089571000000801206676369530000
00300108000030000700000000000086171026000008957100000080120260000089571000000801206676369530000
00300104000010000400017200000086171026000008957100000080120260000089571000000801206676369530000
001001026000008617100406676369530260000089571000000801202600000895710000008012020340457900100110000
005001066763695500301001158935000000000035719500380400001000150000
001001026000008617100306676369580260000089571000000801202600000895710000008012020340457900100110000
02000100106676369710030100115893500000000003571950038026000008957100000080120006901000008617102600000895710000008012026000008957100000080120000
0210010300160000086171026000008957100000080120260000089571000000801206676369710000
0210010400790000086171026000008957100000080120260000089571000000801206676369710000
0210010900020000086171026000008957100000080120260000089571000000801206676369710000
0210011000010000086171026000008957100000080120260000089571000000801206676369710000
0210011800080000086171026000008957100000080120260000089571000000801206676369710000
0210012500020000086171026000008957100000080120260000089571000000801206676369710000
0210012600010000086171026000008957100000080120260000089571000000801206676369710000
010001001026000008957100000080120000086171066763697100500000
001001026000008617100206676369750260000089571000000801200000000000000000000000020340457900100110000
010001001026000008957100000080120000086171066763698200400000
001001026000008617100106676369880000000089571000000000000000000000000000000000020340457900100110000
03400667620213000008617100004T06676202130667620804000008617104579V0000089571000008957104000000200043000000000100000001
03400667617339000008617100005C06676173390667620213000008617104579I0000089571000008957101000003900043000000000100000001040000025000430000000001000000010400000010000001000000010000000108000001500000000000000100000001
03400667620804000008617100005C06676208040667622609000008617104579V000008957100000895710100000220004300000000010000000104000000700043000000000100000001040000007000430000000001000000010400000070004300000000010000000104000000700043000000000100000001
