1000020260000086065003063600108005701953340024510000
001001026000008606500206676722200000000104979000000000000000000000000000000000020320457700100100000
010001001026000010497900000091940000086065066767222700100000
0350010667672238658100580000036900000002010000
010001001026000010497900000091940000086065066767224000200000
001001026000008606500306676722450260000104979000000919402600001049790000009194020320457700100120000
001001026000008606500406676722530260000104979000000919402600001049790000009194020320457700100120000
001001026000008606500506676722600260000104979000000919402600001049790000009194020320457700100120000
002011066767272900104165132418000000000017675431120400001042890005550005550004500004500008550000000100000001000000860650260000104979000000919402600001049790000009194100000000000000000000300000000000000000000000000006360010800570195334002451000000
0020020667672752003010011259990000000000065810058801000030000000055500000000000000000001000000011000008606502600001049790000009194026000010497900000091940063600108005701953340024510000
0040010306676727670000
0020020667672773003010011259990000000000065810058801000030000000055500000000055500000001000000010000008606502600001049790000009194026000010497900000091940063600108005701953340024510000
0020020667672778003010011259990000000000065810058801000030000000055500000000055500000001000000010000008606502600001049790000009194026000010497900000091940063600108005701953340024510000
002011066767278300104084505281000000000017150899920400001010050005550005550004500004500008550000000100000001000000860650260000104979000000919402600001049790000009194100000000000000000000300000000000000000000000000006360010800570195334002451000000
0020020667672814003010011259990000000000065810058801000030000000055500000000055500000001000000010000008606502600001049790000009194026000010497900000091940063600108005701953340024510000
0020020667672837003010011259990000000000065810058801000030000000055500000000055500000001000000010000008606502600001049790000009194026000010497900000091940063600108005701953340024510000
005001066767284600104089440765000000000033136036561023001002300000
002011066767284900104089440765000000000033136036560400001004080005550005550005550000000000000000000100000001000000860650260000104979000000919402600001049790000009194000000000000000000000019000000000000000000000000006360010800570195334002451000000
002011066767303200104085163491000000000015715766480400001005710005550005550002450000000000000000000100000001000000860650260000104979000000919402600001049790000009194000000000000000000000000000000000000000000000000006360010800570195334002451000000
002011066767303200104085163491000000000015715766480400001005710005550005550003100000000000000000000100000001000000860650260000104979000000919402600001049790000009194000000000000000000000000000000000000000000000000006360010800570195334002451000000
002011066767303900117020233096000000000032387445940400001062900005550005550005550000000000000000000100000001000000860650260000104979000000919402600001049790000009194000000000000000000000000000000000000000000000000006360010800570195334002451000000
0020020667673397003010011259990000000000065810058801000030000000055500000000055500000001000000010000008606502600001049790000009194026000010497900000091940063600108005701953340024510000
00300104000010000500027750000086065026000010497900000091940260000104979000000919406676753370000
00300101000030000600027750000086065026000010497900000091940260000104979000000919406676753370000
001001026000008606500406676753370260000104979000000919402600001049790000009194020320457700100020000
001001026000008606500306676753430260000104979000000919402600001049790000009194020320457700100020000
02000100106676753540030100112599900000000000658100588026000010497900000091940036902000008606502600001049790000009194026000010497900000091940000
0210010400060000086065026000010497900000091940260000104979000000919406676753540000
0210012500030000086065026000010497900000091940260000104979000000919406676753540000
010001001026000010497900000091940000086065066767535400500000
001001026000008606500206676753650260000104979000000919400000000000000000000000020320457700100020000
010001001026000010497900000091940000086065066767537100400000
001001026000008606500106676753760000000104979000000000000000000000000000000000020320457700100020000
03400667672260000008606500005C06676722600667675337000008606504577V00001049790000104979010000001000000000000001000000010100000050005550000000010000000104000000200045010000000100000001040000002000555000000001000000010400000010002450000000010000000104000000100031000000000100000001040000001000310000000001000000010400000010003100000000010000000104000000100031000000000100000001040000001000310000000001000000010400000010003100000000010000000104000000100031000000000100000001
