1000020260000086032003063600107318412155900025100000
005001066766505700301001143131000000000002527167931000003002170000
005001066766505700301001143131000000000002527167930700003000150000
001001026000008603200206676650960000000106710000000000000000000000000000000000000000000000000000000
010001001026000010671000000094610000086032066766510400100000
0350010667665116252716790000022300000001010000
010001001026000010671000000094610000086032066766511800200000
001001026000008603200306676651220260000106710000000946102600001067100000009461000000000000000030000
001001026000008603200406676651320260000106710000000946102600001067100000009461020350458000100130000
005001066766513300301001143131000000000002527167930400001000150000
001001026000008603200506676651390260000106710000000946102600001067100000009461020350458000100130000
002011066766551400109018097856000000000027660685520100001002960005550005550005550000000000000000000100000001000000860320260000106710000000946102600001067100000009461000000000000000000000000000000000000000000000000006360010731841215590002510000000
002011066766552100104152805443000000000024916772560400001032740005550005550004500004500008550000000100000001000000860320260000106710000000946102600001067100000009461100000000000000000000300000000000000000000000000006360010731841215590002510000000
002011066766561400104164965891000000000024043362000400001056790005550005550002250002250008550000000100000001000000860320260000106710000000946102600001067100000009461100000000000000000000300000000000000000000000000006360010731841215590002510000000
00200306676657620030400480820100000000000455784553080000302514000555000000000000000000010000000100000086032026000010671000000094610260000106710000000946100000000000000000000006360010731841215590002510000000
00200306676657720030400512775300000000000872724009080000300203000555000000000000000000010000000100000086032026000010671000000094610260000106710000000946100000000000000000000006360010731841215590002510000000
002011066766637400104165601515000000000014922870480400001032820005550005550005550000000000000000000100000001000000860320260000106710000000946102600001067100000009461000000000000000000000000000000000000000000000000006360010731841215590002510000000
0020020667666389003010011431310000000000025271679301000030000000055500000000055500000001000000010000008603202600001067100000009461026000010671000000094610063600107318412155900025100000
00200306676664020030400530003100000000000455471529080000300280000555000000000000000000010000000100000086032026000010671000000094610260000106710000000946100000000000000000000006360010731841215590002510000000
0020020667666714003010011431310000000000025271679301000030000000055500000000055500000001000000010000008603202600001067100000009461026000010671000000094610063600107318412155900025100000
0020020667666726003010011431310000000000025271679301000030000000055500000000055500000001000000010000008603202600001067100000009461026000010671000000094610063600107318412155900025100000
0020020667667613003010011431310000000000025271679301000030000000055500000000055500000001000000010000008603202600001067100000009461026000010671000000094610063600107318412155900025100000
0020020667667622003010011431310000000000025271679301000030000000055500000000055500000001000000010000008603202600001067100000009461026000010671000000094610063600107318412155900025100000
005001066766875500301001143131000000000002527167930400001000150000
00300101000010000100005550000086032026000010671000000094610260000106710000000946106676687590000
00300104000010000300016650000086032026000010671000000094610260000106710000000946106676687590000
00300108000030000300000000000086032026000010671000000094610260000106710000000946106676687590000
00300101000030000500027750000086032026000010671000000094610260000106710000000946106676687590000
001001026000008603200406676687590260000106710000000946102600001067100000009461020350458000100030000
005001066767039600301001143131000000000002527167930400001000150000
001001026000008603200506676704010260000106710000000946102600001067100000009461020350458000100030000
0020020667670416003010011431310000000000025271679301000030000000055500000000055500000001000000010000008603202600001067100000009461026000010671000000094610063600107318412155900025100000
00200306676704270030400364028300000000002138630524080000304195000555000000000000000000010000000100000086032026000010671000000094610260000106710000000946100000000000000000000006360010731841215590002510000000
002011066767056900117056705206000000000039079114620400001020600005550005550005550000000000000000000100000001000000860320260000106710000000946102600001067100000009461000000000000000000000000000000000000000000000000006360010731841215590002510000000
0020020667670647003010011431310000000000025271679301000030000000055500000000055500000001000000010000008603202600001067100000009461026000010671000000094610063600107318412155900025100000
0020020667670906003010011431310000000000025271679301000030000000055500000000055500000001000000010000008603202600001067100000009461026000010671000000094610063600107318412155900025100000
0020020667670911003010011431310000000000025271679301000030000000055500000000055500000001000000010000008603202600001067100000009461026000010671000000094610063600107318412155900025100000
0020020667671721003010011431310000000000025271679301000030000000055500000000055500000001000000010000008603202600001067100000009461026000010671000000094610063600107318412155900025100000
00200306676721310030400372349900000000002601409893080000302674000555000000000000000000010000000100000086032026000010671000000094610260000106710000000946100000000000000000000006360010731841215590002510000000
00200306676724520030400532920800000000001982980850080000300137000555000000000000000000010000000100000086032026000010671000000094610260000106710000000946100000000000000000000006360010731841215590002510000000
002011066767297200104087504481000000000018102746320400001006020005550005550005550000000000000000000100000001000000860320260000106710000000946102600001067100000009461000000000000000000000000000000000000000000000000006360010731841215590002510000000
005001066767464800301001143131000000000002527167930400001000150000
00300101000030000500027750000086032026000010671000000094610260000106710000000946106676746520000
00300108000030000300000000000086032026000010671000000094610260000106710000000946106676746520000
00300104000010000200011100000086032026000010671000000094610260000106710000000946106676746520000
001001026000008603200406676746520260000106710000000946102600001067100000009461020350458000100130000
005001066767465300301001143131000000000002527167930400001000150000
001001026000008603200506676746590260000106710000000946102600001067100000009461020350458000100130000
005001066767467100104089100701000000000023584732881023001002300000
002011066767467500104089100701000000000023584732880400001003150005550005550004500004500008550000000100000001000000860320260000106710000000946102600001067100000009461100000000000000000000300000000000000000000000000006360010731841215590002510000000
0020020667674721003010011431310000000000025271679301000030000000055500000000055500000001000000010000008603202600001067100000009461026000010671000000094610063600107318412155900025100000
002011066767472800104157572961000000000027562453200400001000100005550005550005550000000000000000000100000001000000860320260000106710000000946102600001067100000009461000000000000000000000000000000000000000000000000006360010731841215590002510000000
002011066767517200104087335026000000000016653962960400001003030005550005550005550000000000000000000100000001000000860320260000106710000000946102600001067100000009461000000000000000000000000000000000000000000000000006360010731841215590002510000000
002011066767596200109009101242000000000012490425040100001023230005550005550005550000000000000000000100000001000000860320260000106710000000946102600001067100000009461000000000000000000000000000000000000000000000000006360010731841215590002510000000
0020020667676462003010011431310000000000025271679301000030000000055500000000055500000001000000010000008603202600001067100000009461026000010671000000094610063600107318412155900025100000
0020020667676569003010011431310000000000025271679301000030000000055500000000055500000001000000010000008603202600001067100000009461026000010671000000094610063600107318412155900025100000
00200306676765740030400407910100000000000572461507080000301577000555000000000000000000010000000100000086032026000010671000000094610260000106710000000946100000000000000000000006360010731841215590002510000000
0020020667676849003010011431310000000000025271679301000030000000055500000000055500000001000000010000008603202600001067100000009461026000010671000000094610063600107318412155900025100000
005001066767788600301001143131000000000002527167930400001000150000
00300104000010000300016650000086032026000010671000000094610260000106710000000946106676778890000
00300101000030000400022200000086032026000010671000000094610260000106710000000946106676778890000
00300101000010000100005550000086032026000010671000000094610260000106710000000946106676778890000
00300108000030000100000000000086032026000010671000000094610260000106710000000946106676778890000
001001026000008603200406676778890260000106710000000946102600001067100000009461020350458000100030000
005001066767899600301001143131000000000002527167930400001000150000
001001026000008603200506676790020260000106710000000946102600001067100000009461020350458000100030000
0020020667679057003010011431310000000000025271679301000030000000055500000000055500000001000000010000008603202600001067100000009461026000010671000000094610063600107318412155900025100000
0020020667679067003010011431310000000000025271679301000030000000055500000000055500000001000000010000008603202600001067100000009461026000010671000000094610063600107318412155900025100000
0020020667679344003010011431310000000000025271679301000030000000055500000000055500000001000000010000008603202600001067100000009461026000010671000000094610063600107318412155900025100000
0020020667679397003010011431310000000000025271679301000030000000055500000000055500000001000000010000008603202600001067100000009461026000010671000000094610063600107318412155900025100000
0020020667679401003010011431310000000000025271679301000030000000055500000000055500000001000000010000008603202600001067100000009461026000010671000000094610063600107318412155900025100000
0020020667679406003010011431310000000000025271679301000030000000055500000000055500000001000000010000008603202600001067100000009461026000010671000000094610063600107318412155900025100000
002011066767971200104151409161000000000025911025360400001002500005550005550005550000000000000000000100000001000000860320260000106710000000946102600001067100000009461000000000000000000000000000000000000000000000000006360010731841215590002510000000
0020020667679924003010011431310000000000025271679301000030000000055500000000055500000001000000010000008603202600001067100000009461026000010671000000094610063600107318412155900025100000
005001066768027200301001023207000000000013806314990400001000150000
005001066768027500301001023207000000000013806314990400001000150000
00200306676802760030100102320700000000001380631499070000304619000555000000000000000000010000000100000086032026000010671000000094610260000106710000000946100000000000000000000006360010731841215590002510000000
0020020667680292003010011431310000000000025271679301000030000000055500000000055500000001000000010000008603202600001067100000009461026000010671000000094610063600107318412155900025100000
0020020667680552003010011431310000000000025271679301000030000000055500000000055500000001000000010000008603202600001067100000009461026000010671000000094610063600107318412155900025100000
002011066768082600117060148741000000000001096800000400001018650005550005550005550000000000000000000100000001000000860320260000106710000000946102600001067100000009461000000000000000000000000000000000000000000000000006360010731841215590002510000000
005001066768222200301001143131000000000002527167930400001000150000
00300101000030000900049950000086032026000010671000000094610260000106710000000946106676822260000
00300104000010000200011100000086032026000010671000000094610260000106710000000946106676822260000
00300107000030000100000000000086032026000010671000000094610260000106710000000946106676822260000
001001026000008603200406676822260260000106710000000946102600001067100000009461020350458000100130000
005001066768274900301001143131000000000002527167930400001000150000
001001026000008603200506676827550260000106710000000946102600001067100000009461020350458000100130000
0020020667683543003010011431310000000000025271679301000030000000055500000000055500000001000000010000008603202600001067100000009461026000010671000000094610063600107318412155900025100000
002011066768355200104162162928000000000027725860560400001050160005550005550004500004500008550000000100000001000000860320260000106710000000946102600001067100000009461100000000000000000000300000000000000000000000000006360010731841215590002510000000
002011066768358300104149935773000000000025686464720400001000150005550005550004500004500008550000000100000001000000860320260000106710000000946102600001067100000009461100000000000000000000300000000000000000000000000006360010731841215590002510000000
0020020667683591003010011431310000000000025271679301000030000000055500000000055500000001000000010000008603202600001067100000009461026000010671000000094610063600107318412155900025100000
0020020667683600003010011431310000000000025271679301000030000000055500000000055500000001000000010000008603202600001067100000009461026000010671000000094610063600107318412155900025100000
002011066768401500104162964773000000000018697831120400001010650005550005550005550000000000000000000100000001000000860320260000106710000000946102600001067100000009461000000000000000000000000000000000000000000000000006360010731841215590002510000000
002011066768413100104162964791000000000016398951120400001006670005550005550005550000000000000000000100000001000000860320260000106710000000946102600001067100000009461000000000000000000000000000000000000000000000000006360010731841215590002510000000
002011066768425300104085365017000000000015703150800400001004910005550005550005550000000000000000000100000001000000860320260000106710000000946102600001067100000009461000000000000000000000000000000000000000000000000006360010731841215590002510000000
005001066768542900301001143131000000000002527167930400001000150000
00300101000030000300016650000086032026000010671000000094610260000106710000000946106676854330000
00300104000010000500027750000086032026000010671000000094610260000106710000000946106676854330000
001001026000008603200406676854330260000106710000000946102600001067100000009461020350458000100030000
005001066768543400301001143131000000000002527167930400001000150000
001001026000008603200306676854370260000106710000000946102600001067100000009461020350458000100030000
001001026000008603200206676857430260000106710000000946102600001067100000009461020350458000100030000
010001001026000010671000000094610000086032066768575000400000
02000100106676857580030100114313100000000000252716793026000010671000000094610022301000008603202600001067100000009461026000010671000000094610000
0210010300070000086032026000010671000000094610260000106710000000946106676857580000
0210010400170000086032026000010671000000094610260000106710000000946106676857580000
0210010800010000086032026000010671000000094610260000106710000000946106676857580000
0210011800020000086032026000010671000000094610260000106710000000946106676857580000
0210012500070000086032026000010671000000094610260000106710000000946106676857580000
010001001026000010671000000094610000086032066768575800500000
001001026000008603200106676857670000000106710000000000000000000000000000000000020350458000100030000
03400667670401000008603200005C06676704010667674652000008603204580I00001067100000106710010000014000555000000001000000010400000040005550000000010000000108000000300000000000000100000001
03400667665139000008603200005C06676651390667668759000008603204580V00001067100000106710010000014000555000000001000000010400000060005550000000010000000104000000100022510000000100000001040000004000450100000001000000010800000040000000000000010000000108000000400000000000000100000001080000004000000000000001000000010800000040000000000000010000000108000000400000000000000100000001080000004000000000000001000000010800000040000000000000010000000108000000400000000000000100000001
