1000020260000086117003063600108048651646770015520000
001001026000008611700206676399380000000102656000000000000000000000000000000000000000000000000000000
010001001026000010265600000090050000086117066763994700100000
0350010667639959456325800000052300000001010000
010001001026000010265600000090050000086117066763996100200000
001001026000008611700306676399650260000102656000000900502600001026560000009005000000000000000020000
001001026000008611700406676399720260000102656000000900502600001026560000009005020350458000100020000
005001066764128600301001103601000000000004563258010400001000150000
001001026000008611700506676412920260000102656000000900502600001026560000009005020350458000100020000
0020020667641325003010011036010000000000045632580101000030000000055500000000055500000001000000010000008611702600001026560000009005026000010265600000090050063600108048651646770015520000
0020020667641335003010011036010000000000045632580101000030000000055500000000055500000001000000010000008611702600001026560000009005026000010265600000090050063600108048651646770015520000
005001066764177700104156974861000000000027438930640400001000340000
002011066764178000104163874221000000000023389018320400001014830005550005550005550000000000000000000100000001000000861170260000102656000000900502600001026560000009005000000000000000000000000000000000000000000000000006360010804865164677001552000000
0020020667641903003010011036010000000000045632580101000030000000055500000000055500000001000000010000008611702600001026560000009005026000010265600000090050063600108048651646770015520000
002011066764190700104153297451000000000029464410320400001075270005550005550005550000000000000000000100000001000000861170260000102656000000900502600001026560000009005000000000000000000000000000000000000000000000000006360010804865164677001552000000
00200306676419120150300162522800000000002050080364061201500581000555000000000000000000010000000100000086117026000010265600000090050260000102656000000900500000000000000000000006360010804865164677001552000000
0020020667641941003010011036010000000000045632580101000030000000055500000000055500000001000000010000008611702600001026560000009005026000010265600000090050063600108048651646770015520000
00200306676420480150300328645500000000003569867302061201500099000555000000000000000000010000000100000086117026000010265600000090050260000102656000000900500000000000000000000006360010804865164677001552000000
0020020667642538003010011036010000000000045632580101000030000000055500000000055500000001000000010000008611702600001026560000009005026000010265600000090050063600108048651646770015520000
0020020667642544003010011036010000000000045632580101000030000000055500000000055500000001000000010000008611702600001026560000009005026000010265600000090050063600108048651646770015520000
0020020667642555003010011036010000000000045632580101000030000000055500000000055500000001000000010000008611702600001026560000009005026000010265600000090050063600108048651646770015520000
005001066764260900301001110894000000000024637708850400001000150000
005001066764261300301001110894000000000024637708850400001000150000
00200306676426150030100111089400000000002463770885070000301721000555000000000000000000010000000100000086117026000010265600000090050260000102656000000900500000000000000000000006360010804865164677001552000000
002011066764268500109016025866000000000011064627920100001004920005550005550005550000000000000000000100000001000000861170260000102656000000900502600001026560000009005000000000000000000000000000000000000000000000000006360010804865164677001552000000
00200306676427610030400495424900000000000322922313080000300843000555000000000000000000010000000100000086117026000010265600000090050260000102656000000900500000000000000000000006360010804865164677001552000000
002011066764282200104083271015000000000009984620240400001007990005550005550004600004600008550000000100000001000000861170260000102656000000900502600001026560000009005100000000000000000000300000000000000000000000000006360010804865164677001552000000
0020020667642826003010011036010000000000045632580101000030000000055500000000055500000001000000010000008611702600001026560000009005026000010265600000090050063600108048651646770015520000
002011066764283200104152217681000000000025383688400400001002580005550005550004600004600008550000000100000001000000861170260000102656000000900502600001026560000009005100000000000000000000300000000000000000000000000006360010804865164677001552000000
005001066764284101503002760862000000000005722557790614015000840000
00200306676428410150300276086200000000000572255779061301501778000555000000000000000000010000000100000086117026000010265600000090050260000102656000000900500000000000000000000006360010804865164677001552000000
0020020667642849015030027608620000000000057225577906140150151300055500000000000000000001000000010000008611702600001026560000009005026000010265600000090050063600108048651646770015520000
002011066764285800109127335464000000000001615368400100001015070005550005550005550000000000000000000100000001000000861170260000102656000000900502600001026560000009005000000000000000000000000000000000000000000000000006360010804865164677001552000000
002011066764286300103101755611000000000008938018000450001003860005550005550005550000000000000000000100000001000000861170260000102656000000900502600001026560000009005000000000000000000000000000000000000000000000000006360010804865164677001552000000
005001066764303500301001087485000000000025286561380400001000150000
005001066764303800301001087485000000000025286561380400001000150000
00200306676430400030100108748500000000002528656138070000302819000555000000000000000000010000000100000086117026000010265600000090050260000102656000000900500000000000000000000006360010804865164677001552000000
002011066764305900104162162928000000000027725860560400001050140005550005550005550000000000000000000100000001000000861170260000102656000000900502600001026560000009005000000000000000000000000000000000000000000000000006360010804865164677001552000000
0020020667643191003010011036010000000000045632580101000030000000055500000000055500000001000000010000008611702600001026560000009005026000010265600000090050063600108048651646770015520000
00200306676432420030400350839300000000003890805450080000304912000555000000000000000000010000000100000086117026000010265600000090050260000102656000000900500000000000000000000006360010804865164677001552000000
002011066764326200104086432371000000000023772746960400001004710005550005550005550000000000000000000100000001000000861170260000102656000000900502600001026560000009005000000000000000000000000000000000000000000000000006360010804865164677001552000000
00200306676433660030100114096300000000001574808018070100300450000555000000000000000000010000000100000086117026000010265600000090050260000102656000000900500000000000000000000006360010804865164677001552000000
00200306676436130030400422596400000000002446857685080000300417000555000000000000000000010000000100000086117026000010265600000090050260000102656000000900500000000000000000000006360010804865164677001552000000
0020020667643658003010011036010000000000045632580101000030000000055500000000055500000001000000010000008611702600001026560000009005026000010265600000090050063600108048651646770015520000
0020020667643685003010011036010000000000045632580101000030000000055500000000055500000001000000010000008611702600001026560000009005026000010265600000090050063600108048651646770015520000
005001066764468400301001103601000000000004563258010400001000150000
00300101000030001100061050000086117026000010265600000090050260000102656000000900506676446880000
00300104000010000600033300000086117026000010265600000090050260000102656000000900506676446880000
00300106120150000200000000000086117026000010265600000090050260000102656000000900506676446880000
00300107000030000200000000000086117026000010265600000090050260000102656000000900506676446880000
00300101000010000200011100000086117026000010265600000090050260000102656000000900506676446880000
00300108000030000300000000000086117026000010265600000090050260000102656000000900506676446880000
00300106130150000100000000000086117026000010265600000090050260000102656000000900506676446880000
00300106140150000100000000000086117026000010265600000090050260000102656000000900506676446880000
00300104500010000100005550000086117026000010265600000090050260000102656000000900506676446880000
00300107010030000100000000000086117026000010265600000090050260000102656000000900506676446880000
001001026000008611700406676446880260000102656000000900502600001026560000009005020350458000100120000
005001066764469100301001103601000000000004563258010400001000150000
001001026000008611700506676446970260000102656000000900502600001026560000009005020350458000100120000
005001066764469800301001103601000000000004563258010400001000150000
001001026000008611700406676447020260000102656000000900502600001026560000009005020350458000100020000
005001066764551100301001103601000000000004563258010400001000150000
001001026000008611700506676455170260000102656000000900502600001026560000009005020350458000100020000
0020020667645578003010011036010000000000045632580101000030000000055500000000055500000001000000010000008611702600001026560000009005026000010265600000090050063600108048651646770015520000
0020020667646029003010011036010000000000045632580101000030000000055500000000055500000001000000010000008611702600001026560000009005026000010265600000090050063600108048651646770015520000
005001066764617500301001140718000000000002527545690400001000150000
005001066764617800301001140718000000000002527545690400001000150000
00200306676461800030100114071800000000000252754569070000300672000555000000000000000000010000000100000086117026000010265600000090050260000102656000000900500000000000000000000006360010804865164677001552000000
0020020667646684003010011036010000000000045632580101000030000000055500000000055500000001000000010000008611702600001026560000009005026000010265600000090050063600108048651646770015520000
002011066764679400104165276789000000000023289114320400001027300005550005550004600004600008550000000100000001000000861170260000102656000000900502600001026560000009005100000000000000000000300000000000000000000000000006360010804865164677001552000000
002011066764698400104085856215000000000015723331280400001007490005550005550004600004600008550000000100000001000000861170260000102656000000900502600001026560000009005100000000000000000000300000000000000000000000000006360010804865164677001552000000
002011066764699000109124350934000000000005883935440100001012900005550005550005550000000000000000000100000001000000861170260000102656000000900502600001026560000009005000000000000000000000000000000000000000000000000006360010804865164677001552000000
0020020667646998003010011036010000000000045632580101000030000000055500000000055500000001000000010000008611702600001026560000009005026000010265600000090050063600108048651646770015520000
0020020667647266003010011036010000000000045632580101000030000000055500000000055500000001000000010000008611702600001026560000009005026000010265600000090050063600108048651646770015520000
005001066764947500301001103601000000000004563258010400001000150000
00300101000030000500027750000086117026000010265600000090050260000102656000000900506676494780000
00300107000030000100000000000086117026000010265600000090050260000102656000000900506676494780000
00300104000010000200011100000086117026000010265600000090050260000102656000000900506676494780000
00300101000010000100005550000086117026000010265600000090050260000102656000000900506676494780000
001001026000008611700406676494780260000102656000000900502600001026560000009005020350458000100120000
005001066765035900301001103601000000000004563258010400001000150000
001001026000008611700306676503630260000102656000000900502600001026560000009005020350458000100120000
001001026000008611700406676503720260000102656000000900502600001026560000009005020350458000100120000
005001066765037300301001103601000000000004563258010400001000150000
001001026000008611700506676503790260000102656000000900502600001026560000009005020350458000100120000
002011066765038500104150094663000000000025310441680400001008370005550005550005550000000000000000000100000001000000861170260000102656000000900502600001026560000009005000000000000000000000000000000000000000000000000006360010804865164677001552000000
00200306676503900150300183487100000000004246162053061201502384000555000000000000000000010000000100000086117026000010265600000090050260000102656000000900500000000000000000000006360010804865164677001552000000
0020020667650700003010011036010000000000045632580101000030000000055500000000055500000001000000010000008611702600001026560000009005026000010265600000090050063600108048651646770015520000
0020020667650915003010011036010000000000045632580101000030000000055500000000055500000001000000010000008611702600001026560000009005026000010265600000090050063600108048651646770015520000
002011066765121600109091842477000000000029875144400100001000050005550005550005550000000000000000000100000001000000861170260000102656000000900502600001026560000009005000000000000000000000000000000000000000000000000006360010804865164677001552000000
002011066765122300104151893616000000000024740214480400001001610005550005550005550000000000000000000100000001000000861170260000102656000000900502600001026560000009005000000000000000000000000000000000000000000000000006360010804865164677001552000000
005001066765153700301001122094000000000008723656410400001000150000
005001066765153800301001122094000000000008723656411008003000150000
005001066765153900301001122094000000000008723656410400001000150000
005001066765154200301001122094000000000008723656410400001000150000
00200306676515440030100112209400000000000872365641070000302091000555000000000000000000010000000100000086117026000010265600000090050260000102656000000900500000000000000000000006360010804865164677001552000000
005001066765155800301001122094000000000008723656410700003001170000
002011066765156000109124412841000000000001555986640100001003530005550005550005550000000000000000000100000001000000861170260000102656000000900502600001026560000009005000000000000000000000019000000000000000000000000006360010804865164677001552000000
0020020667651670003010011036010000000000045632580101000030000000055500000000055500000001000000010000008611702600001026560000009005026000010265600000090050063600108048651646770015520000
0020020667652233003010011036010000000000045632580101000030000000055500000000055500000001000000010000008611702600001026560000009005026000010265600000090050063600108048651646770015520000
00200306676522460030100116460900000000001573449266070100300105000555000000000000000000010000000100000086117026000010265600000090050260000102656000000900500000000000000000000006360010804865164677001552000000
00200306676522900030400535685100000000001982934162080000300005000555000000000000000000010000000100000086117026000010265600000090050260000102656000000900500000000000000000000006360010804865164677001552000000
0020020667652335003010011036010000000000045632580101000030000000055500000000055500000001000000010000008611702600001026560000009005026000010265600000090050063600108048651646770015520000
002011066765237700104081006403000000000042474653030400001010680005550005550001550000000000000000000100000001000000861170260000102656000000900502600001026560000009005000000000000000000000019300000000000000000000000006360010804865164677001552000000
002011066765237700104081006403000000000042474653030400001010680005550005550004000000000000000000000100000001000000861170260000102656000000900502600001026560000009005000000000000000000000019300000000000000000000000006360010804865164677001552000000
0020020667652996003010011036010000000000045632580101000030000000055500000000055500000001000000010000008611702600001026560000009005026000010265600000090050063600108048651646770015520000
0020020667653000003010011036010000000000045632580101000030000000055500000000055500000001000000010000008611702600001026560000009005026000010265600000090050063600108048651646770015520000
005001066765346500301001103601000000000004563258010400001000150000
00300104000010000300016650000086117026000010265600000090050260000102656000000900506676534680000
00300106120150000100000000000086117026000010265600000090050260000102656000000900506676534680000
00300101000030000700038850000086117026000010265600000090050260000102656000000900506676534680000
00300101000010000200011100000086117026000010265600000090050260000102656000000900506676534680000
00300107000030000000000000000086117026000010265600000090050260000102656000000900506676534680000
00300107010030000100000000000086117026000010265600000090050260000102656000000900506676534680000
00300108000030000100000000000086117026000010265600000090050260000102656000000900506676534680000
001001026000008611700406676534680260000102656000000900502600001026560000009005020350458000100020000
005001066765499700301001103601000000000004563258010400001000150000
001001026000008611700506676550030260000102656000000900502600001026560000009005020350458000100020000
005001066765502600301001127101000000000034082082921011003000150000
00200306676550300030100112710100000000003408208292070100301156000555000000000000000000010000000100000086117026000010265600000090050260000102656000000900500000000000000000000006360010804865164677001552000000
002011066765505700109009577581000000000009633306320100001006880005550005550005550000000000000000000100000001000000861170260000102656000000900502600001026560000009005000000000000000000000000000010000000000000000000306360010804865164677001552000000
0020020667655491003010011036010000000000045632580101000030000000055500000000055500000001000000010000008611702600001026560000009005026000010265600000090050063600108048651646770015520000
0020020667655524003010011036010000000000045632580101000030000000055500000000055500000001000000010000008611702600001026560000009005026000010265600000090050063600108048651646770015520000
0020020667655542003010011036010000000000045632580101000030000000055500000000055500000001000000010000008611702600001026560000009005026000010265600000090050063600108048651646770015520000
0020020667655654003010011036010000000000045632580101000030000000055500000000055500000001000000010000008611702600001026560000009005026000010265600000090050063600108048651646770015520000
0020020667655780003010011036010000000000045632580101000030000000055500000000055500000001000000010000008611702600001026560000009005026000010265600000090050063600108048651646770015520000
002011066765579000104165251999000000000017764083920400001117000005550005550005550000000000000000000100000001000000861170260000102656000000900502600001026560000009005000000000000000000000000000000000000000000000000006360010804865164677001552000000
002011066765603200104081931808000000000002499743440400001007690005550005550005550000000000000000000100000001000000861170260000102656000000900502600001026560000009005000000000000000000000000000000000000000000000000006360010804865164677001552000000
0020020667656051003010011036010000000000045632580101000030000000055500000000055500000001000000010000008611702600001026560000009005026000010265600000090050063600108048651646770015520000
0020020667656344003010011036010000000000045632580101000030000000055500000000055500000001000000010000008611702600001026560000009005026000010265600000090050063600108048651646770015520000
005001066765645300304004536821000000000011095480901021003000150000
00200306676564550030400453682100000000001109548090080000301841000555000000000000000000010000000100000086117026000010265600000090050260000102656000000900500000000000000000000006360010804865164677001552000000
00200306676564730030400485732400000000000455888169080000302416000555000000000000000000010000000100000086117026000010265600000090050260000102656000000900500000000000000000000006360010804865164677001552000000
0020020667656775003010011036010000000000045632580101000030000000055500000000055500000001000000010000008611702600001026560000009005026000010265600000090050063600108048651646770015520000
005001066765842900301001103601000000000004563258010400001000150000
00300107010030000100000000000086117026000010265600000090050260000102656000000900506676584330000
00300101000010000100005550000086117026000010265600000090050260000102656000000900506676584330000
00300101000030000800044400000086117026000010265600000090050260000102656000000900506676584330000
00300104000010000200011100000086117026000010265600000090050260000102656000000900506676584330000
00300108000030000200000000000086117026000010265600000090050260000102656000000900506676584330000
001001026000008611700406676584330260000102656000000900502600001026560000009005020350458000100120000
005001066765843500301001103601000000000004563258010400001000150000
001001026000008611700306676584380260000102656000000900502600001026560000009005020350458000100120000
001001026000008611700206676584430260000102656000000900502600001026560000009005020350458000100120000
010001001026000010265600000090050000086117066765845100400000
02000100106676584590030100110360100000000000456325801026000010265600000090050052301000008611702600001026560000009005026000010265600000090050000
0210010300060000086117026000010265600000090050260000102656000000900506676584590000
0210010400110000086117026000010265600000090050260000102656000000900506676584590000
0210010800060000086117026000010265600000090050260000102656000000900506676584590000
0210010900030000086117026000010265600000090050260000102656000000900506676584590000
0210011000010000086117026000010265600000090050260000102656000000900506676584590000
0210011100010000086117026000010265600000090050260000102656000000900506676584590000
0210011200010000086117026000010265600000090050260000102656000000900506676584590000
0210011800070000086117026000010265600000090050260000102656000000900506676584590000
0210012500050000086117026000010265600000090050260000102656000000900506676584590000
010001001026000010265600000090050000086117066765846000500000
001001026000008611700106676584630000000102656000000000000000000000000000000000020350458000100120000
03400667641292000008611700005C06676412920667644688000008611704580I0000102656000010265601000002800055500000000100000001040000006000555000000001000000010400000040004601000000010000000104500000100055500000000100000001061200002000000000000001000000010613000010000000000000010000000106140000100000000000000100000001070000003000000000000001000000010701000020000000000000010000000108000000500000000000000100000001
