1000020260000086150003063600113546209509500015480000
001001026000008615000206676641780000000104435000000000000000000000000000000000000000000000000000000
010001001026000010443500000091330000086150066766418400100000
0350010667664196872597640000037700000001010000
010001001026000010443500000091330000086150066766419800200000
001001026000008615000306676642020260000104435000000913302600001044350000009133000000000000000020000
001001026000008615000406676642280260000104435000000913302600001044350000009133020350458000100120000
005001066766424000301001121217000000000008725976410400001000150000
001001026000008615000506676642510260000104435000000913302600001044350000009133020350458000100120000
005001066766480200104088108325000000000015947589841023001002300000
002011066766480400104088108325000000000015947589840400001004590005550005550004250004250008550000000100000001000000861500260000104435000000913302600001044350000009133100000000000000000000300000000000000000000000000006360011354620950950001548000000
0020020667664815003010011212170000000000087259764101000030000000055500000000055500000001000000010000008615002600001044350000009133026000010443500000091330063600113546209509500015480000
0020020667664819003010011212170000000000087259764101000030000000055500000000055500000001000000010000008615002600001044350000009133026000010443500000091330063600113546209509500015480000
0020020667664823003010011212170000000000087259764101000030000000055500000000055500000001000000010000008615002600001044350000009133026000010443500000091330063600113546209509500015480000
0020020667664828003010011212170000000000087259764101000030000000055500000000055500000001000000010000008615002600001044350000009133026000010443500000091330063600113546209509500015480000
0020020667664834003010011212170000000000087259764101000030000000055500000000055500000001000000010000008615002600001044350000009133026000010443500000091330063600113546209509500015480000
005001066766511000104160532973000000000025034709200400001000150000
005001066766511100104160532973000000000025034709200400001000150000
005001066766511100104160532973000000000025034709200400001000150000
002011066766511400104160532973000000000025034709200400001032200005550005550005550000000000000000000100000001000000861500260000104435000000913302600001044350000009133000000000000000000000019000000000000000000000000006360011354620950950001548000000
005001066766512100301000764211000000000025045099120400001000150000
005001066766512400301000764211000000000025045099120400001000150000
00200306676651260030100076421100000000002504509912070000304441000555000000000000000000010000000100000086150026000010443500000091330260000104435000000913300000000000000000000006360011354620950950001548000000
00200306676651350030400519163100000000003566833606080000301313000555000000000000000000010000000100000086150026000010443500000091330260000104435000000913300000000000000000000006360011354620950950001548000000
002011066766519500104079497683000000000042424076390400001014640005550005550005550000000000000000000100000001000000861500260000104435000000913302600001044350000009133000000000000000000000019300000000000000000000000006360011354620950950001548000000
002011066766533300104005694418000000000000818000520400001065130005550005550005550000000000000000000100000001000000861500260000104435000000913302600001044350000009133000000000000000000000019300000000000000000000000006360011354620950950001548000000
005001066766534100305000442251000000000027389356410710003001360000
002011066766534100305000442251000000000027389356410400001005140005550005550005550000000000000000000100000001000000861500260000104435000000913302600001044350000009133000000000000000000000019300000000000000000000000006360011354620950950001548000000
0020020667666657003010011212170000000000087259764101000030000000055500000000055500000001000000010000008615002600001044350000009133026000010443500000091330063600113546209509500015480000
0020020667666725003010011212170000000000087259764101000030000000055500000000055500000001000000010000008615002600001044350000009133026000010443500000091330063600113546209509500015480000
0020020667666986003010011212170000000000087259764101000030000000055500000000055500000001000000010000008615002600001044350000009133026000010443500000091330063600113546209509500015480000
00200306676669930030400521588100000000003569241478080000300801000555000000000000000000010000000100000086150026000010443500000091330260000104435000000913300000000000000000000006360011354620950950001548000000
005001066766801400301001121217000000000008725976410400001000150000
00300104000010000500027750000086150026000010443500000091330260000104435000000913306676680180000
00300101000030000800044400000086150026000010443500000091330260000104435000000913306676680180000
00300107000030000100000000000086150026000010443500000091330260000104435000000913306676680180000
00300108000030000200000000000086150026000010443500000091330260000104435000000913306676680180000
001001026000008615000406676680180260000104435000000913302600001044350000009133020350458000100020000
005001066766801900301001121217000000000008725976410400001000150000
001001026000008615000506676680250260000104435000000913302600001044350000009133020350458000100020000
0020020667669111003010011212170000000000087259764101000030000000055500000000055500000001000000010000008615002600001044350000009133026000010443500000091330063600113546209509500015480000
0020020667669122003010011212170000000000087259764101000030000000055500000000055500000001000000010000008615002600001044350000009133026000010443500000091330063600113546209509500015480000
0020020667669155003010011212170000000000087259764101000030000000055500000000055500000001000000010000008615002600001044350000009133026000010443500000091330063600113546209509500015480000
0020020667669161003010011212170000000000087259764101000030000000055500000000055500000001000000010000008615002600001044350000009133026000010443500000091330063600113546209509500015480000
0020020667669165003010011212170000000000087259764101000030000000055500000000055500000001000000010000008615002600001044350000009133026000010443500000091330063600113546209509500015480000
0020020667669173003010011212170000000000087259764101000030000000055500000000055500000001000000010000008615002600001044350000009133026000010443500000091330063600113546209509500015480000
0020020667669176003010011212170000000000087259764101000030000000055500000000055500000001000000010000008615002600001044350000009133026000010443500000091330063600113546209509500015480000
0020020667669179003010011212170000000000087259764101000030000000055500000000055500000001000000010000008615002600001044350000009133026000010443500000091330063600113546209509500015480000
002011066766918300104089446909000000000029727783120400001001650005550005550005550000000000000000000100000001000000861500260000104435000000913302600001044350000009133000000000000000000000000000000000000000000000000006360011354620950950001548000000
0020020667669214003010011212170000000000087259764101000030000000055500000000055500000001000000010000008615002600001044350000009133026000010443500000091330063600113546209509500015480000
002011066766966500109078922535000000000031334782160100001000520005550005550005550000000000000000000100000001000000861500260000104435000000913302600001044350000009133000000000000000000000000000000000000000000000000006360011354620950950001548000000
0020020667669893003010011212170000000000087259764101000030000000055500000000055500000001000000010000008615002600001044350000009133026000010443500000091330063600113546209509500015480000
005001066766999400104084966114000000000019221177040400001000150000
005001066766999500104084966114000000000019221177041023001002300000
005001066766999700104084966114000000000019221177041023001002300000
002011066767000000104084966114000000000019221177040400001007510005550005550005550000000000000000000100000001000000861500260000104435000000913302600001044350000009133000000000000000000000000000000000000000000000000006360011354620950950001548000000
0020020667670040003010011212170000000000087259764101000030000000055500000000055500000001000000010000008615002600001044350000009133026000010443500000091330063600113546209509500015480000
0020020667670077003010011212170000000000087259764101000030000000055500000000055500000001000000010000008615002600001044350000009133026000010443500000091330063600113546209509500015480000
002011066767010800104152418172000000000025348677840400001000460005550005550005550000000000000000000100000001000000861500260000104435000000913302600001044350000009133000000000000000000000000000000000000000000000000006360011354620950950001548000000
0020020667670178003010011212170000000000087259764101000030000000055500000000055500000001000000010000008615002600001044350000009133026000010443500000091330063600113546209509500015480000
0020020667670193003010011212170000000000087259764101000030000000055500000000055500000001000000010000008615002600001044350000009133026000010443500000091330063600113546209509500015480000
0020020667670938003010011212170000000000087259764101000030000000055500000000055500000001000000010000008615002600001044350000009133026000010443500000091330063600113546209509500015480000
0020020667671061003010011212170000000000087259764101000030000000055500000000055500000001000000010000008615002600001044350000009133026000010443500000091330063600113546209509500015480000
0020020667671071003010011212170000000000087259764101000030000000055500000000055500000001000000010000008615002600001044350000009133026000010443500000091330063600113546209509500015480000
00200306676713730030400510081200000000000871773801080000300489000555000000000000000000010000000100000086150026000010443500000091330260000104435000000913300000000000000000000006360011354620950950001548000000
0020020667671404003010011212170000000000087259764101000030000000055500000000055500000001000000010000008615002600001044350000009133026000010443500000091330063600113546209509500015480000
0020020667671462003010011212170000000000087259764101000030000000055500000000055500000001000000010000008615002600001044350000009133026000010443500000091330063600113546209509500015480000
0020020667671519003010011212170000000000087259764101000030000000055500000000055500000001000000010000008615002600001044350000009133026000010443500000091330063600113546209509500015480000
005001066767349600104156467011000000000026935701201023001002300000
002011066767349800104156467011000000000026935701200400001013590005550005550005550000000000000000000100000001000000861500260000104435000000913302600001044350000009133000000000000000000000000000000000000000000000000006360011354620950950001548000000
0020020667673530003010011212170000000000087259764101000030000000055500000000055500000001000000010000008615002600001044350000009133026000010443500000091330063600113546209509500015480000
005001066767354500104088828697000000000027842591441022001000150000
002011066767354800104088828697000000000027842591440400001004690005550005550005550000000000000000000100000001000000861500260000104435000000913302600001044350000009133000000000000000000000000000000000000000000000000006360011354620950950001548000000
002011066767360200104088308391000000000017076286160400001002440005550005550005550000000000000000000100000001000000861500260000104435000000913302600001044350000009133000000000000000000000000000000000000000000000000006360011354620950950001548000000
005001066767361400104089720075000000000029309174481023001002300000
002011066767361700104089720075000000000029309174480400001001350005550005550005550000000000000000000100000001000000861500260000104435000000913302600001044350000009133000000000000000000000000000000000000000000000000006360011354620950950001548000000
002011066767387200104088692175000000000030083899600400001005180005550005550000000000000008550000000100000001000000861500260000104435000000913302600001044350000009133100000000000000000000300000000000000000000000000006360011354620950950001548000000
002011066767405700104165909579000000000023765865680400001028880005550005550005550000000000000000000100000001000000861500260000104435000000913302600001044350000009133000000000000000000000000000000000000000000000000006360011354620950950001548000000
002011066767461400104156264633000000000025518876880400001023440005550005550004500004500008550000000100000001000000861500260000104435000000913302600001044350000009133100000000000000000000300000000000000000000000000006360011354620950950001548000000
0020020667674748003010011212170000000000087259764101000030000000055500000000055500000001000000010000008615002600001044350000009133026000010443500000091330063600113546209509500015480000
0020020667674779003010011212170000000000087259764101000030000000055500000000055500000001000000010000008615002600001044350000009133026000010443500000091330063600113546209509500015480000
0020020667674908003010011212170000000000087259764101000030000000055500000000055500000001000000010000008615002600001044350000009133026000010443500000091330063600113546209509500015480000
005001066767540900305000442251000000000027389356410710003001360000
002011066767541000305000442251000000000027389356410400001005150005550005550005550000000000000000000100000001000000861500260000104435000000913302600001044350000009133000000000000000000000019300000000000000000000000006360011354620950950001548000000
005001066767562700301001116728000000000015734428820400001000150000
005001066767563000301001116728000000000015734428820400001000150000
00200306676756310030100111672800000000001573442882070000301168000555000000000000000000010000000100000086150026000010443500000091330260000104435000000913300000000000000000000006360011354620950950001548000000
002011066767564300104166014036000000000023492857040400001012920005550005550004600004600008550000000100000001000000861500260000104435000000913302600001044350000009133100000000000000000000300000000000000000000000000006360011354620950950001548000000
0020020667676998003010011212170000000000087259764101000030000000055500000000055500000001000000010000008615002600001044350000009133026000010443500000091330063600113546209509500015480000
0020020667677002003010011212170000000000087259764101000030000000055500000000055500000001000000010000008615002600001044350000009133026000010443500000091330063600113546209509500015480000
0020020667677025003010011212170000000000087259764101000030000000055500000000055500000001000000010000008615002600001044350000009133026000010443500000091330063600113546209509500015480000
0020020667677948003010011212170000000000087259764101000030000000055500000000055500000001000000010000008615002600001044350000009133026000010443500000091330063600113546209509500015480000
0020020667678066003010011212170000000000087259764101000030000000055500000000055500000001000000010000008615002600001044350000009133026000010443500000091330063600113546209509500015480000
0020020667678093003010011212170000000000087259764101000030000000055500000000055500000001000000010000008615002600001044350000009133026000010443500000091330063600113546209509500015480000
005001066767833000301000750067000000000011910175310400001000150000
005001066767833200301000750067000000000011910175310400001000150000
00200306676783340030100075006700000000001191017531070000302705000555000000000000000000010000000100000086150026000010443500000091330260000104435000000913300000000000000000000006360011354620950950001548000000
002011066767834500104081679246000000000000870828240400001015860005550005550005550000000000000000000100000001000000861500260000104435000000913302600001044350000009133000000000000000000000000000000000000000000000000006360011354620950950001548000000
005001066767909500104157045511000000000027973097681023001002300000
002011066767909700104157045511000000000027973097680400001008470005550005550005550000000000000000000100000001000000861500260000104435000000913302600001044350000009133000000000000000000000000000000000000000000000000006360011354620950950001548000000
00200306676792570150300257815100000000003413208100061201501424000555000000000000000000010000000100000086150026000010443500000091330260000104435000000913300000000000000000000006360011354620950950001548000000
002011066767967400104086068245000000000017610171600400001009260005550005550005550000000000000000000100000001000000861500260000104435000000913302600001044350000009133000000000000000000000000000000000000000000000000006360011354620950950001548000000
0020020667679766003010011212170000000000087259764101000030000000055500000000055500000001000000010000008615002600001044350000009133026000010443500000091330063600113546209509500015480000
00200306676800010030400527119600000000001547775922080000300422000555000000000000000000010000000100000086150026000010443500000091330260000104435000000913300000000000000000000006360011354620950950001548000000
002011066768175900104151249181000000000023857685200400001001970005550005550005550000000000000000000100000001000000861500260000104435000000913302600001044350000009133000000000000000000000000000000000000000000000000006360011354620950950001548000000
002011066768176500104083088806000000000008944036560400001005140005550005550004250004250008550000000100000001000000861500260000104435000000913302600001044350000009133100000000000000000000300000000000000000000000000006360011354620950950001548000000
0020020667682132003010011212170000000000087259764101000030000000055500000000055500000001000000010000008615002600001044350000009133026000010443500000091330063600113546209509500015480000
0020020667682821003010011212170000000000087259764101000030000000055500000000055500000001000000010000008615002600001044350000009133026000010443500000091330063600113546209509500015480000
005001066768610700301001121217000000000008725976410400001000150000
00300101000030003300183150000086150026000010443500000091330260000104435000000913306676861110000
00300104000010001700094350000086150026000010443500000091330260000104435000000913306676861110000
00300101000010000100005550000086150026000010443500000091330260000104435000000913306676861110000
00300108000030000200000000000086150026000010443500000091330260000104435000000913306676861110000
00300107000030000200000000000086150026000010443500000091330260000104435000000913306676861110000
00300106120150000100000000000086150026000010443500000091330260000104435000000913306676861110000
001001026000008615000406676861110260000104435000000913302600001044350000009133020350458000100120000
005001066768611200301001121217000000000008725976410400001000150000
001001026000008615000306676861220260000104435000000913302600001044350000009133020350458000100120000
001001026000008615000206676861260260000104435000000913302600001044350000009133020350458000100120000
010001001026000010443500000091330000086150066768613300400000
02000100106676861440030100112121700000000000872597641026000010443500000091330037701000008615002600001044350000009133026000010443500000091330000
0210010300040000086150026000010443500000091330260000104435000000913306676861440000
0210010400260000086150026000010443500000091330260000104435000000913306676861440000
0210010800030000086150026000010443500000091330260000104435000000913306676861440000
0210010900010000086150026000010443500000091330260000104435000000913306676861440000
0210011800020000086150026000010443500000091330260000104435000000913306676861440000
0210012500080000086150026000010443500000091330260000104435000000913306676861440000
010001001026000010443500000091330000086150066768614400500000
001001026000008615000106676861470000000104435000000000000000000000000000000000020350458000100120000
03400667668025000008615000005C06676680250667686111000008615004580I00001044350000104435010000034000555000000001000000010400000010000001000000010000000104000000100042510000000100000001040000001000460100000001000000010400000010004501000000010000000104000001300055500000000100000001061200001000000000000001000000010700000020000000000000010000000108000000200000000000000100000001
03400667664251000008615000005C06676642510667668018000008615004580V0000104435000010443501000000800055500000000100000001040000001000425100000001000000010400000040005550000000010000000107000000100000000000000100000001080000002000000000000001000000010800000020000000000000010000000108000000200000000000000100000001080000002000000000000001000000010800000020000000000000010000000108000000200000000000000100000001080000002000000000000001000000010800000020000000000000010000000108000000200000000000000100000001080000002000000000000001000000010800000020000000000000010000000108000000200000000000000100000001
