1000020260000086119003063600108005701976870024160000
0450010000000002000000000106675787190000
005001066762186500301000873827000000000003386581720001003000150000
005001066762186500301000873827000000000003386581720001003000150000
005001066762186600301000873827000000000003386581720001003000150000
005001066762186600301000873827000000000003386581720001003000150000
005001066762186700301000873827000000000003386581720001003000150000
005001066762186700301000873827000000000003386581720001003000150000
005001066762186800301000873827000000000003386581720001003000150000
005001066762186900301000873827000000000003386581720001003000150000
005001066762187000301000873827000000000003386581720001003000150000
005001066762187000301000873827000000000003386581720001003000150000
005001066762187100301000873827000000000003386581720001003000150000
005001066762187100301000873827000000000003386581720001003000150000
005001066762187200301000873827000000000003386581720001003000150000
005001066762187400301000873827000000000003386581720001003000150000
005001066762187400301000873827000000000003386581720001003000150000
005001066762187500301000873827000000000003386581720001003000150000
005001066762187500301000873827000000000003386581720001003000150000
005001066762187600301000873827000000000003386581720001003000150000
005001066762187600301000873827000000000003386581720001003000150000
005001066762187700301000873827000000000003386581720001003000150000
005001066762187800301000873827000000000003386581720001003000150000
005001066762187900301000873827000000000003386581720001003000150000
005001066762187900301000873827000000000003386581720001003000150000
005001066762188000301000873827000000000003386581720001003000150000
005001066762188000301000873827000000000003386581720001003000150000
005001066762188100301000873827000000000003386581720001003000150000
005001066762188100301000873827000000000003386581720001003000150000
005001066762188200301000873827000000000003386581720001003000150000
005001066762188300301000873827000000000003386581720001003000150000
005001066762188400301000873827000000000003386581720001003000150000
005001066762188400301000873827000000000003386581720001003000150000
005001066762201600301000873827000000000003386581720001003000150000
005001066762201600301000873827000000000003386581720001003000150000
005001066762201700301000873827000000000003386581720001003000150000
005001066762201800301000873827000000000003386581720001003000150000
0450010000000000000000000106676221030000
005001066762232600301000873827000000000003386581721000003002170000
005001066762232600301000873827000000000003386581720701003000150000
005001066762241100301000873827000000000003386581721011003000150000
0450010000000000000000000106676225070000
001001026000008611900206676225320000000080249000000000000000000000000000000000000000000000000000000
010001001026000008024900000075970000086119066762253900100000
0350010667622550338658170000154700000001010000
010001001026000008024900000075970000086119066762255200200000
001001026000008611900306676225560260000080249000000759702600000802490000007597000000000000000010000
001001026000008611900406676225640260000080249000000759702600000802490000007597021430468300100010000
001001026000008611900506676225720260000080249000000759702600000802490000007597021430468300100010000
005001066762348600104088511979000000000029362903760400001000150000
005001066762348800104088511979000000000029362903760400001000360000
002011066762349100104088511979000000000029362903760400001001130004300004300004300000000000000000000100000001000000861190260000080249000000759702600000802490000007597000000000000000000000000000000000000000000000000006360010800570197687002416000000
0020020667623589003010008738270000000000033865817201000030000000043000000000043000000001000000010000008611902600000802490000007597026000008024900000075970063600108005701976870024160000
00200306676235950030400431653600000000002516880170080000303264000430000000000000000000010000000100000086119026000008024900000075970260000080249000000759700000000000000000000006360010800570197687002416000000
005001066762371900104150990707000000000025338553041023001002300000
002011066762372200104150990707000000000025338553040400001027810004300004300004300000000000000000000100000001000000861190260000080249000000759702600000802490000007597000000000000000000000000000000000000000000000000006360010800570197687002416000000
0020020667623975003010008738270000000000033865817201000030000000043000000000043000000001000000010000008611902600000802490000007597026000008024900000075970063600108005701976870024160000
002011066762417900104089398701000000000033115269840400001001120004300004300004300000000000000000000100000001000000861190260000080249000000759702600000802490000007597000000000000000000000000000000000000000000000000006360010800570197687002416000000
00200306676270940030400481703900000000002523833290080000300824000430000000000000000000010000000100000086119026000008024900000075970260000080249000000759700000000000000000000006360010800570197687002416000000
005001066762830000304004073692000000000005720692830800003000360000
00200306676283030030400407369200000000000572069283080000300208000430000000000000000000010000000100000086119026000008024900000075970260000080249000000759700000000000000000000006360010800570197687002416000000
0020020667630593003010008738270000000000033865817201000030000000043000000000043000000001000000010000008611902600000802490000007597026000008024900000075970063600108005701976870024160000
0020020667630605003010008738270000000000033865817201000030000000043000000000043000000001000000010000008611902600000802490000007597026000008024900000075970063600108005701976870024160000
002011066763070800104156320924000000000024891687120400001000510004300004300004300000000000000000000100000001000000861190260000080249000000759702600000802490000007597000000000000000000000000000000000000000000000000006360010800570197687002416000000
005001066763071500109054898367000000000017627702481023001002300000
005001066763072200109054898367000000000017627702480100001000360000
002011066763072500109054898367000000000017627702480100001004690004300004300004300000000000000000000100000001000000861190260000080249000000759702600000802490000007597000000000000000000000000000000000000000000000000006360010800570197687002416000000
0020020667630749003010008738270000000000033865817201000030000000043000000000043000000001000000010000008611902600000802490000007597026000008024900000075970063600108005701976870024160000
0020020667630761003010008738270000000000033865817201000030000000043000000000043000000001000000010000008611902600000802490000007597026000008024900000075970063600108005701976870024160000
0020020667630767003010008738270000000000033865817201000030000000043000000000043000000001000000010000008611902600000802490000007597026000008024900000075970063600108005701976870024160000
0020020667630782003010008738270000000000033865817201000030000000043000000000043000000001000000010000008611902600000802490000007597026000008024900000075970063600108005701976870024160000
0020020667630807003010008738270000000000033865817201000030000000043000000000043000000001000000010000008611902600000802490000007597026000008024900000075970063600108005701976870024160000
002011066763090900104163779546000000000024287516880400001048910004300004300003000003000008550000000100000001000000861190260000080249000000759702600000802490000007597100000000000000000000300000000000000000000000000006360010800570197687002416000000
0020020667630958003010008738270000000000033865817201000030000000043000000000043000000001000000010000008611902600000802490000007597026000008024900000075970063600108005701976870024160000
0020020667631051003010008738270000000000033865817201000030000000043000000000043000000001000000010000008611902600000802490000007597026000008024900000075970063600108005701976870024160000
005001066763141900305000449157000000000030277163700400001000150000
005001066763142100305000449157000000000030277163700400001000150000
00200306676314220030500044915700000000003027716370071000300008000430000000000000000000010000000100000086119026000008024900000075970260000080249000000759700000000000000000000006360010800570197687002416000000
00200306676321510030400508494900000000001545841906080000300670000430000000000000000000010000000100000086119026000008024900000075970260000080249000000759700000000000000000000006360010800570197687002416000000
0020020667635458003010008738270000000000033865817201000030000000043000000000043000000001000000010000008611902600000802490000007597026000008024900000075970063600108005701976870024160000
005001066763552700301001162576000000000026724114021023003000150000
005001066763552800301001162576000000000026724114020400001000150000
005001066763553000301001162576000000000026724114020400001000150000
00200306676355320030100116257600000000002672411402070000300254000430000000000000000000010000000100000086119026000008024900000075970260000080249000000759700000000000000000000006360010800570197687002416000000
0020020667639005003010008738270000000000033865817201000030000000043000000000043000000001000000010000008611902600000802490000007597026000008024900000075970063600108005701976870024160000
00200306676396120030400436444100000000000581849635080000302348000430000000000000000000010000000100000086119026000008024900000075970260000080249000000759700000000000000000000006360010800570197687002416000000
005001066763962201503002911895000000000005724418110614015000840000
00200306676396230150300291189500000000000572441811061301500121000430000000000000000000010000000100000086119026000008024900000075970260000080249000000759700000000000000000000006360010800570197687002416000000
0020020667639632015030029118950000000000057244181106140150011700043000000000000000000001000000010000008611902600000802490000007597026000008024900000075970063600108005701976870024160000
00200306676396750030400511096600000000001545934466080000300581000430000000000000000000010000000100000086119026000008024900000075970260000080249000000759700000000000000000000006360010800570197687002416000000
00200306676396870030400401769500000000000572134547080000300307000430000000000000000000010000000100000086119026000008024900000075970260000080249000000759700000000000000000000006360010800570197687002416000000
0020020667643223003010008738270000000000033865817201000030000000043000000000043000000001000000010000008611902600000802490000007597026000008024900000075970063600108005701976870024160000
0020020667643303003010008738270000000000033865817201000030000000043000000000043000000001000000010000008611902600000802490000007597026000008024900000075970063600108005701976870024160000
0020020667643396003010008738270000000000033865817201000030000000043000000000043000000001000000010000008611902600000802490000007597026000008024900000075970063600108005701976870024160000
0020020667643503003010008738270000000000033865817201000030000000043000000000043000000001000000010000008611902600000802490000007597026000008024900000075970063600108005701976870024160000
00200306676435470030400483711100000000002523595946080000301282000430000000000000000000010000000100000086119026000008024900000075970260000080249000000759700000000000000000000006360010800570197687002416000000
00200306676435660030400413206100000000002552997866080000302340000430000000000000000000010000000100000086119026000008024900000075970260000080249000000759700000000000000000000006360010800570197687002416000000
002011066764370500104082640971000000000002471214800400001007440004300004300004300000000000000000000100000001000000861190260000080249000000759702600000802490000007597000000000000000000000000000000000000000000000000006360010800570197687002416000000
00200306676449550030100105547800000000002678270403070100303657000430000000000000000000010000000100000086119026000008024900000075970260000080249000000759700000000000000000000006360010800570197687002416000000
00300104000010000600025800000086119026000008024900000075970260000080249000000759706676453730000
00300101000030001700073100000086119026000008024900000075970260000080249000000759706676453730000
00300108000030000900000000000086119026000008024900000075970260000080249000000759706676453730000
00300101000010000100004300000086119026000008024900000075970260000080249000000759706676453730000
00300107100030000100000000000086119026000008024900000075970260000080249000000759706676453730000
00300107000030000100000000000086119026000008024900000075970260000080249000000759706676453730000
00300106130150000100000000000086119026000008024900000075970260000080249000000759706676453730000
00300106140150000100000000000086119026000008024900000075970260000080249000000759706676453730000
00300107010030000100000000000086119026000008024900000075970260000080249000000759706676453730000
001001026000008611900406676453730260000080249000000759702600000802490000007597021430468300100110000
001001026000008611900306676453770260000080249000000759702600000802490000007597021430468300100110000
001001026000008611900206676453820260000080249000000759702600000802490000007597021430468300100110000
010001001026000008024900000075970000086119066764538900400000
02000100106676453970030100087382700000000000338658172026000008024900000075970154701000008611902600000802490000007597026000008024900000075970000
0210010300090000086119026000008024900000075970260000080249000000759706676453970000
0210010400130000086119026000008024900000075970260000080249000000759706676453970000
0210010500010000086119026000008024900000075970260000080249000000759706676453970000
0210010800020000086119026000008024900000075970260000080249000000759706676453970000
0210011000010000086119026000008024900000075970260000080249000000759706676453970000
0210011100010000086119026000008024900000075970260000080249000000759706676453970000
0210011800030000086119026000008024900000075970260000080249000000759706676453970000
0210012500020000086119026000008024900000075970260000080249000000759706676453970000
010001001026000008024900000075970000086119066764539700500000
001001026000008611900106676454010000000080249000000000000000000000000000000000021430468300100110000
03400667622572000008611900005C06676225720667645373000008611904683I00000802490000080249010000018000430000000001000000010400000050004300000000010000000104000000100030010000000100000001061300001000000000000001000000010614000010000000000000010000000107000000100000000000000100000001070100001000000000000001000000010710000010000000000000010000000108000000900000000000000100000001
