1000020260000086095003063600106632261709830004010000
001001026000008609500206676376600000000098853000000000000000000000000000000000000000000000000000000
010001001026000009885300000075060000086095066763766700100000
0350010667637677252814010000036500000002010000
010001001026000009885300000075060000086095066763767900200000
001001026000008609500306676376860260000098853000000750602600000988530000007506000000000000000010000
001001026000008609500406676376940260000098853000000750602600000988530000007506020290457400100010000
005001066763769600301001115152000000000025281401220400001000150000
005001066763793200301001115152000000000025281401220400001000150000
001001026000008609500506676379370260000098853000000750602600000988530000007506020290457400100010000
0020020667638091003010011151520000000000252814012201000030000000046500000000046500000001000000010000008609502600000988530000007506026000009885300000075060063600106632261709830004010000
005001066763816700304004943621000000000041472954670001003000150000
0020020667638181003010011151520000000000252814012201000030000000046500000000046500000001000000010000008609502600000988530000007506026000009885300000075060063600106632261709830004010000
0020020667638252003010011151520000000000252814012201000030000000046500000000046500000001000000010000008609502600000988530000007506026000009885300000075060063600106632261709830004010000
00200306676382750030400245493100000000003384882868080000303077000465000000000000000000010000000100000086095026000009885300000075060260000098853000000750600000000000000000000006360010663226170983000401000000
002011066763850600109109578474000000000017181415120100001003640004650004650004650000000000000000000100000001000000860950260000098853000000750602600000988530000007506000000000000000000000000000000000000000000000000006360010663226170983000401000000
00200306676385490030400247090200000000003411567156080000307537000465000000000000000000010000000100000086095026000009885300000075060260000098853000000750600000000000000000000006360010663226170983000401000000
0020020667638563003010011151520000000000252814012201000030000000046500000000046500000001000000010000008609502600000988530000007506026000009885300000075060063600106632261709830004010000
005001066763857000301000984122000000000008448203791011003000150000
00200306676385710030100098412200000000000844820379070100303422000465000000000000000000010000000100000086095026000009885300000075060260000098853000000750600000000000000000000006360010663226170983000401000000
002011066763873400104152737944000000000024916316880400001008470004650004650000000000000008550000000100000001000000860950260000098853000000750602600000988530000007506100000000000000000000300000000000000000000000000006360010663226170983000401000000
00200306676389430150300293917100000000000572172243061201500209000465000000000000000000010000000100000086095026000009885300000075060260000098853000000750600000000000000000000006360010663226170983000401000000
005001066763895201503001629134000000000006589385560612015000150000
00200306676389540150300162913400000000000658938556061201502681000465000000000000000000010000000100000086095026000009885300000075060260000098853000000750600000000000000000000006360010663226170983000401000000
002011066763915600117055662015000000000029663063260400001010420004650004650004650000000000000000000100000001000000860950260000098853000000750602600000988530000007506000000000000000000000000000000000000000000000000006360010663226170983000401000000
002011066763930400109072018357000000000029706599120100001000700004650004650004650000000000000000000100000001000000860950260000098853000000750602600000988530000007506000000000000000000000000000000000000000000000000006360010663226170983000401000000
00200306676393100150300292939500000000002530904682061201500808000465000000000000000000010000000100000086095026000009885300000075060260000098853000000750600000000000000000000006360010663226170983000401000000
00200306676393220030400397580300000000000988834699080000301070000465000000000000000000010000000100000086095026000009885300000075060260000098853000000750600000000000000000000006360010663226170983000401000000
00200306676394270030400478713100000000001548137058080000301121000465000000000000000000010000000100000086095026000009885300000075060260000098853000000750600000000000000000000006360010663226170983000401000000
0020020667639486003010011151520000000000252814012201000030000000046500000000046500000001000000010000008609502600000988530000007506026000009885300000075060063600106632261709830004010000
0020020667639495003010011151520000000000252814012201000030000000046500000000046500000001000000010000008609502600000988530000007506026000009885300000075060063600106632261709830004010000
005001066764082700301001115152000000000025281401220400001000150000
00300101000030000600027900000086095026000009885300000075060260000098853000000750606676408300000
00300108000030000400000000000086095026000009885300000075060260000098853000000750606676408300000
00300101000010000200009300000086095026000009885300000075060260000098853000000750606676408300000
00300107010030000100000000000086095026000009885300000075060260000098853000000750606676408300000
00300104000010000200009300000086095026000009885300000075060260000098853000000750606676408300000
00300106120150000300000000000086095026000009885300000075060260000098853000000750606676408300000
001001026000008609500406676408300260000098853000000750602600000988530000007506020290457400100110000
005001066764083200301001115152000000000025281401220400001000150000
001001026000008609500506676408370260000098853000000750602600000988530000007506020290457400100110000
00200306676408500030400474905100000000001548225362080000301014000465000000000000000000010000000100000086095026000009885300000075060260000098853000000750600000000000000000000006360010663226170983000401000000
0020020667640867003010011151520000000000252814012201000030000000046500000000046500000001000000010000008609502600000988530000007506026000009885300000075060063600106632261709830004010000
00200306676408770030400523807500000000002523819322080000300409000465000000000000000000010000000100000086095026000009885300000075060260000098853000000750600000000000000000000006360010663226170983000401000000
0020020667640933003010011151520000000000252814012201000030000000046500000000046500000001000000010000008609502600000988530000007506026000009885300000075060063600106632261709830004010000
0020020667640953003010011151520000000000252814012201000030000000046500000000046500000001000000010000008609502600000988530000007506026000009885300000075060063600106632261709830004010000
0020020667640959003010011151520000000000252814012201000030000000046500000000046500000001000000010000008609502600000988530000007506026000009885300000075060063600106632261709830004010000
00200306676409730030400501611100000000003533122902080000300399000465000000000000000000010000000100000086095026000009885300000075060260000098853000000750600000000000000000000006360010663226170983000401000000
005001066764105500109052800246000000000019049982161022001000150000
002011066764105900109052800246000000000019049982160100001005790004650004650004500004500008550000000100000001000000860950260000098853000000750602600000988530000007506100000000000000000000300000010000000000000000000106360010663226170983000401000000
002011066764150400104151662134000000000025691075280400001023260004650004650004650000000000000000000100000001000000860950260000098853000000750602600000988530000007506000000000000000000000000000000000000000000000000006360010663226170983000401000000
005001066764203900301001152333000000000002520346970400001000150000
005001066764204200301001152333000000000002520346970400001000150000
00200306676420440030100115233300000000000252034697070000300354000465000000000000000000010000000100000086095026000009885300000075060260000098853000000750600000000000000000000006360010663226170983000401000000
005001066764219700000000000000000000000041474495470000000000150000
00200306676421980030400472904100000000004147449547080000302171000465000000000000000000010000000100000086095026000009885300000075060260000098853000000750600000000000000000000006360010663226170983000401000000
005001066764279800301001115152000000000025281401220400001000150000
00300108000030000400000000000086095026000009885300000075060260000098853000000750606676428020000
00300101000030000400018600000086095026000009885300000075060260000098853000000750606676428020000
00300101000010000100004650000086095026000009885300000075060260000098853000000750606676428020000
00300104000010000100004650000086095026000009885300000075060260000098853000000750606676428020000
00300107000030000100000000000086095026000009885300000075060260000098853000000750606676428020000
001001026000008609500406676428020260000098853000000750602600000988530000007506020290457400100010000
005001066764397700301001115152000000000025281401220400001000150000
001001026000008609500506676439820260000098853000000750602600000988530000007506020290457400100010000
0020020667644011003010011151520000000000252814012201000030000000046500000000046500000001000000010000008609502600000988530000007506026000009885300000075060063600106632261709830004010000
0020020667644232003010011151520000000000252814012201000030000000046500000000046500000001000000010000008609502600000988530000007506026000009885300000075060063600106632261709830004010000
0020020667644266003010011151520000000000252814012201000030000000046500000000046500000001000000010000008609502600000988530000007506026000009885300000075060063600106632261709830004010000
005001066764495300104164571566000000000023097134801023001002300000
002011066764495600104164571566000000000023097134800400001016910004650004650004650000000000000000000100000001000000860950260000098853000000750602600000988530000007506000000000000000000000000000000000000000000000000006360010663226170983000401000000
0020020667645296003010011151520000000000252814012201000030000000046500000000046500000001000000010000008609502600000988530000007506026000009885300000075060063600106632261709830004010000
0020020667645320003010011151520000000000252814012201000030000000046500000000046500000001000000010000008609502600000988530000007506026000009885300000075060063600106632261709830004010000
005001066764552600301001049737000000000033983678940400001000150000
005001066764552600301001049737000000000033983678941007003000150000
005001066764552900301001049737000000000033983678940400001000150000
005001066764553200301001049737000000000033983678940400001000150000
00200306676455330030100104973700000000003398367894070000302571000465000000000000000000010000000100000086095026000009885300000075060260000098853000000750600000000000000000000006360010663226170983000401000000
005001066764723600301001115152000000000025281401220400001000150000
00300101000030000500023250000086095026000009885300000075060260000098853000000750606676472390000
00300104000010000100004650000086095026000009885300000075060260000098853000000750606676472390000
00300107000030000100000000000086095026000009885300000075060260000098853000000750606676472390000
001001026000008609500406676472390260000098853000000750602600000988530000007506020290457400100110000
005001066764724100301001115152000000000025281401220400001000150000
001001026000008609500506676472460260000098853000000750602600000988530000007506020290457400100110000
00200306676472530030100098412200000000000844820379070100303425000465000000000000000000010000000100000086095026000009885300000075060260000098853000000750600000000000000000000006360010663226170983000401000000
0020020667647269003010011151520000000000252814012201000030000000046500000000046500000001000000010000008609502600000988530000007506026000009885300000075060063600106632261709830004010000
00200306676472750030400444478100000000002678215427080000302012000465000000000000000000010000000100000086095026000009885300000075060260000098853000000750600000000000000000000006360010663226170983000401000000
0020020667647296003010011151520000000000252814012201000030000000046500000000046500000001000000010000008609502600000988530000007506026000009885300000075060063600106632261709830004010000
0020020667647301003010011151520000000000252814012201000030000000046500000000046500000001000000010000008609502600000988530000007506026000009885300000075060063600106632261709830004010000
0020020667647310003010011151520000000000252814012201000030000000046500000000046500000001000000010000008609502600000988530000007506026000009885300000075060063600106632261709830004010000
005001066764756000104165708409000000000023095345360400001000340000
0020020667647577003010011151520000000000252814012201000030000000046500000000046500000001000000010000008609502600000988530000007506026000009885300000075060063600106632261709830004010000
0020020667648019003010011151520000000000252814012201000030000000046500000000046500000001000000010000008609502600000988530000007506026000009885300000075060063600106632261709830004010000
0020020667648023003010011151520000000000252814012201000030000000046500000000046500000001000000010000008609502600000988530000007506026000009885300000075060063600106632261709830004010000
005001066764947200301001115152000000000025281401220400001000150000
00300107010030000100000000000086095026000009885300000075060260000098853000000750606676494750000
00300101000030000700032550000086095026000009885300000075060260000098853000000750606676494750000
00300108000030000100000000000086095026000009885300000075060260000098853000000750606676494750000
001001026000008609500406676494750260000098853000000750602600000988530000007506020290457400100010000
005001066764947700301001115152000000000025281401220400001000150000
005001066764948100301001115152000000000025281401220400001000150000
001001026000008609500306676494840260000098853000000750602600000988530000007506020290457400100010000
02000100106676494960030100111515200000000002528140122026000009885300000075060036502000008609502600000988530000007506026000009885300000075060000
0210010300090000086095026000009885300000075060260000098853000000750606676494960000
0210010400100000086095026000009885300000075060260000098853000000750606676494960000
0210010800040000086095026000009885300000075060260000098853000000750606676494960000
0210010900030000086095026000009885300000075060260000098853000000750606676494960000
0210011800020000086095026000009885300000075060260000098853000000750606676494960000
0210012500020000086095026000009885300000075060260000098853000000750606676494960000
010001001026000009885300000075060000086095066764949700500000
001001026000008609500206676495000260000098853000000750600000000000000000000000020290457400100010000
005001066764950700301001115152000000000025281401221011003000150000
005001066764951600301001115152000000000025281401221008003000150000
010001001026000009885300000075060000086095066764954300400000
001001026000008609500106676495490000000098853000000000000000000000000000000000020290457400100010000
03400667637937000008609500005C06676379370667640830000008609504574I00000988530000098853010000013000465000000001000000010400000010000001000000010000000104000000200046500000000100000001061200003000000000000001000000010701000010000000000000010000000108000000400000000000000100000001
03400667640837000008609500005C06676408370667642802000008609504574V000009885300000988530100000110004650000000010000000101000000100045010000000100000001040000001000465000000001000000010700000010000000000000010000000108000000500000000000000100000001080000005000000000000001000000010800000050000000000000010000000108000000500000000000000100000001080000005000000000000001000000010800000050000000000000010000000108000000500000000000000100000001
