1000020260000086040003025243604634338603870035150000
0450010000000002000000000106676389750000
0450010000000002000000000106676402870000
0450010000000002000000000106676415600000
0450010000000002000000000106676428330000
0450010000000002000000000106676441230000
0450010000000002000000000106676454180000
0450010000000002000000000106676467100000
0450010000000002000000000106676479990000
0450010000000002000000000106676492720000
0450010000000002000000000106676505600000
001001026000008604000206676506380000000105071000000000000000000000000000000000000000000000000000000
010001001026000010507100000091320000086040066765064900100000
0350010667650661356965780000007100000001010000
010001001026000010507100000091320000086040066765066300200000
001001026000008604000306676506670260000105071000000913202600001050710000009132000000000000000020000
001001026000008604000406676506770260000105071000000913202600001050710000009132020330457800100120000
005001066765106200301001159559000000000035696578300400001000150000
005001066765106300301001159559000000000035696578301007003000150000
005001066765417700301001159559000000000035696578300400001000150000
001001026000008604000506676541830260000105071000000913202600001050710000009132020330457800100120000
002011066765454900117005217964000000000024687505080400001058820004300004300004300000000000000000000100000001000000860400260000105071000000913202600001050710000009132000000000000000000000000000000000000000000000000002524360463433860387003515000000
0020020667654574003010011595590000000000356965783001000030000000043000000000043000000001000000010000008604002600001050710000009132026000010507100000091320025243604634338603870035150000
0020020667654582003010011595590000000000356965783001000030000000043000000000043000000001000000010000008604002600001050710000009132026000010507100000091320025243604634338603870035150000
00200306676545870030400511517800000000000252235769080000300264000430000000000000000000010000000100000086040026000010507100000091320260000105071000000913200000000000000000000002524360463433860387003515000000
0020020667654858003010011595590000000000356965783001000030000000043000000000043000000001000000010000008604002600001050710000009132026000010507100000091320025243604634338603870035150000
002011066765493400104152677437000000000027929186000400001014800004300004300004300000000000000000000100000001000000860400260000105071000000913202600001050710000009132000000000000000000000000000000000000000000000000002524360463433860387003515000000
005001066765494601503002648353000000000023561089501021015000150000
00200306676549480150300264835300000000002356108950061201502437000430000000000000000000010000000100000086040026000010507100000091320260000105071000000913200000000000000000000002524360463433860387003515000000
002011066765543800104166487546000000000024282012880400001015020004300004300004300000000000000000000100000001000000860400260000105071000000913202600001050710000009132000000000000000000000000000000000000000000000000002524360463433860387003515000000
0020020667655446003010011595590000000000356965783001000030000000043000000000043000000001000000010000008604002600001050710000009132026000010507100000091320025243604634338603870035150000
002011066765623800104156721724000000000028483008720400001012440004300004300004300000000000000000000100000001000000860400260000105071000000913202600001050710000009132000000000000000000000000000000000000000000000000002524360463433860387003515000000
005001066765666300301001159559000000000035696578300400001000150000
00300104000010000400017200000086040026000010507100000091320260000105071000000913206676566660000
00300101000030000400017200000086040026000010507100000091320260000105071000000913206676566660000
00300108000030000100000000000086040026000010507100000091320260000105071000000913206676566660000
00300106120150000100000000000086040026000010507100000091320260000105071000000913206676566660000
001001026000008604000406676566660260000105071000000913202600001050710000009132020330457800100020000
005001066765666900301001159559000000000035696578300400001000150000
001001026000008604000506676566740260000105071000000913202600001050710000009132020330457800100020000
0020020667657555003010011595590000000000356965783001000030000000043000000000043000000001000000010000008604002600001050710000009132026000010507100000091320025243604634338603870035150000
0020020667657558003010011595590000000000356965783001000030000000043000000000043000000001000000010000008604002600001050710000009132026000010507100000091320025243604634338603870035150000
0020020667657681003010011595590000000000356965783001000030000000043000000000043000000001000000010000008604002600001050710000009132026000010507100000091320025243604634338603870035150000
002011066765790200109016511061000000000007358615760100001005300004300004300004300000000000000000000100000001000000860400260000105071000000913202600001050710000009132000000000000000000000000000000000000000000000000002524360463433860387003515000000
00200306676585930030400437318100000000004142158619080000303963000430000000000000000000010000000100000086040026000010507100000091320260000105071000000913200000000000000000000002524360463433860387003515000000
002011066765860500109077555733000000000030359959760100001000910004300004300004300000000000000000000100000001000000860400260000105071000000913202600001050710000009132000000000000000000000000000000000000000000000000002524360463433860387003515000000
0020020667658681003010011595590000000000356965783001000030000000043000000000043000000001000000010000008604002600001050710000009132026000010507100000091320025243604634338603870035150000
0020020667658690003010011595590000000000356965783001000030000000043000000000043000000001000000010000008604002600001050710000009132026000010507100000091320025243604634338603870035150000
0020020667658705003010011595590000000000356965783001000030000000043000000000043000000001000000010000008604002600001050710000009132026000010507100000091320025243604634338603870035150000
0020020667659049003010011595590000000000356965783001000030000000043000000000043000000001000000010000008604002600001050710000009132026000010507100000091320025243604634338603870035150000
002011066765917300104166011541000000000024426317520400001024260004300004300004300000000000000000000100000001000000860400260000105071000000913202600001050710000009132000000000000000000000000000000000000000000000000002524360463433860387003515000000
002011066765921700104152830707000000000024970253520400001025530004300004300004300000000000000000000100000001000000860400260000105071000000913202600001050710000009132000000000000000000000000000000000000000000000000002524360463433860387003515000000
00200306676593050030400433097100000000002679643283080000301265000430000000000000000000010000000100000086040026000010507100000091320260000105071000000913200000000000000000000002524360463433860387003515000000
00200306676595210020401328785700000000001924729076080000201376000430000000000000000000010000000100000086040026000010507100000091320260000105071000000913200000000000000000000002524360463433860387003515000000
0020020667659531003010011595590000000000356965783001000030000000043000000000043000000001000000010000008604002600001050710000009132026000010507100000091320025243604634338603870035150000
0020020667659536003010011595590000000000356965783001000030000000043000000000043000000001000000010000008604002600001050710000009132026000010507100000091320025243604634338603870035150000
0020020667659640003010011595590000000000356965783001000030000000043000000000043000000001000000010000008604002600001050710000009132026000010507100000091320025243604634338603870035150000
005001066766072800301001159559000000000035696578300400001000150000
00300101000030001000043000000086040026000010507100000091320260000105071000000913206676607320000
00300101000010000200008600000086040026000010507100000091320260000105071000000913206676607320000
00300108000030000200000000000086040026000010507100000091320260000105071000000913206676607320000
00300104000010000200008600000086040026000010507100000091320260000105071000000913206676607320000
00300108000020000100000000000086040026000010507100000091320260000105071000000913206676607320000
001001026000008604000406676607320260000105071000000913202600001050710000009132020330457800100120000
005001066766173700301001159559000000000035696578300400001000150000
001001026000008604000506676617430260000105071000000913202600001050710000009132020330457800100120000
0020020667661862003010011595590000000000356965783001000030000000043000000000043000000001000000010000008604002600001050710000009132026000010507100000091320025243604634338603870035150000
002011066766186800104083677429000000000012490757840400001017340004300004300004300000000000000000000100000001000000860400260000105071000000913202600001050710000009132000000000000000000000000000000000000000000000000002524360463433860387003515000000
002011066766246800104079538721000000000013909050810400001013600004300004300004300000000000000000000100000001000000860400260000105071000000913202600001050710000009132000000000000000000000019300000000000000000000000002524360463433860387003515000000
0020020667662482003010011595590000000000356965783001000030000000043000000000043000000001000000010000008604002600001050710000009132026000010507100000091320025243604634338603870035150000
0020020667663153003010011595590000000000356965783001000030000000043000000000043000000001000000010000008604002600001050710000009132026000010507100000091320025243604634338603870035150000
002011066766336500104086215531000000000018837415120400001004570004300004300004300000000000000000000100000001000000860400260000105071000000913202600001050710000009132000000000000000000000000000000000000000000000000002524360463433860387003515000000
0020020667663400003010011595590000000000356965783001000030000000043000000000043000000001000000010000008604002600001050710000009132026000010507100000091320025243604634338603870035150000
0020020667663535003010011595590000000000356965783001000030000000043000000000043000000001000000010000008604002600001050710000009132026000010507100000091320025243604634338603870035150000
00200306676635400030400397734200000000000556233123080000301285000430000000000000000000010000000100000086040026000010507100000091320260000105071000000913200000000000000000000002524360463433860387003515000000
002011066766370900104165981751000000000023960446160400001008780004300004300004300000000000000000000100000001000000860400260000105071000000913202600001050710000009132000000000000000000000000000000000000000000000000002524360463433860387003515000000
005001066766373800301001159559000000000035696578300400001000150000
00300101000030000500021500000086040026000010507100000091320260000105071000000913206676637420000
00300104000010000400017200000086040026000010507100000091320260000105071000000913206676637420000
00300108000030000100000000000086040026000010507100000091320260000105071000000913206676637420000
001001026000008604000406676637420260000105071000000913202600001050710000009132020330457800100020000
005001066766374300301001159559000000000035696578300400001000150000
001001026000008604000506676637490260000105071000000913202600001050710000009132020330457800100020000
005001066766416800000000000000000000000002529165210000000000150000
00200306676641690030400511398100000000000252916521080000300721000430000000000000000000010000000100000086040026000010507100000091320260000105071000000913200000000000000000000002524360463433860387003515000000
0020020667664180003010011595590000000000356965783001000030000000043000000000043000000001000000010000008604002600001050710000009132026000010507100000091320025243604634338603870035150000
00200306676641900030400495933100000000003534363862080000300744000430000000000000000000010000000100000086040026000010507100000091320260000105071000000913200000000000000000000002524360463433860387003515000000
005001066766419900304005154734000000000035695526940800003000800000
00200306676648430030400515473400000000003569552694080000301026000430000000000000000000010000000100000086040026000010507100000091320260000105071000000913200000000000000000000002524360463433860387003515000000
0020020667664994003010011595590000000000356965783001000030000000043000000000043000000001000000010000008604002600001050710000009132026000010507100000091320025243604634338603870035150000
002011066766583200104163879771000000000024223061200400001054180004300004300004300000000000000000000100000001000000860400260000105071000000913202600001050710000009132000000000000000000000000000000000000000000000000002524360463433860387003515000000
00200306676658800030400502442300000000000455357817080000301484000430000000000000000000010000000100000086040026000010507100000091320260000105071000000913200000000000000000000002524360463433860387003515000000
0020020667665946003010011595590000000000356965783001000030000000043000000000043000000001000000010000008604002600001050710000009132026000010507100000091320025243604634338603870035150000
0020020667666324003010011595590000000000356965783001000030000000043000000000043000000001000000010000008604002600001050710000009132026000010507100000091320025243604634338603870035150000
002011066766646200104151249181000000000023857685200400001001960004300004300004300000000000000000000100000001000000860400260000105071000000913202600001050710000009132000000000000000000000000000000000000000000000000002524360463433860387003515000000
0020020667667106003010011595590000000000356965783001000030000000043000000000043000000001000000010000008604002600001050710000009132026000010507100000091320025243604634338603870035150000
005001066766791900301001159559000000000035696578300400001000150000
00300108000030000400000000000086040026000010507100000091320260000105071000000913206676679220000
00300101000030000500021500000086040026000010507100000091320260000105071000000913206676679220000
00300104000010000200008600000086040026000010507100000091320260000105071000000913206676679220000
001001026000008604000406676679220260000105071000000913202600001050710000009132020330457800100120000
005001066766907800301001159559000000000035696578300400001000150000
001001026000008604000506676690890260000105071000000913202600001050710000009132020330457800100120000
002011066766909400117057104869000000000042479292710400001023520004300004300004300000000000000000000100000001000000860400260000105071000000913202600001050710000009132000000000000000000000000000000000000000000000000002524360463433860387003515000000
002011066766911700104166206695000000000024459441360400001025490004300004300004300000000000000000000100000001000000860400260000105071000000913202600001050710000009132000000000000000000000000000000000000000000000000002524360463433860387003515000000
0020020667669137003010011595590000000000356965783001000030000000043000000000043000000001000000010000008604002600001050710000009132026000010507100000091320025243604634338603870035150000
002011066766914800104166181242000000000023754210000400001026670004300004300004300000000000000000000100000001000000860400260000105071000000913202600001050710000009132000000000000000000000000000000000000000000000000002524360463433860387003515000000
0020020667669391003010011595590000000000356965783001000030000000043000000000043000000001000000010000008604002600001050710000009132026000010507100000091320025243604634338603870035150000
0020020667669728003010011595590000000000356965783001000030000000043000000000043000000001000000010000008604002600001050710000009132026000010507100000091320025243604634338603870035150000
0020020667669746003010011595590000000000356965783001000030000000043000000000043000000001000000010000008604002600001050710000009132026000010507100000091320025243604634338603870035150000
0020020667669754003010011595590000000000356965783001000030000000043000000000043000000001000000010000008604002600001050710000009132026000010507100000091320025243604634338603870035150000
002011066766976000104075495414000000000027557801120400001018920004300004300004300000000000000000000100000001000000860400260000105071000000913202600001050710000009132000000000000000000000019300000000000000000000000002524360463433860387003515000000
0020020667669905003010011595590000000000356965783001000030000000043000000000043000000001000000010000008604002600001050710000009132026000010507100000091320025243604634338603870035150000
002011066767002100104086909381000000000016154862800400001003770004300004300004300000000000000000000100000001000000860400260000105071000000913202600001050710000009132000000000000000000000000000000000000000000000000002524360463433860387003515000000
0020020667670025003010011595590000000000356965783001000030000000043000000000043000000001000000010000008604002600001050710000009132026000010507100000091320025243604634338603870035150000
002011066767003500109066950601000000000014091495120100001001020004300004300004300000000000000000000100000001000000860400260000105071000000913202600001050710000009132000000000000000000000000000010000000000000000000102524360463433860387003515000000
0020020667670425003010011595590000000000356965783001000030000000043000000000043000000001000000010000008604002600001050710000009132026000010507100000091320025243604634338603870035150000
002011066767043000104163608598000000000018722184400400001030830004300004300002750002750008550000000100000001000000860400260000105071000000913202600001050710000009132100000000000000000000300000000000000000000000000002524360463433860387003515000000
002011066767074100104081340869000000000014131869530400001013140004300004300004300000000000000000000100000001000000860400260000105071000000913202600001050710000009132000000000000000000000019300000000000000000000000002524360463433860387003515000000
0020020667670753003010011595590000000000356965783001000030000000043000000000043000000001000000010000008604002600001050710000009132026000010507100000091320025243604634338603870035150000
0020020667670756003010011595590000000000356965783001000030000000043000000000043000000001000000010000008604002600001050710000009132026000010507100000091320025243604634338603870035150000
0020020667670781003010011595590000000000356965783001000030000000043000000000043000000001000000010000008604002600001050710000009132026000010507100000091320025243604634338603870035150000
0020020667671503003010011595590000000000356965783001000030000000043000000000043000000001000000010000008604002600001050710000009132026000010507100000091320025243604634338603870035150000
002011066767151000104082743207000000000002348877520400001011860004300004300004300000000000000000000100000001000000860400260000105071000000913202600001050710000009132000000000000000000000000000000000000000000000000002524360463433860387003515000000
0020020667671817003010011595590000000000356965783001000030000000043000000000043000000001000000010000008604002600001050710000009132026000010507100000091320025243604634338603870035150000
002011066767197600109006573143000000000010067894480100001052740004300004300004300000000000000000000100000001000000860400260000105071000000913202600001050710000009132000000000000000000000000000010000000000000000000202524360463433860387003515000000
005001066767326600301001159559000000000035696578300400001000150000
00300104000010000800034400000086040026000010507100000091320260000105071000000913206676732700000
00300101000030001300055900000086040026000010507100000091320260000105071000000913206676732700000
00300101000010000200008600000086040026000010507100000091320260000105071000000913206676732700000
001001026000008604000406676732700260000105071000000913202600001050710000009132020330457800100020000
005001066767327100301001159559000000000035696578300400001000150000
001001026000008604000306676732750260000105071000000913202600001050710000009132020330457800100020000
001001026000008604000206676737380260000105071000000913202600001050710000009132020330457800100020000
010001001026000010507100000091320000086040066767375100400000
02000100106676737590030100115955900000000003569657830026000010507100000091320007101000008604002600001050710000009132026000010507100000091320000
0210010300090000086040026000010507100000091320260000105071000000913206676737590000
0210010400320000086040026000010507100000091320260000105071000000913206676737590000
0210010900010000086040026000010507100000091320260000105071000000913206676737590000
0210011800070000086040026000010507100000091320260000105071000000913206676737590000
0210012500030000086040026000010507100000091320260000105071000000913206676737590000
010001001026000010507100000091320000086040066767376000500000
001001026000008604000106676737690000000105071000000000000000000000000000000000020330457800100020000
03400667656674000008604000005C06676566740667660732000008604004578I00001050710000105071010000017000430000000001000000010400000040004300000000010000000108000000700000000000000100000001
03400667654183000008604000005C06676541830667656666000008604004578V0000105071000010507101000002400043000000000100000001040000015000430000000001000000010612000010000000000000010000000108000000200000000000000100000001080000002000000000000001000000010800000020000000000000010000000108000000200000000000000100000001080000002000000000000001000000010800000020000000000000010000000108000000200000000000000100000001
