1000020260000086065003063600108005701953340024500000
001001026000008606500206676484100000000104979000000000000000000000000000000000000000000000000000000
010001001026000010497900000091940000086065066764841700100000
0350010667648431658100580000036900000001010000
010001001026000010497900000091940000086065066764843400200000
001001026000008606500306676484370260000104979000000919402600001049790000009194000000000000000020000
001001026000008606500406676484470260000104979000000919402600001049790000009194020350458000100020000
001001026000008606500506676484540260000104979000000919402600001049790000009194020350458000100020000
0020020667649722003010011259990000000000065810058801000030000000055500000000055500000001000000010000008606502600001049790000009194026000010497900000091940063600108005701953340024500000
0020020667650183003010011259990000000000065810058801000030000000055500000000055500000001000000010000008606502600001049790000009194026000010497900000091940063600108005701953340024500000
002011066765027700104086559516000000000015738885840400001003320005550005550005550000000000000000000100000001000000860650260000104979000000919402600001049790000009194000000000000000000000000000000000000000000000000006360010800570195334002450000000
0020020667650285003010011259990000000000065810058801000030000000055500000000055500000001000000010000008606502600001049790000009194026000010497900000091940063600108005701953340024500000
0020020667650390003010011259990000000000065810058801000030000000055500000000055500000001000000010000008606502600001049790000009194026000010497900000091940063600108005701953340024500000
0020020667650400003010011259990000000000065810058801000030000000055500000000055500000001000000010000008606502600001049790000009194026000010497900000091940063600108005701953340024500000
005001066765081400117059109256000000000029591877660400001000360000
0020020667650839003010011259990000000000065810058801000030000000055500000000055500000001000000010000008606502600001049790000009194026000010497900000091940063600108005701953340024500000
00200306676510970030100111048700000000000454514505070100300916000555000000000000000000010000000100000086065026000010497900000091940260000104979000000919400000000000000000000006360010800570195334002450000000
005001066765116300301001126464000000000008713374970400001000150000
005001066765116600301001126464000000000008713374970400001000150000
00200306676511670030100112646400000000000871337497070000301857000555000000000000000000010000000100000086065026000010497900000091940260000104979000000919400000000000000000000006360010800570195334002450000000
0020020667651502003010011259990000000000065810058801000030000000055500000000055500000001000000010000008606502600001049790000009194026000010497900000091940063600108005701953340024500000
0020020667651586003010011259990000000000065810058801000030000000055500000000055500000001000000010000008606502600001049790000009194026000010497900000091940063600108005701953340024500000
00200306676515940030100113272300000000001574156066070100300854000555000000000000000000010000000100000086065026000010497900000091940260000104979000000919400000000000000000000006360010800570195334002450000000
0020020667651644003010011259990000000000065810058801000030000000055500000000055500000001000000010000008606502600001049790000009194026000010497900000091940063600108005701953340024500000
0020020667651673003010011259990000000000065810058801000030000000055500000000055500000001000000010000008606502600001049790000009194026000010497900000091940063600108005701953340024500000
002011066765182700104079725431000000000026212178470400001018170005550005550005550000000000000000000100000001000000860650260000104979000000919402600001049790000009194000000000000000000000019300000000000000000000000006360010800570195334002450000000
0020020667651875003010011259990000000000065810058801000030000000055500000000055500000001000000010000008606502600001049790000009194026000010497900000091940063600108005701953340024500000
00300101000030001100061050000086065026000010497900000091940260000104979000000919406676531780000
00300104000010000200011100000086065026000010497900000091940260000104979000000919406676531780000
00300107010030000200000000000086065026000010497900000091940260000104979000000919406676531780000
00300107000030000100000000000086065026000010497900000091940260000104979000000919406676531780000
001001026000008606500406676531780260000104979000000919402600001049790000009194020350458000100120000
001001026000008606500506676538930260000104979000000919402600001049790000009194020350458000100120000
002011066765389700104165281456000000000024295030480400001064450005550005550004250004250008550000000100000001000000860650260000104979000000919402600001049790000009194100000000000000000000300000000000000000000000000006360010800570195334002450000000
0020020667653914003010011259990000000000065810058801000030000000055500000000055500000001000000010000008606502600001049790000009194026000010497900000091940063600108005701953340024500000
0020020667653920003010011259990000000000065810058801000030000000055500000000055500000001000000010000008606502600001049790000009194026000010497900000091940063600108005701953340024500000
0020020667653940003010011259990000000000065810058801000030000000055500000000055500000001000000010000008606502600001049790000009194026000010497900000091940063600108005701953340024500000
005001066765394700301000836051000000000010465683560400001000150000
005001066765395100301000836051000000000010465683560400001000150000
00200306676539530030100083605100000000001046568356070000310750000555000000000000000000010000000100000086065026000010497900000091940260000104979000000919400000000000000000000006360010800570195334002450000000
0020020667654229003010011259990000000000065810058801000030000000055500000000055500000001000000010000008606502600001049790000009194026000010497900000091940063600108005701953340024500000
005001066765477300305000442543000000000027357833210710003001360000
002011066765477300305000442543000000000027357833210400001001540005550005550005550000000000000000000100000001000000860650260000104979000000919402600001049790000009194000000000000000000000019300000000000000000000000006360010800570195334002450000000
005001066765512500301001101089000000000003222646970400001000150000
005001066765512700301001101089000000000003222646970400001000150000
00200306676551290030100110108900000000000322264697070000301605000555000000000000000000010000000100000086065026000010497900000091940260000104979000000919400000000000000000000006360010800570195334002450000000
0020020667655230003010011259990000000000065810058801000030000000055500000000055500000001000000010000008606502600001049790000009194026000010497900000091940063600108005701953340024500000
0020020667655234003010011259990000000000065810058801000030000000055500000000055500000001000000010000008606502600001049790000009194026000010497900000091940063600108005701953340024500000
005001066765527800104088509087000000000027145465041023001002300000
002011066765528500104088509087000000000027145465040400001002270005550005550005550000000000000000000100000001000000860650260000104979000000919402600001049790000009194000000000000000000000000000000000000000000000000006360010800570195334002450000000
0020020667655399003010011259990000000000065810058801000030000000055500000000055500000001000000010000008606502600001049790000009194026000010497900000091940063600108005701953340024500000
005001066765544000305000163181000000000026157475820710003001360000
002011066765544000305000163181000000000026157475820400001063720005550005550005550000000000000000000100000001000000860650260000104979000000919402600001049790000009194000000000000000000000000000000000000000000000000006360010800570195334002450000000
0020020667655531003010011259990000000000065810058801000030000000055500000000055500000001000000010000008606502600001049790000009194026000010497900000091940063600108005701953340024500000
0020020667655979003010011259990000000000065810058801000030000000055500000000055500000001000000010000008606502600001049790000009194026000010497900000091940063600108005701953340024500000
00200306676559840030400496182200000000003533700070080000300249000555000000000000000000010000000100000086065026000010497900000091940260000104979000000919400000000000000000000006360010800570195334002450000000
0020020667656171003010011259990000000000065810058801000030000000055500000000055500000001000000010000008606502600001049790000009194026000010497900000091940063600108005701953340024500000
0020020667656213003010011259990000000000065810058801000030000000055500000000055500000001000000010000008606502600001049790000009194026000010497900000091940063600108005701953340024500000
00300104000010000400022200000086065026000010497900000091940260000104979000000919406676574930000
00300101000030001100061050000086065026000010497900000091940260000104979000000919406676574930000
00300107000030000200000000000086065026000010497900000091940260000104979000000919406676574930000
00300108000030000100000000000086065026000010497900000091940260000104979000000919406676574930000
001001026000008606500406676574930260000104979000000919402600001049790000009194020350458000100020000
001001026000008606500506676594620260000104979000000919402600001049790000009194020350458000100020000
00200306676594840030400484486900000000001546008226080000302634000555000000000000000000010000000100000086065026000010497900000091940260000104979000000919400000000000000000000006360010800570195334002450000000
0020020667659618003010011259990000000000065810058801000030000000055500000000055500000001000000010000008606502600001049790000009194026000010497900000091940063600108005701953340024500000
0020020667659749003010011259990000000000065810058801000030000000055500000000055500000001000000010000008606502600001049790000009194026000010497900000091940063600108005701953340024500000
0020020667659887003010011259990000000000065810058801000030000000055500000000055500000001000000010000008606502600001049790000009194026000010497900000091940063600108005701953340024500000
0020020667659996003010011259990000000000065810058801000030000000055500000000055500000001000000010000008606502600001049790000009194026000010497900000091940063600108005701953340024500000
0020020667660030003010011259990000000000065810058801000030000000055500000000055500000001000000010000008606502600001049790000009194026000010497900000091940063600108005701953340024500000
0020020667660136003010011259990000000000065810058801000030000000055500000000055500000001000000010000008606502600001049790000009194026000010497900000091940063600108005701953340024500000
0020020667660558003010011259990000000000065810058801000030000000055500000000055500000001000000010000008606502600001049790000009194026000010497900000091940063600108005701953340024500000
0020020667660683003010011259990000000000065810058801000030000000055500000000055500000001000000010000008606502600001049790000009194026000010497900000091940063600108005701953340024500000
002011066766068800117009359526000000000038426388780400001077860005550005550005550000000000000000000100000001000000860650260000104979000000919402600001049790000009194000000000000000000000000000000000000000000000000006360010800570195334002450000000
002011066766106700104151374783000000000025374154960400001000800005550005550005550000000000000000000100000001000000860650260000104979000000919402600001049790000009194000000000000000000000000000000000000000000000000006360010800570195334002450000000
002011066766107600117059231711000000000031157352580400001007670005550005550005550000000000000000000100000001000000860650260000104979000000919402600001049790000009194000000000000000000000000000000000000000000000000006360010800570195334002450000000
0020020667661089003010011259990000000000065810058801000030000000055500000000055500000001000000010000008606502600001049790000009194026000010497900000091940063600108005701953340024500000
0020020667661100003010011259990000000000065810058801000030000000055500000000055500000001000000010000008606502600001049790000009194026000010497900000091940063600108005701953340024500000
0020020667661258003010011259990000000000065810058801000030000000055500000000055500000001000000010000008606502600001049790000009194026000010497900000091940063600108005701953340024500000
00300108000030000100000000000086065026000010497900000091940260000104979000000919406676625110000
00300101000030001100061050000086065026000010497900000091940260000104979000000919406676625110000
00300104000010000300016650000086065026000010497900000091940260000104979000000919406676625110000
001001026000008606500406676625110260000104979000000919402600001049790000009194020350458000100120000
001001026000008606500306676638570260000104979000000919402600001049790000009194020350458000100120000
001001026000008606500406676638640260000104979000000919402600001049790000009194020350458000100020000
001001026000008606500506676638720260000104979000000919402600001049790000009194020350458000100020000
002011066766388900109108232851000000000016269571280100001005430005550005550005550000000000000000000100000001000000860650260000104979000000919402600001049790000009194000000000000000000000000000000000000000000000000006360010800570195334002450000000
0020020667663984003010011259990000000000065810058801000030000000055500000000055500000001000000010000008606502600001049790000009194026000010497900000091940063600108005701953340024500000
00200306676640380030400285874900000000000333700124080000307288000555000000000000000000010000000100000086065026000010497900000091940260000104979000000919400000000000000000000006360010800570195334002450000000
002011066766406000104087877481000000000016626553040400001003330005550005550004250004250008550000000100000001000000860650260000104979000000919402600001049790000009194100000000000000000000300000000000000000000000000006360010800570195334002450000000
002011066766464900104164565299000000000024366858960400001009670005550005550005550000000000000000000100000001000000860650260000104979000000919402600001049790000009194000000000000000000000000000000000000000000000000006360010800570195334002450000000
0020020667665078003010011259990000000000065810058801000030000000055500000000055500000001000000010000008606502600001049790000009194026000010497900000091940063600108005701953340024500000
00200306676662230030400520121100000000003533114150080000300179000555000000000000000000010000000100000086065026000010497900000091940260000104979000000919400000000000000000000006360010800570195334002450000000
0020020667666348003010011259990000000000065810058801000030000000055500000000055500000001000000010000008606502600001049790000009194026000010497900000091940063600108005701953340024500000
0020020667668511003010011259990000000000065810058801000030000000055500000000055500000001000000010000008606502600001049790000009194026000010497900000091940063600108005701953340024500000
00200306676685190030400316876200000000002074759452080000302447000555000000000000000000010000000100000086065026000010497900000091940260000104979000000919400000000000000000000006360010800570195334002450000000
0020020667668593003010011259990000000000065810058801000030000000055500000000055500000001000000010000008606502600001049790000009194026000010497900000091940063600108005701953340024500000
0020020667668661003010011259990000000000065810058801000030000000055500000000055500000001000000010000008606502600001049790000009194026000010497900000091940063600108005701953340024500000
002011066766874100104086582101000000000015780060880400001009010005550005550005550000000000000000000100000001000000860650260000104979000000919402600001049790000009194000000000000000000000000000000000000000000000000006360010800570195334002450000000
0020020667668767003010011259990000000000065810058801000030000000055500000000055500000001000000010000008606502600001049790000009194026000010497900000091940063600108005701953340024500000
00200306676689500150300275034400000000002356101110061201500874000555000000000000000000010000000100000086065026000010497900000091940260000104979000000919400000000000000000000006360010800570195334002450000000
0020020667669037003010011259990000000000065810058801000030000000055500000000055500000001000000010000008606502600001049790000009194026000010497900000091940063600108005701953340024500000
0020020667669162003010011259990000000000065810058801000030000000055500000000055500000001000000010000008606502600001049790000009194026000010497900000091940063600108005701953340024500000
0020020667669171003010011259990000000000065810058801000030000000055500000000055500000001000000010000008606502600001049790000009194026000010497900000091940063600108005701953340024500000
00200306676691750030400292423700000000001962671948080000305622000555000000000000000000010000000100000086065026000010497900000091940260000104979000000919400000000000000000000006360010800570195334002450000000
0020020667669187003010011259990000000000065810058801000030000000055500000000055500000001000000010000008606502600001049790000009194026000010497900000091940063600108005701953340024500000
0020020667669196003010011259990000000000065810058801000030000000055500000000055500000001000000010000008606502600001049790000009194026000010497900000091940063600108005701953340024500000
00200306676695830030400530034100000000000252925129080000300267000555000000000000000000010000000100000086065026000010497900000091940260000104979000000919400000000000000000000006360010800570195334002450000000
00200306676696540030400502182300000000003533513478080000300633000555000000000000000000010000000100000086065026000010497900000091940260000104979000000919400000000000000000000006360010800570195334002450000000
0020020667669850003010011259990000000000065810058801000030000000055500000000055500000001000000010000008606502600001049790000009194026000010497900000091940063600108005701953340024500000
0020020667669986003010011259990000000000065810058801000030000000055500000000055500000001000000010000008606502600001049790000009194026000010497900000091940063600108005701953340024500000
0020020667670014003010011259990000000000065810058801000030000000055500000000055500000001000000010000008606502600001049790000009194026000010497900000091940063600108005701953340024500000
0020020667670300003010011259990000000000065810058801000030000000055500000000055500000001000000010000008606502600001049790000009194026000010497900000091940063600108005701953340024500000
0020020667670304003010011259990000000000065810058801000030000000055500000000055500000001000000010000008606502600001049790000009194026000010497900000091940063600108005701953340024500000
0020020667670377003010011259990000000000065810058801000030000000055500000000055500000001000000010000008606502600001049790000009194026000010497900000091940063600108005701953340024500000
002011066767041900104080821944000000000011098167530400001009740005550005550005550000000000000000000100000001000000860650260000104979000000919402600001049790000009194000000000000000000000019300000000000000000000000006360010800570195334002450000000
002011066767050600104083807578000000000009318602960400001008110005550005550005550000000000000000000100000001000000860650260000104979000000919402600001049790000009194000000000000000000000000000000000000000000000000006360010800570195334002450000000
00300101000010000100005550000086065026000010497900000091940260000104979000000919406676720410000
00300101000030001800099900000086065026000010497900000091940260000104979000000919406676720410000
00300108000030000600000000000086065026000010497900000091940260000104979000000919406676720410000
00300104000010000500027750000086065026000010497900000091940260000104979000000919406676720410000
00300106120150000100000000000086065026000010497900000091940260000104979000000919406676720410000
001001026000008606500406676720410260000104979000000919402600001049790000009194020350458000100120000
001001026000008606500306676720460260000104979000000919402600001049790000009194020350458000100120000
02000100106676720580030100112599900000000000658100588026000010497900000091940036901000008606502600001049790000009194026000010497900000091940000
0210010300080000086065026000010497900000091940260000104979000000919406676720580000
0210010400200000086065026000010497900000091940260000104979000000919406676720580000
0210010800050000086065026000010497900000091940260000104979000000919406676720580000
0210010900010000086065026000010497900000091940260000104979000000919406676720580000
0210011800040000086065026000010497900000091940260000104979000000919406676720580000
0210012500040000086065026000010497900000091940260000104979000000919406676720580000
010001001026000010497900000091940000086065066767205800500000
001001026000008606500206676720620260000104979000000919400000000000000000000000020350458000100120000
010001001026000010497900000091940000086065066767206900400000
001001026000008606500106676720750000000104979000000000000000000000000000000000020350458000100120000
03400667648454000008606500005C06676484540667653178000008606504580I0000104979000010497901000004100055500000000100000001040000009000555000000001000000010700000010000000000000010000000107010000200000000000000100000001
03400667653893000008606500005C06676538930667657493000008606504580V00001049790000104979010000011000555000000001000000010400000010004251000000010000000104000000300055500000000100000001070000002000000000000001000000010800000010000000000000010000000108000000100000000000000100000001080000001000000000000001000000010800000010000000000000010000000108000000100000000000000100000001080000001000000000000001000000010800000010000000000000010000000108000000100000000000000100000001080000001000000000000001000000010800000010000000000000010000000108000000100000000000000100000001080000001000000000000001000000010800000010000000000000010000000108000000100000000000000100000001
