1000020260000086173003063600108005701976540031500000
001001026000008617300206676250120000000088078000000000000000000000000000000000020290457400100000000
010001001026000008807800000080840000086173066762502200100000
0350010667625033389092810000116800000003010000
010001001026000008807800000080840000086173066762503500200000
001001026000008617300306676250400260000088078000000808402600000880780000008084020290457400100010000
001001026000008617300406676250470260000088078000000808402600000880780000008084020290457400100010000
005001066762578400301000949653000000000038909281860400001000150000
001001026000008617300506676257890260000088078000000808402600000880780000008084020290457400100010000
0020020667625801003010009496530000000000389092818601000030000000046500000000046500000001000000010000008617302600000880780000008084026000008807800000080840063600108005701976540031500000
0020020667625901003010009496530000000000389092818601000030000000046500000000046500000001000000010000008617302600000880780000008084026000008807800000080840063600108005701976540031500000
002011066762624700104150179791000000000026099571920400001000920004650004650004650000000000000000000100000001000000861730260000088078000000808402600000880780000008084000000000000000000000000000000000000000000000000006360010800570197654003150000000
0020020667626283003010009496530000000000389092818601000030000000046500000000046500000001000000010000008617302600000880780000008084026000008807800000080840063600108005701976540031500000
0020020667626501003010009496530000000000389092818601000030000000046500000000046500000001000000010000008617302600000880780000008084026000008807800000080840063600108005701976540031500000
002011066762658700104089108418000000000026757486800400001001420004650004650001550000000000000000000100000001000000861730260000088078000000808402600000880780000008084000000000000000000000000000000000000000000000000006360010800570197654003150000000
002011066762658700104089108418000000000026757486800400001001420004650004650003100000000000000000000100000001000000861730260000088078000000808402600000880780000008084000000000000000000000000000000000000000000000000006360010800570197654003150000000
00200306676266690030400275851500000000002423494602080000303813000465000000000000000000010000000100000086173026000008807800000080840260000088078000000808400000000000000000000006360010800570197654003150000000
0020020667627187003010009496530000000000389092818601000030000000046500000000046500000001000000010000008617302600000880780000008084026000008807800000080840063600108005701976540031500000
0020020667627223003010009496530000000000389092818601000030000000046500000000046500000001000000010000008617302600000880780000008084026000008807800000080840063600108005701976540031500000
002011066762740200104165000287000000000024322012880400001036000004650004650004650000000000000000000100000001000000861730260000088078000000808402600000880780000008084000000000000000000000000000000000000000000000000006360010800570197654003150000000
0020020667627770003010009496530000000000389092818601000030000000046500000000046500000001000000010000008617302600000880780000008084026000008807800000080840063600108005701976540031500000
005001066762826500301000949653000000000038909281860400001000150000
00300101000030000700032550000086173026000008807800000080840260000088078000000808406676282690000
00300104000010000300013950000086173026000008807800000080840260000088078000000808406676282690000
00300108000030000100000000000086173026000008807800000080840260000088078000000808406676282690000
001001026000008617300406676282690260000088078000000808402600000880780000008084020290457400100110000
005001066762827100301000949653000000000038909281860400001000150000
001001026000008617300306676282750260000088078000000808402600000880780000008084020290457400100110000
001001026000008617300406676293470260000088078000000808402600000880780000008084020290457400100110000
005001066762934800301000949653000000000038909281860400001000150000
001001026000008617300506676293540260000088078000000808402600000880780000008084020290457400100110000
002011066762937000104089163631000000000030762975440400001002400004650004650001450004600008550000000100000001000000861730260000088078000000808402600000880780000008084100000000000000000000300000000000000000000000000006360010800570197654003150000000
002011066762937000104089163631000000000030762975440400001002400004650004650003150004600008550000000100000001000000861730260000088078000000808402600000880780000008084100000000000000000000300000000000000000000000000006360010800570197654003150000000
0020020667629485003010009496530000000000389092818601000030000000046500000000046500000001000000010000008617302600000880780000008084026000008807800000080840063600108005701976540031500000
005001066762951601503003088432000000000005198806490614015000840000
00200306676295170150300308843200000000000519880649061301500794000465000000000000000000010000000100000086173026000008807800000080840260000088078000000808400000000000000000000006360010800570197654003150000000
0020020667629676003010009496530000000000389092818601000030000000046500000000046500000001000000010000008617302600000880780000008084026000008807800000080840063600108005701976540031500000
00200306676299960030400431950100000000002517649114080000302442000465000000000000000000010000000100000086173026000008807800000080840260000088078000000808400000000000000000000006360010800570197654003150000000
0020020667630013003010009496530000000000389092818601000030000000046500000000046500000001000000010000008617302600000880780000008084026000008807800000080840063600108005701976540031500000
00200306676300200030400525902100000000002523572666080000300190000465000000000000000000010000000100000086173026000008807800000080840260000088078000000808400000000000000000000006360010800570197654003150000000
0020020667630561003010009496530000000000389092818601000030000000046500000000046500000001000000010000008617302600000880780000008084026000008807800000080840063600108005701976540031500000
002011066763079400104160695562000000000026396224720400001045770004650004650004650000000000000000000100000001000000861730260000088078000000808402600000880780000008084000000000000000000000000000000000000000000000000006360010800570197654003150000000
00200306676309780030400446486100000000002517702426080000301403000465000000000000000000010000000100000086173026000008807800000080840260000088078000000808400000000000000000000006360010800570197654003150000000
00200306676310210150300162368300000000000658851164061201501593000465000000000000000000010000000100000086173026000008807800000080840260000088078000000808400000000000000000000006360010800570197654003150000000
005001066763171400301000949653000000000038909281860400001000150000
00300104000010000200009300000086173026000008807800000080840260000088078000000808406676317180000
00300101000030000400018600000086173026000008807800000080840260000088078000000808406676317180000
00300106130150000100000000000086173026000008807800000080840260000088078000000808406676317180000
00300108000030000300000000000086173026000008807800000080840260000088078000000808406676317180000
00300106120150000100000000000086173026000008807800000080840260000088078000000808406676317180000
001001026000008617300406676317180260000088078000000808402600000880780000008084020290457400100010000
005001066763172000301000949653000000000038909281860400001000150000
001001026000008617300306676317230260000088078000000808402600000880780000008084020290457400100010000
001001026000008617300406676324520260000088078000000808402600000880780000008084020290457400100010000
005001066763300500301000949653000000000038909281860400001000150000
001001026000008617300506676330110260000088078000000808402600000880780000008084020290457400100010000
00200306676331790030400531862100000000003533712086080000300045000465000000000000000000010000000100000086173026000008807800000080840260000088078000000808400000000000000000000006360010800570197654003150000000
0020020667633188003010009496530000000000389092818601000030000000046500000000046500000001000000010000008617302600000880780000008084026000008807800000080840063600108005701976540031500000
0020020667633197003010009496530000000000389092818601000030000000046500000000046500000001000000010000008617302600000880780000008084026000008807800000080840063600108005701976540031500000
0020020667633329003010009496530000000000389092818601000030000000046500000000046500000001000000010000008617302600000880780000008084026000008807800000080840063600108005701976540031500000
0020020667633332003010009496530000000000389092818601000030000000046500000000046500000001000000010000008617302600000880780000008084026000008807800000080840063600108005701976540031500000
0020020667633337003010009496530000000000389092818601000030000000046500000000046500000001000000010000008617302600000880780000008084026000008807800000080840063600108005701976540031500000
002011066763351500117005835714000000000017761249470400001044980004650004650004650000000000000000000100000001000000861730260000088078000000808402600000880780000008084000000000000000000000000000000000000000000000000006360010800570197654003150000000
002011066763430300104152146652000000000025775778000400001019840004650004650004650000000000000000000100000001000000861730260000088078000000808402600000880780000008084000000000000000000000000000000000000000000000000006360010800570197654003150000000
002011066763438600104157048021000000000026802317520400001102740004650004650004650000000000000000000100000001000000861730260000088078000000808402600000880780000008084000000000000000000000000000000000000000000000000006360010800570197654003150000000
00200306676344820030400487132700000000001546043026080000300440000465000000000000000000010000000100000086173026000008807800000080840260000088078000000808400000000000000000000006360010800570197654003150000000
0020020667634501003010009496530000000000389092818601000030000000046500000000046500000001000000010000008617302600000880780000008084026000008807800000080840063600108005701976540031500000
00200306676349130030400428237200000000002516598634080000304435000465000000000000000000010000000100000086173026000008807800000080840260000088078000000808400000000000000000000006360010800570197654003150000000
005001066763537800301001065066000000000011095411620400001000150000
00300108000030000300000000000086173026000008807800000080840260000088078000000808406676353800000
00300101000030000600027900000086173026000008807800000080840260000088078000000808406676353800000
00300104000010000300013950000086173026000008807800000080840260000088078000000808406676353800000
001001026000008617300406676353800260000088078000000808402600000880780000008084020290457400100110000
005001066763634600301000949653000000000038909281860400001000150000
001001026000008617300506676363520260000088078000000808402600000880780000008084020290457400100110000
002011066763635900109066660948000000000014077701840100001005860004650004650004600004600008550000000100000001000000861730260000088078000000808402600000880780000008084100000000000000000000300000000000000000000000000006360010800570197654003150000000
005001066763636400109107374651000000000012560814800100001000150000
005001066763636400109107374651000000000012560814800100001000150000
005001066763636600109107374651000000000012560814800100001000150000
005001066763636600109107374651000000000012560814800100001000150000
002011066763636800109107374651000000000012560814800100001000540004650004650004600004600008550000000100000001000000861730260000088078000000808402600000880780000008084100000000000000000000300000000000000000000000000006360010800570197654003150000000
00200306676363740030400526097600000000001982808034080000300417000465000000000000000000010000000100000086173026000008807800000080840260000088078000000808400000000000000000000006360010800570197654003150000000
00200306676363830030400361103800000000003173959628080000307157000465000000000000000000010000000100000086173026000008807800000080840260000088078000000808400000000000000000000006360010800570197654003150000000
00200306676363990030400373849600000000002049895916080000314812000465000000000000000000010000000100000086173026000008807800000080840260000088078000000808400000000000000000000006360010800570197654003150000000
0020020667636407003010009496530000000000389092818601000030000000046500000000046500000001000000010000008617302600000880780000008084026000008807800000080840063600108005701976540031500000
0020020667636420003010009496530000000000389092818601000030000000046500000000046500000001000000010000008617302600000880780000008084026000008807800000080840063600108005701976540031500000
0020020667636429003010009496530000000000389092818601000030000000046500000000046500000001000000010000008617302600000880780000008084026000008807800000080840063600108005701976540031500000
0020020667636457003010009496530000000000389092818601000030000000046500000000046500000001000000010000008617302600000880780000008084026000008807800000080840063600108005701976540031500000
0020020667636484003010009496530000000000389092818601000030000000046500000000046500000001000000010000008617302600000880780000008084026000008807800000080840063600108005701976540031500000
0020020667636491003010009496530000000000389092818601000030000000046500000000046500000001000000010000008617302600000880780000008084026000008807800000080840063600108005701976540031500000
0020020667636523003010009496530000000000389092818601000030000000046500000000046500000001000000010000008617302600000880780000008084026000008807800000080840063600108005701976540031500000
0020020667636533003010009496530000000000389092818601000030000000046500000000046500000001000000010000008617302600000880780000008084026000008807800000080840063600108005701976540031500000
002011066763655900104085161871000000000016936633040400001007120004650004650004650000000000000000000100000001000000861730260000088078000000808402600000880780000008084000000000000000000000000000000000000000000000000006360010800570197654003150000000
00200306676365870030400515920500000000003533764118080000300109000465000000000000000000010000000100000086173026000008807800000080840260000088078000000808400000000000000000000006360010800570197654003150000000
002011066763662000109006877274000000000010916025040100001039310004650004650004600004600008550000000100000001000000861730260000088078000000808402600000880780000008084100000000000000000000300000000000000000000000000006360010800570197654003150000000
0020020667636705003010009496530000000000389092818601000030000000046500000000046500000001000000010000008617302600000880780000008084026000008807800000080840063600108005701976540031500000
0020020667636717003010009496530000000000389092818601000030000000046500000000046500000001000000010000008617302600000880780000008084026000008807800000080840063600108005701976540031500000
0020020667636871003010009496530000000000389092818601000030000000046500000000046500000001000000010000008617302600000880780000008084026000008807800000080840063600108005701976540031500000
0020020667636883003010009496530000000000389092818601000030000000046500000000046500000001000000010000008617302600000880780000008084026000008807800000080840063600108005701976540031500000
0020020667637045003010009496530000000000389092818601000030000000046500000000046500000001000000010000008617302600000880780000008084026000008807800000080840063600108005701976540031500000
0020020667637053003010009496530000000000389092818601000030000000046500000000046500000001000000010000008617302600000880780000008084026000008807800000080840063600108005701976540031500000
0020020667637156003010009496530000000000389092818601000030000000046500000000046500000001000000010000008617302600000880780000008084026000008807800000080840063600108005701976540031500000
00200306676375220030400528583900000000001063436498080000300072000465000000000000000000010000000100000086173026000008807800000080840260000088078000000808400000000000000000000006360010800570197654003150000000
00200306676375330030400497752400000000001547829842080000300496000465000000000000000000010000000100000086173026000008807800000080840260000088078000000808400000000000000000000006360010800570197654003150000000
0020020667638067003010009496530000000000389092818601000030000000046500000000046500000001000000010000008617302600000880780000008084026000008807800000080840063600108005701976540031500000
0020020667638133003010009496530000000000389092818601000030000000046500000000046500000001000000010000008617302600000880780000008084026000008807800000080840063600108005701976540031500000
002011066763861100104089640934000000000027028365520400001000870004650004650004650000000000000000000100000001000000861730260000088078000000808402600000880780000008084000000000000000000000000000000000000000000000000006360010800570197654003150000000
005001066763971300301000949653000000000038909281860400001000150000
00300101000010000300013950000086173026000008807800000080840260000088078000000808406676397160000
00300108000030000600000000000086173026000008807800000080840260000088078000000808406676397160000
00300101000030001700079050000086173026000008807800000080840260000088078000000808406676397160000
00300104000010000200009300000086173026000008807800000080840260000088078000000808406676397160000
001001026000008617300406676397160260000088078000000808402600000880780000008084020290457400100010000
005001066763971700301000949653000000000038909281860400001000150000
001001026000008617300306676397210260000088078000000808402600000880780000008084020290457400100010000
001001026000008617300206676397260260000088078000000808402600000880780000008084020290457400100010000
010001001026000008807800000080840000086173066763973200400000
02000100106676397400030100094965300000000003890928186026000008807800000080840116803000008617302600000880780000008084026000008807800000080840000
0210010300130000086173026000008807800000080840260000088078000000808406676397400000
0210010400160000086173026000008807800000080840260000088078000000808406676397400000
0210010900010000086173026000008807800000080840260000088078000000808406676397400000
0210011000010000086173026000008807800000080840260000088078000000808406676397400000
0210011800020000086173026000008807800000080840260000088078000000808406676397400000
0210012500040000086173026000008807800000080840260000088078000000808406676397400000
010001001026000008807800000080840000086173066763974100500000
001001026000008617300106676397450000000088078000000000000000000000000000000000020290457400100010000
03400667625789000008617300005C06676257890667628269000008617304574I000008807800000880780100000130004650000000010000000104000000500046500000000100000001040000001000310000000001000000010400000010001550000000010000000108000000400000000000000100000001
03400667629354000008617300005C06676293540667631718000008617304574V00000880780000088078010000021000465000000001000000010400000030004650000000010000000104000000100031510000000100000001040000001000145100000001000000010612000010000000000000010000000106130000100000000000000100000001080000009000000000000001000000010800000090000000000000010000000108000000900000000000000100000001080000009000000000000001000000010800000090000000000000010000000108000000900000000000000100000001
