1000020260000086106003063600107318412139740025160000
001001026000008610600206676706990000000091996000000000000000000000000000000000020320457700100100000
010001001026000009199600000083030000086106066767072000100000
0350010667670731157344280000035800000002010000
010001001026000009199600000083030000086106066767073300200000
001001026000008610600306676707360260000091996000000830302600000919960000008303020320457700100120000
001001026000008610600406676707440260000091996000000830302600000919960000008303020320457700100120000
005001066767074600301001116728000000000015734428820400001000150000
001001026000008610600506676707510260000091996000000830302600000919960000008303020320457700100120000
005001066767121200301001133381000000000035313016540400001000150000
005001066767121400301001133381000000000035313016540400001000150000
00200306676712160030100113338100000000003531301654070000301433000555000000000000000000010000000100000086106026000009199600000083030260000091996000000830300000000000000000000006360010731841213974002516000000
0020020667671240003010011167280000000000157344288201000030000000055500000000055500000001000000010000008610602600000919960000008303026000009199600000083030063600107318412139740025160000
002011066767160000104150989441000000000024752049360400001011950005550005550005550000000000000000000100000001000000861060260000091996000000830302600000919960000008303000000000000000000000000000000000000000000000000006360010731841213974002516000000
005001066767245400305000433153000000000030276841620710003001360000
002011066767245400305000433153000000000030276841620400001005930005550005550005550000000000000000000100000001000000861060260000091996000000830302600000919960000008303000000000000000000000019300000000000000000000000006360010731841213974002516000000
005001066767357100301001116728000000000015734428820400001000150000
00300107000030000100000000000086106026000009199600000083030260000091996000000830306676735740000
00300101000030000100005550000086106026000009199600000083030260000091996000000830306676735740000
00300104000010000200011100000086106026000009199600000083030260000091996000000830306676735740000
001001026000008610600406676735740260000091996000000830302600000919960000008303020320457700100020000
005001066767357600301001116728000000000015734428820400001000150000
001001026000008610600306676735790260000091996000000830302600000919960000008303020320457700100020000
02000100106676735900030100111672800000000001573442882026000009199600000083030035802000008610602600000919960000008303026000009199600000083030000
0210010400030000086106026000009199600000083030260000091996000000830306676735900000
0210010800010000086106026000009199600000083030260000091996000000830306676735900000
0210012500020000086106026000009199600000083030260000091996000000830306676735900000
010001001026000009199600000083030000086106066767359000500000
001001026000008610600206676735930260000091996000000830300000000000000000000000020320457700100020000
010001001026000009199600000083030000086106066767360100400000
001001026000008610600106676736070000000091996000000000000000000000000000000000020320457700100020000
03400667670751000008610600005C06676707510667673574000008610604577V0000091996000009199601000000100055500000000100000001040000002000555000000001000000010700000010000000000000010000000107000000100000000000000100000001
