1000020260000086029003063600107318383295100035540000
001001026000008602900206676623990000000106944000000000000000000000000000000000000000000000000000000
010001001026000010694400000094670000086029066766256400100000
0350010667662577252514660000018300000001010000
010001001026000010694400000094670000086029066766257900200000
001001026000008602900306676625840260000106944000000946702600001069440000009467000000000000000030000
001001026000008602900406676631090260000106944000000946702600001069440000009467020340457900100030000
005001066766311000301001145159000000000002525146650400001000150000
001001026000008602900306676631140260000106944000000946702600001069440000009467020340457900100030000
001001026000008602900406676631230260000106944000000946702600001069440000009467020340457900100130000
005001066766312500301001145159000000000002525146650400001000150000
001001026000008602900506676631310260000106944000000946702600001069440000009467020340457900100130000
0020020667663143003010011451590000000000025251466501000030000000043000000000043000000001000000010000008602902600001069440000009467026000010694400000094670063600107318383295100035540000
0020020667663167003010011451590000000000025251466501000030000000043000000000043000000001000000010000008602902600001069440000009467026000010694400000094670063600107318383295100035540000
002011066766317200104151590222000000000026113736400400001001100004300004300004300000000000000000000100000001000000860290260000106944000000946702600001069440000009467000000000000000000000000000000000000000000000000006360010731838329510003554000000
002011066766317700104166054267000000000023730975440400001046620004300004300004300000000000000000000100000001000000860290260000106944000000946702600001069440000009467000000000000000000000000000000000000000000000000006360010731838329510003554000000
0020020667663202003010011451590000000000025251466501000030000000043000000000043000000001000000010000008602902600001069440000009467026000010694400000094670063600107318383295100035540000
0020020667663263003010011451590000000000025251466501000030000000043000000000043000000001000000010000008602902600001069440000009467026000010694400000094670063600107318383295100035540000
0020020667663285003010011451590000000000025251466501000030000000043000000000043000000001000000010000008602902600001069440000009467026000010694400000094670063600107318383295100035540000
0020020667663299003010011451590000000000025251466501000030000000043000000000043000000001000000010000008602902600001069440000009467026000010694400000094670063600107318383295100035540000
0020020667663319003010011451590000000000025251466501000030000000043000000000043000000001000000010000008602902600001069440000009467026000010694400000094670063600107318383295100035540000
0020020667663330003010011451590000000000025251466501000030000000043000000000043000000001000000010000008602902600001069440000009467026000010694400000094670063600107318383295100035540000
002011066766334000104089001397000000000030092183760400001005630004300004300004300000000000000000000100000001000000860290260000106944000000946702600001069440000009467000000000000000000000000000000000000000000000000006360010731838329510003554000000
002011066766334500104164921354000000000015192689360400001011600004300004300001450001450008550000000100000001000000860290260000106944000000946702600001069440000009467100000000000000000000300000000000000000000000000006360010731838329510003554000000
002011066766355500104085566837000000000018951148240400001008880004300004300004300000000000000000000100000001000000860290260000106944000000946702600001069440000009467000000000000000000000000000000000000000000000000006360010731838329510003554000000
0020020667663790003010011451590000000000025251466501000030000000043000000000043000000001000000010000008602902600001069440000009467026000010694400000094670063600107318383295100035540000
0020020667663909003010011451590000000000025251466501000030000000043000000000043000000001000000010000008602902600001069440000009467026000010694400000094670063600107318383295100035540000
00200306676642320030400355532400000000002138062540080000304727000430000000000000000000010000000100000086029026000010694400000094670260000106944000000946700000000000000000000006360010731838329510003554000000
0020020667664544003010011451590000000000025251466501000030000000043000000000043000000001000000010000008602902600001069440000009467026000010694400000094670063600107318383295100035540000
0020020667664567003010011451590000000000025251466501000030000000043000000000043000000001000000010000008602902600001069440000009467026000010694400000094670063600107318383295100035540000
0020020667664681003010011451590000000000025251466501000030000000043000000000043000000001000000010000008602902600001069440000009467026000010694400000094670063600107318383295100035540000
00200306676647490030400335298900000000000884960035080000306201000430000000000000000000010000000100000086029026000010694400000094670260000106944000000946700000000000000000000006360010731838329510003554000000
002011066766476000104084231203000000000009179149520400001007490004300004300004300000000000000000000100000001000000860290260000106944000000946702600001069440000009467000000000000000000000000000000000000000000000000006360010731838329510003554000000
0020020667665307003010011451590000000000025251466501000030000000043000000000043000000001000000010000008602902600001069440000009467026000010694400000094670063600107318383295100035540000
005001066766538800301001145159000000000002525146650400001000150000
00300101000030001400060200000086029026000010694400000094670260000106944000000946706676653920000
00300104000010000600025800000086029026000010694400000094670260000106944000000946706676653920000
00300108000030000200000000000086029026000010694400000094670260000106944000000946706676653920000
001001026000008602900406676653920260000106944000000946702600001069440000009467020340457900100030000
005001066766539400301001145159000000000002525146650400001000150000
001001026000008602900506676654000260000106944000000946702600001069440000009467020340457900100030000
00200306676654360030400415008500000000002659682163080000306858000430000000000000000000010000000100000086029026000010694400000094670260000106944000000946700000000000000000000006360010731838329510003554000000
0020020667665447003010011451590000000000025251466501000030000000043000000000043000000001000000010000008602902600001069440000009467026000010694400000094670063600107318383295100035540000
0020020667665454003010011451590000000000025251466501000030000000043000000000043000000001000000010000008602902600001069440000009467026000010694400000094670063600107318383295100035540000
0020020667665463003010011451590000000000025251466501000030000000043000000000043000000001000000010000008602902600001069440000009467026000010694400000094670063600107318383295100035540000
0020020667665590003010011451590000000000025251466501000030000000043000000000043000000001000000010000008602902600001069440000009467026000010694400000094670063600107318383295100035540000
0020020667665642003010011451590000000000025251466501000030000000043000000000043000000001000000010000008602902600001069440000009467026000010694400000094670063600107318383295100035540000
0020020667665742003010011451590000000000025251466501000030000000043000000000043000000001000000010000008602902600001069440000009467026000010694400000094670063600107318383295100035540000
002011066766582700104162906064000000000019401111760400001016950004300004300004300000000000000000000100000001000000860290260000106944000000946702600001069440000009467000000000000000000000000000000000000000000000000006360010731838329510003554000000
0020020667665832003010011451590000000000025251466501000030000000043000000000043000000001000000010000008602902600001069440000009467026000010694400000094670063600107318383295100035540000
0020020667666050003010011451590000000000025251466501000030000000043000000000043000000001000000010000008602902600001069440000009467026000010694400000094670063600107318383295100035540000
0020020667666060003010011451590000000000025251466501000030000000043000000000043000000001000000010000008602902600001069440000009467026000010694400000094670063600107318383295100035540000
0020020667666131003010011451590000000000025251466501000030000000043000000000043000000001000000010000008602902600001069440000009467026000010694400000094670063600107318383295100035540000
0020020667666141003010011451590000000000025251466501000030000000043000000000043000000001000000010000008602902600001069440000009467026000010694400000094670063600107318383295100035540000
0020020667666457003010011451590000000000025251466501000030000000043000000000043000000001000000010000008602902600001069440000009467026000010694400000094670063600107318383295100035540000
005001066766770300301001145159000000000002525146650400001000150000
00300108000030000100000000000086029026000010694400000094670260000106944000000946706676677070000
00300101000030001200051600000086029026000010694400000094670260000106944000000946706676677070000
00300104000010000100004300000086029026000010694400000094670260000106944000000946706676677070000
001001026000008602900406676677070260000106944000000946702600001069440000009467020340457900100130000
0020020667668147003010011451590000000000025251466501000030000000043000000000043000000001000000010000008602902600001069440000009467026000010694400000094670063600107318383295100035540000
0020020667668168003010011451590000000000025251466501000030000000043000000000043000000001000000010000008602902600001069440000009467026000010694400000094670063600107318383295100035540000
00200306676681750030400343241900000000002130385772080000306970000430000000000000000000010000000100000086029026000010694400000094670260000106944000000946700000000000000000000006360010731838329510003554000000
00200306676681860150300250997300000000003173355708061201500942000430000000000000000000010000000100000086029026000010694400000094670260000106944000000946700000000000000000000006360010731838329510003554000000
0020020667668198003010011451590000000000025251466501000030000000043000000000043000000001000000010000008602902600001069440000009467026000010694400000094670063600107318383295100035540000
0020020667668217003010011451590000000000025251466501000030000000043000000000043000000001000000010000008602902600001069440000009467026000010694400000094670063600107318383295100035540000
0020020667668231003010011451590000000000025251466501000030000000043000000000043000000001000000010000008602902600001069440000009467026000010694400000094670063600107318383295100035540000
005001066766824400104164131612000000000017710544080400001000150000
002011066766824500104164131612000000000017710544080400001028940004300004300004300000000000000000000100000001000000860290260000106944000000946702600001069440000009467000000000000000000000000000000000000000000000000006360010731838329510003554000000
002011066766839200104166586781000000000023190567120400001024970004300004300000000000000008550000000100000001000000860290260000106944000000946702600001069440000009467100000000000000000000300000000000000000000000000006360010731838329510003554000000
002011066766845700117044608091000000000041228578120400001056790004300004300004300000000000000000000100000001000000860290260000106944000000946702600001069440000009467000000000000000000000000000000000000000000000000006360010731838329510003554000000
005001066766846100301001145159000000000002525146650400001000150000
00300101000030000500021500000086029026000010694400000094670260000106944000000946706676684670000
00300108000030000100000000000086029026000010694400000094670260000106944000000946706676684670000
00300106120150000100000000000086029026000010694400000094670260000106944000000946706676684670000
00300104000010000300012900000086029026000010694400000094670260000106944000000946706676684670000
001001026000008602900506676684670260000106944000000946702600001069440000009467020340457900100130000
002011066766873500104088916189000000000029300885200400001003290004300004300004300000000000000000000100000001000000860290260000106944000000946702600001069440000009467000000000000000000000000000000000000000000000000006360010731838329510003554000000
002011066766874000104086728067000000000016602634960400001009600004300004300004300000000000000000000100000001000000860290260000106944000000946702600001069440000009467000000000000000000000000000000000000000000000000006360010731838329510003554000000
002011066766897700104164526781000000000022932611280400001019640004300004300004300000000000000000000100000001000000860290260000106944000000946702600001069440000009467000000000000000000000000000000000000000000000000006360010731838329510003554000000
00200306676690020020401675000100000000000325030322080000202141000430000000000000000000010000000100000086029026000010694400000094670260000106944000000946700000000000000000000006360010731838329510003554000000
0020020667669250003010011451590000000000025251466501000030000000043000000000043000000001000000010000008602902600001069440000009467026000010694400000094670063600107318383295100035540000
0020020667669259003010011451590000000000025251466501000030000000043000000000043000000001000000010000008602902600001069440000009467026000010694400000094670063600107318383295100035540000
0020020667669272003010011451590000000000025251466501000030000000043000000000043000000001000000010000008602902600001069440000009467026000010694400000094670063600107318383295100035540000
0020020667669593003010011451590000000000025251466501000030000000043000000000043000000001000000010000008602902600001069440000009467026000010694400000094670063600107318383295100035540000
0020020667669601003010011451590000000000025251466501000030000000043000000000043000000001000000010000008602902600001069440000009467026000010694400000094670063600107318383295100035540000
0020020667669608003010011451590000000000025251466501000030000000043000000000043000000001000000010000008602902600001069440000009467026000010694400000094670063600107318383295100035540000
002011066766966400109052398642000000000007856522960100001000680004300004300004300000000000000000000100000001000000860290260000106944000000946702600001069440000009467000000000000000000000000000000000000000000000000006360010731838329510003554000000
0020020667670219003010011451590000000000025251466501000030000000043000000000043000000001000000010000008602902600001069440000009467026000010694400000094670063600107318383295100035540000
00200306676702270030100116450100000000000658870588070100300176000430000000000000000000010000000100000086029026000010694400000094670260000106944000000946700000000000000000000006360010731838329510003554000000
0020020667670418003010011451590000000000025251466501000030000000043000000000043000000001000000010000008602902600001069440000009467026000010694400000094670063600107318383295100035540000
0020020667670428003010011451590000000000025251466501000030000000043000000000043000000001000000010000008602902600001069440000009467026000010694400000094670063600107318383295100035540000
002011066767053800117057930718000000000007545911290400001015050004300004300004300000000000000000000100000001000000860290260000106944000000946702600001069440000009467000000000000000000000000000000000000000000000000006360010731838329510003554000000
0020020667670554003010011451590000000000025251466501000030000000043000000000043000000001000000010000008602902600001069440000009467026000010694400000094670063600107318383295100035540000
0020020667670785003010011451590000000000025251466501000030000000043000000000043000000001000000010000008602902600001069440000009467026000010694400000094670063600107318383295100035540000
005001066767087800301001145159000000000002525146650400001000150000
00300104000010000400017200000086029026000010694400000094670260000106944000000946706676708820000
00300108000020000100000000000086029026000010694400000094670260000106944000000946706676708820000
00300101000030001100047300000086029026000010694400000094670260000106944000000946706676708820000
00300101000010000100004300000086029026000010694400000094670260000106944000000946706676708820000
00300107010030000100000000000086029026000010694400000094670260000106944000000946706676708820000
001001026000008602900406676708820260000106944000000946702600001069440000009467020340457900100030000
005001066767088300301001145159000000000002525146650400001000150000
001001026000008602900506676708930260000106944000000946702600001069440000009467020340457900100030000
002011066767091300104089472829000000000033082028240400001003460004300004300004300000000000000000000100000001000000860290260000106944000000946702600001069440000009467000000000000000000000000000000000000000000000000006360010731838329510003554000000
0020020667670954003010011451590000000000025251466501000030000000043000000000043000000001000000010000008602902600001069440000009467026000010694400000094670063600107318383295100035540000
0020020667670958003010011451590000000000025251466501000030000000043000000000043000000001000000010000008602902600001069440000009467026000010694400000094670063600107318383295100035540000
002011066767096200104156625211000000000027416533200400001000350004300004300004300000000000000000000100000001000000860290260000106944000000946702600001069440000009467000000000000000000000000000000000000000000000000006360010731838329510003554000000
0020020667670982003010011451590000000000025251466501000030000000043000000000043000000001000000010000008602902600001069440000009467026000010694400000094670063600107318383295100035540000
002011066767106600109064852114000000000011570980560100001000900004300004300004300000000000000000000100000001000000860290260000106944000000946702600001069440000009467000000000000000000000000000000000000000000000000006360010731838329510003554000000
0020020667671120003010011451590000000000025251466501000030000000043000000000043000000001000000010000008602902600001069440000009467026000010694400000094670063600107318383295100035540000
002011066767113000119009864529000000000040872050010400001012300004300004300004300000000000000000000100000001000000860290260000106944000000946702600001069440000009467000000000000000000000000000000000000000000000000006360010731838329510003554000000
0020020667671479003010011451590000000000025251466501000030000000043000000000043000000001000000010000008602902600001069440000009467026000010694400000094670063600107318383295100035540000
0020020667671493003010011451590000000000025251466501000030000000043000000000043000000001000000010000008602902600001069440000009467026000010694400000094670063600107318383295100035540000
0020020667671741003010011451590000000000025251466501000030000000043000000000043000000001000000010000008602902600001069440000009467026000010694400000094670063600107318383295100035540000
0020020667671750003010011451590000000000025251466501000030000000043000000000043000000001000000010000008602902600001069440000009467026000010694400000094670063600107318383295100035540000
005001066767299200301001145159000000000002525146650400001000150000
00300104000010000300012900000086029026000010694400000094670260000106944000000946706676729960000
00300101000030000800034400000086029026000010694400000094670260000106944000000946706676729960000
00300101000010000100004300000086029026000010694400000094670260000106944000000946706676729960000
001001026000008602900406676729960260000106944000000946702600001069440000009467020340457900100130000
00200306676732970030400365421700000000002601395733080000306210000430000000000000000000010000000100000086029026000010694400000094670260000106944000000946700000000000000000000006360010731838329510003554000000
0020020667673311003010011451590000000000025251466501000030000000043000000000043000000001000000010000008602902600001069440000009467026000010694400000094670063600107318383295100035540000
0020020667673332003010011451590000000000025251466501000030000000043000000000043000000001000000010000008602902600001069440000009467026000010694400000094670063600107318383295100035540000
002011066767334000109166354423000000000007202033360100001001860004300004300004300000000000000000000100000001000000860290260000106944000000946702600001069440000009467000000000000000000000000000000000000000000000000006360010731838329510003554000000
002011066767334700104165426276000000000014973194960400001057980004300004300004300000000000000000000100000001000000860290260000106944000000946702600001069440000009467000000000000000000000000000000000000000000000000006360010731838329510003554000000
0020020667673354003010011451590000000000025251466501000030000000043000000000043000000001000000010000008602902600001069440000009467026000010694400000094670063600107318383295100035540000
0020020667673372003010011451590000000000025251466501000030000000043000000000043000000001000000010000008602902600001069440000009467026000010694400000094670063600107318383295100035540000
0020020667673384003010011451590000000000025251466501000030000000043000000000043000000001000000010000008602902600001069440000009467026000010694400000094670063600107318383295100035540000
005001066767339001503002531359000000000024429193060614015000840000
00200306676733900150300253135900000000002442919306061301501917000430000000000000000000010000000100000086029026000010694400000094670260000106944000000946700000000000000000000006360010731838329510003554000000
0020020667673399015030025313590000000000244291930606140150113000043000000000000000000001000000010000008602902600001069440000009467026000010694400000094670063600107318383295100035540000
0020020667673404003010011451590000000000025251466501000030000000043000000000043000000001000000010000008602902600001069440000009467026000010694400000094670063600107318383295100035540000
002011066767342800104163807604000000000024058911440400001014020004300004300004300000000000000000000100000001000000860290260000106944000000946702600001069440000009467000000000000000000000000000000000000000000000000006360010731838329510003554000000
005001066767343700301001145159000000000002525146650400001000150000
00300108000030000100000000000086029026000010694400000094670260000106944000000946706676734430000
00300101000030000600025800000086029026000010694400000094670260000106944000000946706676734430000
00300101000010000100004300000086029026000010694400000094670260000106944000000946706676734430000
00300104000010000200008600000086029026000010694400000094670260000106944000000946706676734430000
00300106130150000100000000000086029026000010694400000094670260000106944000000946706676734430000
00300106140150000100000000000086029026000010694400000094670260000106944000000946706676734430000
001001026000008602900506676734430260000106944000000946702600001069440000009467020340457900100130000
002011066767374500104160956498000000000026969331920400001017310004300004300000000000000008550000000100000001000000860290260000106944000000946702600001069440000009467100000000000000000000300000000000000000000000000006360010731838329510003554000000
002011066767376900104150671393000000000025695742160400001001200004300004300004300000000000000000000100000001000000860290260000106944000000946702600001069440000009467000000000000000000000000000000000000000000000000006360010731838329510003554000000
002011066767393000104165742526000000000024222116560400001014080004300004300004100004100008550000000100000001000000860290260000106944000000946702600001069440000009467100000000000000000000300000000000000000000000000006360010731838329510003554000000
0020020667673947003010011451590000000000025251466501000030000000043000000000043000000001000000010000008602902600001069440000009467026000010694400000094670063600107318383295100035540000
002011066767403200117041083891000000000007342433830400001034110004300004300004300000000000000000000100000001000000860290260000106944000000946702600001069440000009467000000000000000000000000000000000000000000000000006360010731838329510003554000000
002011066767403500104156678454000000000027425183440400001000700004300004300004300000000000000000000100000001000000860290260000106944000000946702600001069440000009467000000000000000000000000000000000000000000000000006360010731838329510003554000000
0020020667674293003010011451590000000000025251466501000030000000043000000000043000000001000000010000008602902600001069440000009467026000010694400000094670063600107318383295100035540000
002011066767431000104163885214000000000024282916560400001026520004300004300004300000000000000000000100000001000000860290260000106944000000946702600001069440000009467000000000000000000000000000000000000000000000000006360010731838329510003554000000
005001066767431700301001100074000000000003233804410400001000150000
005001066767432000301001100074000000000003233804410400001000150000
00200306676743220030100110007400000000000323380441070000302249000430000000000000000000010000000100000086029026000010694400000094670260000106944000000946700000000000000000000006360010731838329510003554000000
0020020667674332003010011451590000000000025251466501000030000000043000000000043000000001000000010000008602902600001069440000009467026000010694400000094670063600107318383295100035540000
0020020667674338003010011451590000000000025251466501000030000000043000000000043000000001000000010000008602902600001069440000009467026000010694400000094670063600107318383295100035540000
0020020667674344003010011451590000000000025251466501000030000000043000000000043000000001000000010000008602902600001069440000009467026000010694400000094670063600107318383295100035540000
0020020667674917003010011451590000000000025251466501000030000000043000000000043000000001000000010000008602902600001069440000009467026000010694400000094670063600107318383295100035540000
0020020667674925003010011451590000000000025251466501000030000000043000000000043000000001000000010000008602902600001069440000009467026000010694400000094670063600107318383295100035540000
0020020667674944003010011451590000000000025251466501000030000000043000000000043000000001000000010000008602902600001069440000009467026000010694400000094670063600107318383295100035540000
00200306676749560030400504044500000000000455486745080000301289000430000000000000000000010000000100000086029026000010694400000094670260000106944000000946700000000000000000000006360010731838329510003554000000
002011066767519700109078303894000000000031791079120100001002420004300004300004300000000000000000000100000001000000860290260000106944000000946702600001069440000009467000000000000000000000000000000000000000000000000006360010731838329510003554000000
002011066767520100104088848515000000000029371825360400001002920004300004300004300000000000000000000100000001000000860290260000106944000000946702600001069440000009467000000000000000000000000000000000000000000000000006360010731838329510003554000000
00200306676753620030400472454500000000001548320242080000301322000430000000000000000000010000000100000086029026000010694400000094670260000106944000000946700000000000000000000006360010731838329510003554000000
002011066767557400117057725081000000000029730904860400001012890004300004300004300000000000000000000100000001000000860290260000106944000000946702600001069440000009467000000000000000000000000000000000000000000000000006360010731838329510003554000000
005001066767563100301001145159000000000002525146650400001000150000
00300104000010000800034400000086029026000010694400000094670260000106944000000946706676756350000
00300101000030000800034400000086029026000010694400000094670260000106944000000946706676756350000
00300107000030000100000000000086029026000010694400000094670260000106944000000946706676756350000
00300108000030000200000000000086029026000010694400000094670260000106944000000946706676756350000
00300101000010000100004300000086029026000010694400000094670260000106944000000946706676756350000
001001026000008602900406676756350260000106944000000946702600001069440000009467020340457900100030000
005001066767564000301001145159000000000002525146650400001000150000
001001026000008602900506676756470260000106944000000946702600001069440000009467020340457900100030000
0020020667675674003010011451590000000000025251466501000030000000043000000000043000000001000000010000008602902600001069440000009467026000010694400000094670063600107318383295100035540000
002011066767567800104152257772000000000025858033360400001007280004300004300004300000000000000000000100000001000000860290260000106944000000946702600001069440000009467000000000000000000000000000000000000000000000000006360010731838329510003554000000
0020020667675699003010011451590000000000025251466501000030000000043000000000043000000001000000010000008602902600001069440000009467026000010694400000094670063600107318383295100035540000
002011066767599200117011250382000000000024766668770400001049000004300004300004300000000000000000000100000001000000860290260000106944000000946702600001069440000009467000000000000000000000000000000000000000000000000006360010731838329510003554000000
005001066767603000104088636712000000000029298373840400001000340000
005001066767603300104088636712000000000029298373840400001000340000
002011066767603800109106951591000000000009672850640100001006190004300004300004300000000000000000000100000001000000860290260000106944000000946702600001069440000009467000000000000000000000000000010000000000000000000206360010731838329510003554000000
0020020667676074003010011451590000000000025251466501000030000000043000000000043000000001000000010000008602902600001069440000009467026000010694400000094670063600107318383295100035540000
002011066767637200104165709235000000000022755315920400001014280004300004300004300000000000000000000100000001000000860290260000106944000000946702600001069440000009467000000000000000000000000000000000000000000000000006360010731838329510003554000000
0020020667676448003010011451590000000000025251466501000030000000043000000000043000000001000000010000008602902600001069440000009467026000010694400000094670063600107318383295100035540000
0020020667676496003010011451590000000000025251466501000030000000043000000000043000000001000000010000008602902600001069440000009467026000010694400000094670063600107318383295100035540000
0020020667676689003010011451590000000000025251466501000030000000043000000000043000000001000000010000008602902600001069440000009467026000010694400000094670063600107318383295100035540000
002011066767709600104084070463000000000009221653200400001004590004300004300004300000000000000000000100000001000000860290260000106944000000946702600001069440000009467000000000000000000000000000000000000000000000000006360010731838329510003554000000
005001066767763600301001145159000000000002525146650400001000150000
00300101000030000600025800000086029026000010694400000094670260000106944000000946706676776390000
00300104000010000400017200000086029026000010694400000094670260000106944000000946706676776390000
00300101000010000100004300000086029026000010694400000094670260000106944000000946706676776390000
001001026000008602900406676776390260000106944000000946702600001069440000009467020340457900100130000
005001066767842000301001145159000000000002525146650400001000150000
001001026000008602900506676784260260000106944000000946702600001069440000009467020340457900100130000
002011066767844400104089373383000000000031555039440400001004490004300004300004300000000000000000000100000001000000860290260000106944000000946702600001069440000009467000000000000000000000000000000000000000000000000006360010731838329510003554000000
0020020667678457003010011451590000000000025251466501000030000000043000000000043000000001000000010000008602902600001069440000009467026000010694400000094670063600107318383295100035540000
002011066767846300104089197313000000000033114174160400001005190004300004300004300000000000000000000100000001000000860290260000106944000000946702600001069440000009467000000000000000000000000000000000000000000000000006360010731838329510003554000000
0020020667678475003010011451590000000000025251466501000030000000043000000000043000000001000000010000008602902600001069440000009467026000010694400000094670063600107318383295100035540000
002011066767849100117060034027000000000025054332330400001014780004300004300004300000000000000000000100000001000000860290260000106944000000946702600001069440000009467000000000000000000000000000000000000000000000000006360010731838329510003554000000
002011066767850600104088939928000000000028096469200400001004880004300004300004250004250008550000000100000001000000860290260000106944000000946702600001069440000009467100000000000000000000300000000000000000000000000006360010731838329510003554000000
002011066767853600104082805181000000000001890796240400001006280004300004300004300000000000000000000100000001000000860290260000106944000000946702600001069440000009467000000000000000000000000000000000000000000000000006360010731838329510003554000000
002011066767857100117059386586000000000014941124010400001013190004300004300004300000000000000000000100000001000000860290260000106944000000946702600001069440000009467000000000000000000000000000000000000000000000000006360010731838329510003554000000
0020020667679087003010011451590000000000025251466501000030000000043000000000043000000001000000010000008602902600001069440000009467026000010694400000094670063600107318383295100035540000
002011066767918500104089509617000000000031545531600400001000660004300004300003000003000008550000000100000001000000860290260000106944000000946702600001069440000009467100000000000000000000300000000000000000000000000006360010731838329510003554000000
0020020667679196003010011451590000000000025251466501000030000000043000000000043000000001000000010000008602902600001069440000009467026000010694400000094670063600107318383295100035540000
002011066768000500104150672195000000000025963907280400001001680004300004300004300000000000000000000100000001000000860290260000106944000000946702600001069440000009467000000000000000000000000000000000000000000000000006360010731838329510003554000000
005001066768047100301001145159000000000002525146650400001000150000
00300104000010000800034400000086029026000010694400000094670260000106944000000946706676804750000
00300101000030000400017200000086029026000010694400000094670260000106944000000946706676804750000
001001026000008602900406676804750260000106944000000946702600001069440000009467020340457900100030000
005001066768047700301001145159000000000002525146650400001000150000
001001026000008602900506676804830260000106944000000946702600001069440000009467020340457900100030000
0020020667680511003010011451590000000000025251466501000030000000043000000000043000000001000000010000008602902600001069440000009467026000010694400000094670063600107318383295100035540000
0020020667680932003010011451590000000000025251466501000030000000043000000000043000000001000000010000008602902600001069440000009467026000010694400000094670063600107318383295100035540000
0020020667680936003010011451590000000000025251466501000030000000043000000000043000000001000000010000008602902600001069440000009467026000010694400000094670063600107318383295100035540000
0020020667680949003010011451590000000000025251466501000030000000043000000000043000000001000000010000008602902600001069440000009467026000010694400000094670063600107318383295100035540000
0020020667681010003010011451590000000000025251466501000030000000043000000000043000000001000000010000008602902600001069440000009467026000010694400000094670063600107318383295100035540000
005001066768260800301001145159000000000002525146650400001000150000
00300101000030000500021500000086029026000010694400000094670260000106944000000946706676826120000
001001026000008602900406676826120260000106944000000946702600001069440000009467020340457900100130000
005001066768359800301001145159000000000002525146650400001000150000
001001026000008602900506676836040260000106944000000946702600001069440000009467020340457900100130000
0020020667683774003010011451590000000000025251466501000030000000043000000000043000000001000000010000008602902600001069440000009467026000010694400000094670063600107318383295100035540000
002011066768378500104083587985000000000011906588880400001010390004300004300004300000000000000000000100000001000000860290260000106944000000946702600001069440000009467000000000000000000000000000000000000000000000000006360010731838329510003554000000
0020020667683803003010011451590000000000025251466501000030000000043000000000043000000001000000010000008602902600001069440000009467026000010694400000094670063600107318383295100035540000
0020020667683811003010011451590000000000025251466501000030000000043000000000043000000001000000010000008602902600001069440000009467026000010694400000094670063600107318383295100035540000
0020020667683818003010011451590000000000025251466501000030000000043000000000043000000001000000010000008602902600001069440000009467026000010694400000094670063600107318383295100035540000
005001066768382200301001140254000000000002523444890400001000150000
005001066768382600301001140254000000000002523444890400001000150000
00200306676838270030100114025400000000000252344489070000301098000430000000000000000000010000000100000086029026000010694400000094670260000106944000000946700000000000000000000006360010731838329510003554000000
0020020667683835003010011451590000000000025251466501000030000000043000000000043000000001000000010000008602902600001069440000009467026000010694400000094670063600107318383295100035540000
0020020667683910003010011451590000000000025251466501000030000000043000000000043000000001000000010000008602902600001069440000009467026000010694400000094670063600107318383295100035540000
002011066768409900117045246337000000000011865222930400001027030004300004300004300000000000000000000100000001000000860290260000106944000000946702600001069440000009467000000000000000000000000000000000000000000000000006360010731838329510003554000000
002011066768419700104164244107000000000022912548560400001052250004300004300000000000000008550000000100000001000000860290260000106944000000946702600001069440000009467100000000000000000000300000000000000000000000000006360010731838329510003554000000
0020020667684459003010011451590000000000025251466501000030000000043000000000043000000001000000010000008602902600001069440000009467026000010694400000094670063600107318383295100035540000
002011066768455300104089085531000000000029320049360400001002320004300004300004300000000000000000000100000001000000860290260000106944000000946702600001069440000009467000000000000000000000000000000000000000000000000006360010731838329510003554000000
00200306676845610030400502246300000000003533030134080000300470000430000000000000000000010000000100000086029026000010694400000094670260000106944000000946700000000000000000000006360010731838329510003554000000
005001066768638500301001145159000000000002525146650400001000150000
00300101000030000700030100000086029026000010694400000094670260000106944000000946706676863890000
00300104000010000400017200000086029026000010694400000094670260000106944000000946706676863890000
00300107000030000100000000000086029026000010694400000094670260000106944000000946706676863890000
00300108000030000100000000000086029026000010694400000094670260000106944000000946706676863890000
001001026000008602900406676863890260000106944000000946702600001069440000009467020340457900100030000
005001066768639000301001145159000000000002525146650400001000150000
001001026000008602900306676863940260000106944000000946702600001069440000009467020340457900100030000
02000100106677000070030100114515900000000000252514665026000010694400000094670018301000008602902600001069440000009467026000010694400000094670000
0210010300090000086029026000010694400000094670260000106944000000946706677000070000
0210010400710000086029026000010694400000094670260000106944000000946706677000070000
0210010800030000086029026000010694400000094670260000106944000000946706677000070000
0210010900010000086029026000010694400000094670260000106944000000946706677000070000
0210011000010000086029026000010694400000094670260000106944000000946706677000070000
0210011100010000086029026000010694400000094670260000106944000000946706677000070000
0210011800090000086029026000010694400000094670260000106944000000946706677000070000
0210012500170000086029026000010694400000094670260000106944000000946706677000070000
010001001026000010694400000094670000086029066770000700500000
005001066770113600301001145159000000000002525146651011003000150000
001001026000008602900206677011380260000106944000000946700000000000000000000000020340457900100030000
010001001026000010694400000094670000086029066770115200400000
001001026000008602900106677011580000000106944000000000000000000000000000000000020340457900100030000
03400667665400000008602900005C06676654000667667707000008602904579I00001069440000106944010000033000430000000001000000010400000080004300000000010000000108000000100000000000000100000001
03400667663131000008602900005C06676631310667665392000008602904579V0000106944000010694401000004600043000000000100000001040000024000430000000001000000010400000010001451000000010000000108000000600000000000000100000001080000006000000000000001000000010800000060000000000000010000000108000000600000000000000100000001080000006000000000000001000000010800000060000000000000010000000108000000600000000000000100000001080000006000000000000001000000010800000060000000000000010000000108000000600000000000000100000001080000006000000000000001000000010800000060000000000000010000000108000000600000000000000100000001080000006000000000000001000000010800000060000000000000010000000108000000600000000000000100000001080000006000000000000001000000010800000060000000000000010000000108000000600000000000000100000001
