1000020260000086053003025243604634338621790033090000
001001026000008605300206676770120000000106572000000000000000000000000000000000020320457700100000000
010001001026000010657200000092820000086053066767702500100000
0350010667677039253208420000021900000002010000
010001001026000010657200000092820000086053066767704100200000
001001026000008605300306676770500260000106572000000928202600001065720000009282020320457700100020000
001001026000008605300406676770600260000106572000000928202600001065720000009282020320457700100020000
005001066767706200301001141791000000000002532084250400001000150000
001001026000008605300306676770660260000106572000000928202600001065720000009282020320457700100020000
001001026000008605300406676770750260000106572000000928202600001065720000009282020320457700100120000
005001066767707700301001141791000000000002532084250400001000150000
001001026000008605300506676770830260000106572000000928202600001065720000009282020320457700100120000
002011066767751800104163985103000000000022909207760400001018080005550005550005550000000000000000000100000001000000860530260000106572000000928202600001065720000009282000000000000000000000000000000000000000000000000002524360463433862179003309000000
0020020667678028003010011417910000000000025320842501000030000000055500000000055500000001000000010000008605302600001065720000009282026000010657200000092820025243604634338621790033090000
005001066767920900301001141791000000000002532084250400001000150000
00300104000010000100005550000086053026000010657200000092820260000106572000000928206676792140000
00300101000030000100005550000086053026000010657200000092820260000106572000000928206676792140000
001001026000008605300406676792140260000106572000000928202600001065720000009282020320457700100020000
005001066767921500301001141791000000000002532084250400001000150000
001001026000008605300306676792190260000106572000000928202600001065720000009282020320457700100020000
02000100106676792300030100114179100000000000253208425026000010657200000092820021902000008605302600001065720000009282026000010657200000092820000
0210010400010000086053026000010657200000092820260000106572000000928206676792300000
010001001026000010657200000092820000086053066767923000500000
001001026000008605300206676792360260000106572000000928200000000000000000000000020320457700100020000
010001001026000010657200000092820000086053066767924300400000
001001026000008605300106676792490000000106572000000000000000000000000000000000020320457700100020000
03400667677083000008605300005C06676770830667679214000008605304577V000010657200001065720100000010005550000000010000000104000000100055500000000100000001
