1000020260000086260003025243604634338678110035960000
001001026000008626000206676657190000000083446000000000000000000000000000000000000000000000000000000
010001001026000008344600000078400000086260066766572700100000
0350010667665739888517410000125500000001010000
010001001026000008344600000078400000086260066766574100200000
001001026000008626000306676657450260000083446000000784002600000834460000007840000000000000000020000
001001026000008626000406676657520260000083446000000784002600000834460000007840020290457400100020000
001001026000008626000506676657580260000083446000000784002600000834460000007840020290457400100020000
0020020667666586003010009051330000000000088851741101000030000000046500000000046500000001000000010000008626002600000834460000007840026000008344600000078400025243604634338678110035960000
0020020667666589003010009051330000000000088851741101000030000000046500000000046500000001000000010000008626002600000834460000007840026000008344600000078400025243604634338678110035960000
0020020667666701003010009051330000000000088851741101000030000000046500000000046500000001000000010000008626002600000834460000007840026000008344600000078400025243604634338678110035960000
0020020667666737003010009051330000000000088851741101000030000000046500000000046500000001000000010000008626002600000834460000007840026000008344600000078400025243604634338678110035960000
0020020667666777003010009051330000000000088851741101000030000000046500000000046500000001000000010000008626002600000834460000007840026000008344600000078400025243604634338678110035960000
0020020667667022003010009051330000000000088851741101000030000000046500000000046500000001000000010000008626002600000834460000007840026000008344600000078400025243604634338678110035960000
00200306676671530030400479881600000000001545931026080000301483000465000000000000000000010000000100000086260026000008344600000078400260000083446000000784000000000000000000000002524360463433867811003596000000
0020020667667177003010009051330000000000088851741101000030000000046500000000046500000001000000010000008626002600000834460000007840026000008344600000078400025243604634338678110035960000
0020020667667181003010009051330000000000088851741101000030000000046500000000046500000001000000010000008626002600000834460000007840026000008344600000078400025243604634338678110035960000
002011066766719400117051422541000000000028918432210400001016870004650004650004650000000000000000000100000001000000862600260000083446000000784002600000834460000007840000000000000000000000000000000000000000000000000002524360463433867811003596000000
0020020667667269003010009051330000000000088851741101000030000000046500000000046500000001000000010000008626002600000834460000007840026000008344600000078400025243604634338678110035960000
0020020667667581003010009051330000000000088851741101000030000000046500000000046500000001000000010000008626002600000834460000007840026000008344600000078400025243604634338678110035960000
002011066766777400104085433578000000000016876288720400001004820004650004650004650000000000000000000100000001000000862600260000083446000000784002600000834460000007840000000000000000000000000000000000000000000000000002524360463433867811003596000000
0020020667667782003010009051330000000000088851741101000030000000046500000000046500000001000000010000008626002600000834460000007840026000008344600000078400025243604634338678110035960000
0020020667667792003010009051330000000000088851741101000030000000046500000000046500000001000000010000008626002600000834460000007840026000008344600000078400025243604634338678110035960000
002011066766786600104086952641000000000016627262160400001013640004650004650004650000000000000000000100000001000000862600260000083446000000784002600000834460000007840000000000000000000000000000000000000000000000000002524360463433867811003596000000
0020020667667881003010009051330000000000088851741101000030000000046500000000046500000001000000010000008626002600000834460000007840026000008344600000078400025243604634338678110035960000
0020020667668297003010009051330000000000088851741101000030000000046500000000046500000001000000010000008626002600000834460000007840026000008344600000078400025243604634338678110035960000
005001066766830700109166140792000000000006034266321023001002300000
002011066766831000109166140792000000000006034266320100001059920004650004650004650000000000000000000100000001000000862600260000083446000000784002600000834460000007840000000000000000000000000000010000000000000000000102524360463433867811003596000000
0020020667668316003010009051330000000000088851741101000030000000046500000000046500000001000000010000008626002600000834460000007840026000008344600000078400025243604634338678110035960000
0020020667668322003010009051330000000000088851741101000030000000046500000000046500000001000000010000008626002600000834460000007840026000008344600000078400025243604634338678110035960000
0020020667668332003010009051330000000000088851741101000030000000046500000000046500000001000000010000008626002600000834460000007840026000008344600000078400025243604634338678110035960000
0020020667668351003010009051330000000000088851741101000030000000046500000000046500000001000000010000008626002600000834460000007840026000008344600000078400025243604634338678110035960000
0020020667668372003010009051330000000000088851741101000030000000046500000000046500000001000000010000008626002600000834460000007840026000008344600000078400025243604634338678110035960000
0020020667668383003010009051330000000000088851741101000030000000046500000000046500000001000000010000008626002600000834460000007840026000008344600000078400025243604634338678110035960000
0020020667668393003010009051330000000000088851741101000030000000046500000000046500000001000000010000008626002600000834460000007840026000008344600000078400025243604634338678110035960000
002011066766840000104078787912000000000009729721970400001017660004650004650004650000000000000000000100000001000000862600260000083446000000784002600000834460000007840000000000000000000000019300000000000000000000000002524360463433867811003596000000
0020020667668406003010009051330000000000088851741101000030000000046500000000046500000001000000010000008626002600000834460000007840026000008344600000078400025243604634338678110035960000
0020020667668413003010009051330000000000088851741101000030000000046500000000046500000001000000010000008626002600000834460000007840026000008344600000078400025243604634338678110035960000
002011066766841900104164325034000000000024317896400400001027150004650004650004650000000000000000000100000001000000862600260000083446000000784002600000834460000007840000000000000000000000000000000000000000000000000002524360463433867811003596000000
0020020667668425003010009051330000000000088851741101000030000000046500000000046500000001000000010000008626002600000834460000007840026000008344600000078400025243604634338678110035960000
0020020667668429003010009051330000000000088851741101000030000000046500000000046500000001000000010000008626002600000834460000007840026000008344600000078400025243604634338678110035960000
002011066766843400104152592989000000000024917056720400001011780004650004650004650000000000000000000100000001000000862600260000083446000000784002600000834460000007840000000000000000000000000000000000000000000000000002524360463433867811003596000000
002011066766855100117057508773000000000018663052860400001002830004650004650004650000000000000000000100000001000000862600260000083446000000784002600000834460000007840000000000000000000000000000000000000000000000000002524360463433867811003596000000
0020020667668853003010009051330000000000088851741101000030000000046500000000046500000001000000010000008626002600000834460000007840026000008344600000078400025243604634338678110035960000
002011066766893000104150792591000000000025902042320400001002780004650004650004650000000000000000000100000001000000862600260000083446000000784002600000834460000007840000000000000000000000000000000000000000000000000002524360463433867811003596000000
002011066766897900104158992091000000000025649398480400001039830004650004650004600004600008550000000100000001000000862600260000083446000000784002600000834460000007840100000000000000000000300000000000000000000000000002524360463433867811003596000000
00300101000030002600120900000086260026000008344600000078400260000083446000000784006676696490000
00300108000030000100000000000086260026000008344600000078400260000083446000000784006676696490000
00300104000010000900041850000086260026000008344600000078400260000083446000000784006676696490000
00300101000010000100004650000086260026000008344600000078400260000083446000000784006676696490000
001001026000008626000406676696490260000083446000000784002600000834460000007840020290457400100120000
001001026000008626000506676696550260000083446000000784002600000834460000007840020290457400100120000
002011066766998800104152778381000000000024814070480400001011820004650004650004650000000000000000000100000001000000862600260000083446000000784002600000834460000007840000000000000000000000000000000000000000000000000002524360463433867811003596000000
0020020667669998003010009051330000000000088851741101000030000000046500000000046500000001000000010000008626002600000834460000007840026000008344600000078400025243604634338678110035960000
0020020667670011003010009051330000000000088851741101000030000000046500000000046500000001000000010000008626002600000834460000007840026000008344600000078400025243604634338678110035960000
0020020667670024003010009051330000000000088851741101000030000000046500000000046500000001000000010000008626002600000834460000007840026000008344600000078400025243604634338678110035960000
0020020667670036003010009051330000000000088851741101000030000000046500000000046500000001000000010000008626002600000834460000007840026000008344600000078400025243604634338678110035960000
00200306676701560030400357396900000000003398533286080000304290000465000000000000000000010000000100000086260026000008344600000078400260000083446000000784000000000000000000000002524360463433867811003596000000
002011066767021300104084601744000000000016032090320400001007860004650004650004650000000000000000000100000001000000862600260000083446000000784002600000834460000007840000000000000000000000000000000000000000000000000002524360463433867811003596000000
0020020667670223003010009051330000000000088851741101000030000000046500000000046500000001000000010000008626002600000834460000007840026000008344600000078400025243604634338678110035960000
0020020667670328003010009051330000000000088851741101000030000000046500000000046500000001000000010000008626002600000834460000007840026000008344600000078400025243604634338678110035960000
0020020667670337003010009051330000000000088851741101000030000000046500000000046500000001000000010000008626002600000834460000007840026000008344600000078400025243604634338678110035960000
0020020667670341003010009051330000000000088851741101000030000000046500000000046500000001000000010000008626002600000834460000007840026000008344600000078400025243604634338678110035960000
0020020667670350003010009051330000000000088851741101000030000000046500000000046500000001000000010000008626002600000834460000007840026000008344600000078400025243604634338678110035960000
00200306676709160030400421028200000000000450226219080000301860000465000000000000000000010000000100000086260026000008344600000078400260000083446000000784000000000000000000000002524360463433867811003596000000
00200306676709270030400488364300000000000456458649080000300624000465000000000000000000010000000100000086260026000008344600000078400260000083446000000784000000000000000000000002524360463433867811003596000000
00200306676709340150300311595200000000000572383779061201500413000465000000000000000000010000000100000086260026000008344600000078400260000083446000000784000000000000000000000002524360463433867811003596000000
00300104000010000200009300000086260026000008344600000078400260000083446000000784006676724600000
00300101000030000900041850000086260026000008344600000078400260000083446000000784006676724600000
00300108000030000300000000000086260026000008344600000078400260000083446000000784006676724600000
00300106120150000100000000000086260026000008344600000078400260000083446000000784006676724600000
001001026000008626000406676724600260000083446000000784002600000834460000007840020290457400100020000
001001026000008626000506676735140260000083446000000784002600000834460000007840020290457400100020000
005001066767366200305000303081000000000019474247581001003000150000
00200306676736640030500030308100000000001947424758071000301285000465000000000000000000010000000100000086260026000008344600000078400260000083446000000784000000000000000000000002524360463433867811003596000000
002011066767457300104164627189000000000024080553680400001019580004650004650004650000000000000000000100000001000000862600260000083446000000784002600000834460000007840000000000000000000000000000000000000000000000000002524360463433867811003596000000
005001066767477000104089821157000000000017065129680400001000340000
005001066767477200104089821157000000000017065129680400001000340000
0020020667674814003010009051330000000000088851741101000030000000046500000000046500000001000000010000008626002600000834460000007840026000008344600000078400025243604634338678110035960000
0020020667674824003010009051330000000000088851741101000030000000046500000000046500000001000000010000008626002600000834460000007840026000008344600000078400025243604634338678110035960000
0020020667674841003010009051330000000000088851741101000030000000046500000000046500000001000000010000008626002600000834460000007840026000008344600000078400025243604634338678110035960000
0020020667675330003010009051330000000000088851741101000030000000046500000000046500000001000000010000008626002600000834460000007840026000008344600000078400025243604634338678110035960000
0020020667675333003010009051330000000000088851741101000030000000046500000000046500000001000000010000008626002600000834460000007840026000008344600000078400025243604634338678110035960000
0020020667675342003010009051330000000000088851741101000030000000046500000000046500000001000000010000008626002600000834460000007840026000008344600000078400025243604634338678110035960000
0020020667675352003010009051330000000000088851741101000030000000046500000000046500000001000000010000008626002600000834460000007840026000008344600000078400025243604634338678110035960000
0020020667675359003010009051330000000000088851741101000030000000046500000000046500000001000000010000008626002600000834460000007840026000008344600000078400025243604634338678110035960000
0020020667675373003010009051330000000000088851741101000030000000046500000000046500000001000000010000008626002600000834460000007840026000008344600000078400025243604634338678110035960000
0020020667675463003010009051330000000000088851741101000030000000046500000000046500000001000000010000008626002600000834460000007840026000008344600000078400025243604634338678110035960000
002011066767554300104156794705000000000026379743440400001000330004650004650004650000000000000000000100000001000000862600260000083446000000784002600000834460000007840000000000000000000000000000000000000000000000000002524360463433867811003596000000
0020020667675590003010009051330000000000088851741101000030000000046500000000046500000001000000010000008626002600000834460000007840026000008344600000078400025243604634338678110035960000
0020020667675593003010009051330000000000088851741101000030000000046500000000046500000001000000010000008626002600000834460000007840026000008344600000078400025243604634338678110035960000
0020020667675602003010009051330000000000088851741101000030000000046500000000046500000001000000010000008626002600000834460000007840026000008344600000078400025243604634338678110035960000
0020020667675616003010009051330000000000088851741101000030000000046500000000046500000001000000010000008626002600000834460000007840026000008344600000078400025243604634338678110035960000
0020020667675718003010009051330000000000088851741101000030000000046500000000046500000001000000010000008626002600000834460000007840026000008344600000078400025243604634338678110035960000
0020020667675971003010009051330000000000088851741101000030000000046500000000000000000001000000011000008626002600000834460000007840026000008344600000078400025243604634338678110035960000
0040010306676759860000
00300107100030000100000000000086260026000008344600000078400260000083446000000784006676765300000
00300104000010000200009300000086260026000008344600000078400260000083446000000784006676765300000
00300101000030001500069750000086260026000008344600000078400260000083446000000784006676765300000
001001026000008626000406676765300260000083446000000784002600000834460000007840020290457400100120000
001001026000008626000506676765360260000083446000000784002600000834460000007840020290457400100120000
00200306676767440030400261053400000000003415669444080000301812000465000000000000000000010000000100000086260026000008344600000078400260000083446000000784000000000000000000000002524360463433867811003596000000
002011066767675400104157572961000000000027562453200400001000110004650004650003000003000008550000000100000001000000862600260000083446000000784002600000834460000007840100000000000000000000300000000000000000000000000002524360463433867811003596000000
00200306676767590030400483935100000000001545889762080000300383000465000000000000000000010000000100000086260026000008344600000078400260000083446000000784000000000000000000000002524360463433867811003596000000
002011066767677300109166140792000000000006034266320100001059930004650004650004650000000000000000000100000001000000862600260000083446000000784002600000834460000007840000000000000000000000000000010000000000000000000102524360463433867811003596000000
0020020667676789003010009051330000000000088851741101000030000000046500000000046500000001000000010000008626002600000834460000007840026000008344600000078400025243604634338678110035960000
0020020667676820003010009051330000000000088851741101000030000000046500000000046500000001000000010000008626002600000834460000007840026000008344600000078400025243604634338678110035960000
0020020667676827003010009051330000000000088851741101000030000000046500000000046500000001000000010000008626002600000834460000007840026000008344600000078400025243604634338678110035960000
005001066767683900117051422541000000000028918432211023001000150000
002011066767684000117051422541000000000028918432210400001016880004650004650004650000000000000000000100000001000000862600260000083446000000784002600000834460000007840000000000000000000000000000000000000000000000000002524360463433867811003596000000
0020020667676860003010009051330000000000088851741101000030000000046500000000046500000001000000010000008626002600000834460000007840026000008344600000078400025243604634338678110035960000
00200306676768690030100107492800000000001110127642070100302199000465000000000000000000010000000100000086260026000008344600000078400260000083446000000784000000000000000000000002524360463433867811003596000000
0020020667676932003010009051330000000000088851741101000030000000046500000000046500000001000000010000008626002600000834460000007840026000008344600000078400025243604634338678110035960000
00200306676777890030400534034100000000001544333122080000300017000465000000000000000000010000000100000086260026000008344600000078400260000083446000000784000000000000000000000002524360463433867811003596000000
00300108000030000300000000000086260026000008344600000078400260000083446000000784006676794390000
00300104000010000200009300000086260026000008344600000078400260000083446000000784006676794390000
00300101000010000100004650000086260026000008344600000078400260000083446000000784006676794390000
00300101000030000500023250000086260026000008344600000078400260000083446000000784006676794390000
00300107010030000100000000000086260026000008344600000078400260000083446000000784006676794390000
001001026000008626000406676794390260000083446000000784002600000834460000007840020290457400100020000
001001026000008626000306676794440260000083446000000784002600000834460000007840020290457400100020000
02000100106676794540030100090513300000000000888517411026000008344600000078400125501000008626002600000834460000007840026000008344600000078400000
0210010300070000086260026000008344600000078400260000083446000000784006676794540000
0210010400320000086260026000008344600000078400260000083446000000784006676794540000
0210010500010000086260026000008344600000078400260000083446000000784006676794540000
0210010800010000086260026000008344600000078400260000083446000000784006676794540000
0210010900010000086260026000008344600000078400260000083446000000784006676794540000
0210011800040000086260026000008344600000078400260000083446000000784006676794540000
0210012500030000086260026000008344600000078400260000083446000000784006676794540000
010001001026000008344600000078400000086260066767945400500000
001001026000008626000206676794580260000083446000000784000000000000000000000000020290457400100020000
010001001026000008344600000078400000086260066767946400400000
001001026000008626000106676794690000000083446000000000000000000000000000000000020290457400100020000
03400667665758000008626000005C06676657580667669649000008626004574I0000083446000008344601000004200046500000000100000001040000001000460100000001000000010400000100004650000000010000000108000000100000000000000100000001
03400667669655000008626000005C06676696550667672460000008626004574V00000834460000083446010000015000465000000001000000010400000030004650000000010000000106120000100000000000000100000001080000006000000000000001000000010800000060000000000000010000000108000000600000000000000100000001080000006000000000000001000000010800000060000000000000010000000108000000600000000000000100000001080000006000000000000001000000010800000060000000000000010000000108000000600000000000000100000001080000006000000000000001000000010800000060000000000000010000000108000000600000000000000100000001
