1000020260000086173003063600108005701976540031480000
001001026000008617300206676185380000000088078000000000000000000000000000000000000000000000000000000
010001001026000008807800000080840000086173066761854500100000
0350010667618555389092810000116800000001010000
010001001026000008807800000080840000086173066761855700200000
001001026000008617300306676185620260000088078000000808402600000880780000008084000000000000000010000
001001026000008617300206676185660260000088078000000808402600000880780000008084000000000000000010000
001001026000008617300306676185730260000088078000000808402600000880780000008084000000000000000010000
001001026000008617300406676185800260000088078000000808402600000880780000008084020290457400100010000
005001066761858200301000949653000000000038909281860400001000150000
001001026000008617300506676185870260000088078000000808402600000880780000008084020290457400100010000
005001066761900600301000949653000000000038909281860400001000150000
001001026000008617300406676190100260000088078000000808402600000880780000008084020290457400100110000
005001066761901200301000949653000000000038909281860400001000150000
001001026000008617300306676190150260000088078000000808402600000880780000008084020290457400100110000
001001026000008617300406676191530260000088078000000808402600000880780000008084020290457400100010000
005001066761915400301000949653000000000038909281860400001000150000
001001026000008617300506676191590260000088078000000808402600000880780000008084020290457400100010000
005001066762005500301001108792000000000004542808091011003000150000
00200306676200600030100110879200000000000454280809070100301531000465000000000000000000010000000100000086173026000008807800000080840260000088078000000808400000000000000000000006360010800570197654003148000000
005001066762007800301001108792000000000004542808090701003001170000
0020020667620081003010009496530000000000389092818601000030000000046500000000000000000001000000011000008617302600000880780000008084026000008807800000080840063600108005701976540031480000
0040010306676200960000
044001066762010300301001108792000000000004542808090701003015310000
00200306676203980030400525109800000000001063171794080000300150000465000000000000000000010000000100000086173026000008807800000080840260000088078000000808400000000000000000000006360010800570197654003148000000
002011066762045800117059230497000000000031156722500400001010910004650004650004650000000000000000000100000001000000861730260000088078000000808402600000880780000008084000000000000000000000000000000000000000000000000006360010800570197654003148000000
002011066762046500109128188351000000000006398997200100001007930004650004650004650000000000000000000100000001000000861730260000088078000000808402600000880780000008084000000000000000000000000000000000000000000000000006360010800570197654003148000000
0020020667620473003010009496530000000000389092818601000030000000046500000000046500000001000000010000008617302600000880780000008084026000008807800000080840063600108005701976540031480000
005001066762126300301000949653000000000038909281860400001000150000
00300107010030000100000000000086173026000008807800000080840260000088078000000808406676212660000
00300101000030000200004650000086173026000008807800000080840260000088078000000808406676212660000
00300108000030000100000000000086173026000008807800000080840260000088078000000808406676212660000
00300104000010000100004650000086173026000008807800000080840260000088078000000808406676212660000
00300101000010000100004650000086173026000008807800000080840260000088078000000808406676212660000
001001026000008617300406676212660260000088078000000808402600000880780000008084020290457400100110000
005001066762126800301000949653000000000038909281860400001000150000
001001026000008617300306676212710260000088078000000808402600000880780000008084020290457400100110000
001001026000008617300206676212780260000088078000000808402600000880780000008084020290457400100110000
010001001026000008807800000080840000086173066762128800400000
02000100106676212950030100094965300000000003890928186026000008807800000080840116801000008617302600000880780000008084026000008807800000080840000
0210010300010000086173026000008807800000080840260000088078000000808406676212950000
0210010400080000086173026000008807800000080840260000088078000000808406676212950000
0210010800010000086173026000008807800000080840260000088078000000808406676212950000
0210011800010000086173026000008807800000080840260000088078000000808406676212950000
010001001026000008807800000080840000086173066762129600500000
001001026000008617300106676213330000000088078000000000000000000000000000000000024972802500100110000
