1000020260000086106003063600107318412139740025150000
0450010000000002000000000106676388010000
0450010000000002000000000106676400730000
0450010000000002000000000106676413450000
0450010000000002000000000106676426180000
0450010000000002000000000106676439050000
0450010000000002000000000106676451770000
0450010000000002000000000106676464490000
001001026000008610600206676470310000000091996000000000000000000000000000000000000000000000000000000
010001001026000009199600000083030000086106066764704200100000
0350010667647083157344280000035800000001010000
010001001026000009199600000083030000086106066764708500200000
001001026000008610600306676470950260000091996000000830302600000919960000008303000000000000000020000
001001026000008610600406676471030260000091996000000830302600000919960000008303020350458000100020000
005001066764710400301001116728000000000015734428820400001000150000
001001026000008610600506676471100260000091996000000830302600000919960000008303020350458000100020000
0020020667647970003010011167280000000000157344288201000030000000055500000000055500000001000000010000008610602600000919960000008303026000009199600000083030063600107318412139740025150000
00200306676479830030100107866400000000003413440420070100302745000555000000000000000000010000000100000086106026000009199600000083030260000091996000000830300000000000000000000006360010731841213974002515000000
00200306676479940030100078918400000000000687409165070100304123000555000000000000000000010000000100000086106026000009199600000083030260000091996000000830300000000000000000000006360010731841213974002515000000
005001066764801100301000938678000000000033661181380400001000150000
005001066764801400301000938678000000000033661181380400001000150000
00200306676480160030100093867800000000003366118138070000305336000555000000000000000000010000000100000086106026000009199600000083030260000091996000000830300000000000000000000006360010731841213974002515000000
002011066764802700109105826252000000000013699525840100001007790005550005550005550000000000000000000100000001000000861060260000091996000000830302600000919960000008303000000000000000000000000000010000000000000000000606360010731841213974002515000000
002011066764813900104165283068000000000023245520080400001127000005550005550005550000000000000000000100000001000000861060260000091996000000830302600000919960000008303000000000000000000000000000000000000000000000000006360010731841213974002515000000
002011066764835300104151790477000000000025592010960400001001690005550005550005550000000000000000000100000001000000861060260000091996000000830302600000919960000008303000000000000000000000000000000000000000000000000006360010731841213974002515000000
0020020667648371003010011167280000000000157344288201000030000000055500000000055500000001000000010000008610602600000919960000008303026000009199600000083030063600107318412139740025150000
002011066764850700104151906165000000000025852214480400001110380005550005550005550000000000000000000100000001000000861060260000091996000000830302600000919960000008303000000000000000000000000000000000000000000000000006360010731841213974002515000000
005001066764909600301001098851000000000003233955450400001000150000
005001066764909900301001098851000000000003233955450400001000150000
00200306676491000030100109885100000000000323395545070000301010000555000000000000000000010000000100000086106026000009199600000083030260000091996000000830300000000000000000000006360010731841213974002515000000
0020020667649402003010011167280000000000157344288201000030000000055500000000055500000001000000010000008610602600000919960000008303026000009199600000083030063600107318412139740025150000
002011066764957600109006592989000000000009786279120100001016840005550005550005550000000000000000000100000001000000861060260000091996000000830302600000919960000008303000000000000000000000000000010000000000000000000206360010731841213974002515000000
00200306676521850050400063924400000000001586012308080000518316000555000000000000000000010000000100000086106026000009199600000083030260000091996000000830300000000000000000000006360010731841213974002515000000
00200306676527010030400512256500000000003534235382080000300868000555000000000000000000010000000100000086106026000009199600000083030260000091996000000830300000000000000000000006360010731841213974002515000000
0020020667653005003010011167280000000000157344288201000030000000055500000000055500000001000000010000008610602600000919960000008303026000009199600000083030063600107318412139740025150000
002011066765337600104151184852000000000023860229840400001001080005550005550005550000000000000000000100000001000000861060260000091996000000830302600000919960000008303000000000000000000000000000000000000000000000000006360010731841213974002515000000
005001066765491100301001116728000000000015734428820400001000150000
00300101000030000400022200000086106026000009199600000083030260000091996000000830306676549140000
00300107010030000200000000000086106026000009199600000083030260000091996000000830306676549140000
00300107000030000200000000000086106026000009199600000083030260000091996000000830306676549140000
00300101000010000200011100000086106026000009199600000083030260000091996000000830306676549140000
00300104000010000400022200000086106026000009199600000083030260000091996000000830306676549140000
00300108000050000100000000000086106026000009199600000083030260000091996000000830306676549140000
00300108000030000100000000000086106026000009199600000083030260000091996000000830306676549140000
001001026000008610600406676549140260000091996000000830302600000919960000008303020350458000100120000
002011066765757200104162119021000000000027718833360400001004840005550005550005550000000000000000000100000001000000861060260000091996000000830302600000919960000008303000000000000000000000019100000000000000000000000006360010731841213974002515000000
00200306676575790030400535573100000000001983733714080000300003000555000000000000000000010000000100000086106026000009199600000083030260000091996000000830300000000000000000000006360010731841213974002515000000
0020020667657589003010011167280000000000157344288201000030000000055500000000055500000001000000010000008610602600000919960000008303026000009199600000083030063600107318412139740025150000
0020020667657598003010011167280000000000157344288201000030000000055500000000055500000001000000010000008610602600000919960000008303026000009199600000083030063600107318412139740025150000
0020020667657614003010011167280000000000157344288201000030000000055500000000055500000001000000010000008610602600000919960000008303026000009199600000083030063600107318412139740025150000
0020020667657627003010011167280000000000157344288201000030000000055500000000055500000001000000010000008610602600000919960000008303026000009199600000083030063600107318412139740025150000
005001066765764600301001116728000000000015734428820400001000150000
00300104000010000100005550000086106026000009199600000083030260000091996000000830306676576510000
00300108000030000100000000000086106026000009199600000083030260000091996000000830306676576510000
00300101000030000400022200000086106026000009199600000083030260000091996000000830306676576510000
001001026000008610600506676576510260000091996000000830302600000919960000008303020350458000100120000
002011066765801200109068005416000000000019128522960100001013860005550005550005550000000000000000000100000001000000861060260000091996000000830302600000919960000008303000000000000000000000000000000000000000000000000006360010731841213974002515000000
0020020667658362003010011167280000000000157344288201000030000000055500000000055500000001000000010000008610602600000919960000008303026000009199600000083030063600107318412139740025150000
002011066765849300104165977231000000000023747930320400001066200005550005550004500004500008550000000100000001000000861060260000091996000000830302600000919960000008303100000000000000000000300000000000000000000000000006360010731841213974002515000000
0020020667658922003010011167280000000000157344288201000030000000055500000000055500000001000000010000008610602600000919960000008303026000009199600000083030063600107318412139740025150000
0020020667659230003010011167280000000000157344288201000030000000055500000000055500000001000000010000008610602600000919960000008303026000009199600000083030063600107318412139740025150000
002011066765939400104056403887000000000030456849090400001054480005550005550005550000000000000000000100000001000000861060260000091996000000830302600000919960000008303000000000000000000000019300000000000000000000000006360010731841213974002515000000
005001066766076200301001116728000000000015734428820400001000150000
00300101000010000100005550000086106026000009199600000083030260000091996000000830306676607660000
00300101000030000300016650000086106026000009199600000083030260000091996000000830306676607660000
00300104000010000200011100000086106026000009199600000083030260000091996000000830306676607660000
001001026000008610600406676607660260000091996000000830302600000919960000008303020350458000100020000
005001066766147800301001116728000000000015734428820400001000150000
001001026000008610600506676614830260000091996000000830302600000919960000008303020350458000100020000
002011066766275700104089528166000000000030125922000400001001840005550005550005550000000000000000000100000001000000861060260000091996000000830302600000919960000008303000000000000000000000000000000000000000000000000006360010731841213974002515000000
002011066766276400104089528182000000000030110782160400001001540005550005550005550000000000000000000100000001000000861060260000091996000000830302600000919960000008303000000000000000000000000000000000000000000000000006360010731841213974002515000000
0020020667663070003010011167280000000000157344288201000030000000055500000000055500000001000000010000008610602600000919960000008303026000009199600000083030063600107318412139740025150000
002011066766395700104088128091000000000016742730960400001004680005550005550005550000000000000000000100000001000000861060260000091996000000830302600000919960000008303000000000000000000000000000000000000000000000000006360010731841213974002515000000
005001066766407601503001963417000000000034426077230614015000840000
00200306676640760150300196341700000000003442607723061301504811000555000000000000000000010000000100000086106026000009199600000083030260000091996000000830300000000000000000000006360010731841213974002515000000
0020020667664088015030019634170000000000344260772306140150231700055500000000000000000001000000010000008610602600000919960000008303026000009199600000083030063600107318412139740025150000
005001066766498600301001116728000000000015734428820400001000150000
00300104000010000300016650000086106026000009199600000083030260000091996000000830306676649890000
00300101000030000100005550000086106026000009199600000083030260000091996000000830306676649890000
00300106130150000100000000000086106026000009199600000083030260000091996000000830306676649890000
00300106140150000100000000000086106026000009199600000083030260000091996000000830306676649890000
001001026000008610600406676649890260000091996000000830302600000919960000008303020350458000100120000
005001066766499300301001116728000000000015734428820400001000150000
001001026000008610600306676649970260000091996000000830302600000919960000008303020350458000100120000
001001026000008610600406676650030260000091996000000830302600000919960000008303020350458000100020000
005001066766593300301001116728000000000015734428820400001000150000
001001026000008610600506676659390260000091996000000830302600000919960000008303020350458000100020000
005001066766656000000000000000000000000000000000000000000000150000
00200306676665650030400411441100000000002659269635080000304939000555000000000000000000010000000100000086106026000009199600000083030260000091996000000830300000000000000000000006360010731841213974002515000000
002011066766657600104151790991000000000024564255440400001001990005550005550005550000000000000000000100000001000000861060260000091996000000830302600000919960000008303000000000000000000000000000000000000000000000000006360010731841213974002515000000
00200306676665800030400496182200000000003533700070080000300250000555000000000000000000010000000100000086106026000009199600000083030260000091996000000830300000000000000000000006360010731841213974002515000000
0020020667666590003010011167280000000000157344288201000030000000055500000000055500000001000000010000008610602600000919960000008303026000009199600000083030063600107318412139740025150000
0020020667666596003010011167280000000000157344288201000030000000055500000000055500000001000000010000008610602600000919960000008303026000009199600000083030063600107318412139740025150000
0020020667666607003010011167280000000000157344288201000030000000055500000000055500000001000000010000008610602600000919960000008303026000009199600000083030063600107318412139740025150000
0020020667666635003010011167280000000000157344288201000030000000055500000000055500000001000000010000008610602600000919960000008303026000009199600000083030063600107318412139740025150000
0020020667666647003010011167280000000000157344288201000030000000055500000000055500000001000000010000008610602600000919960000008303026000009199600000083030063600107318412139740025150000
0020020667666675003010011167280000000000157344288201000030000000055500000000000000000001000000011000008610602600000919960000008303026000009199600000083030063600107318412139740025150000
0040010306676666900000
0020020667666692003010011167280000000000157344288201000030000000055500000000055500000001000000010000008610602600000919960000008303026000009199600000083030063600107318412139740025150000
0020020667666708003010011167280000000000157344288201000030000000055500000000055500000001000000010000008610602600000919960000008303026000009199600000083030063600107318412139740025150000
0020020667666852003010011167280000000000157344288201000030000000055500000000055500000001000000010000008610602600000919960000008303026000009199600000083030063600107318412139740025150000
0020020667666910003010011167280000000000157344288201000030000000055500000000055500000001000000010000008610602600000919960000008303026000009199600000083030063600107318412139740025150000
0020020667666930003010011167280000000000157344288201000030000000055500000000055500000001000000010000008610602600000919960000008303026000009199600000083030063600107318412139740025150000
0020020667666969003010011167280000000000157344288201000030000000055500000000055500000001000000010000008610602600000919960000008303026000009199600000083030063600107318412139740025150000
0020020667666975003010011167280000000000157344288201000030000000055500000000055500000001000000010000008610602600000919960000008303026000009199600000083030063600107318412139740025150000
002011066766710500117053715316000000000013234354670400001033660005550005550005550000000000000000000100000001000000861060260000091996000000830302600000919960000008303000000000000000000000000000000000000000000000000006360010731841213974002515000000
0020020667667125003010011167280000000000157344288201000030000000055500000000055500000001000000010000008610602600000919960000008303026000009199600000083030063600107318412139740025150000
002011066766715400117052955127000000000009731005010400001023610005550005550004600000000000000000000100000001000000861060260000091996000000830302600000919960000008303000000000000000000000000000000000000000000000000006360010731841213974002515000000
002011066766715400117052955127000000000009731005010400001023610005550005550000950000000000000000000100000001000000861060260000091996000000830302600000919960000008303000000000000000000000000000000000000000000000000006360010731841213974002515000000
002011066766725900104088874371000000000029339121360400001006120005550005550005550000000000000000000100000001000000861060260000091996000000830302600000919960000008303000000000000000000000000000000000000000000000000006360010731841213974002515000000
0020020667667346003010011167280000000000157344288201000030000000055500000000055500000001000000010000008610602600000919960000008303026000009199600000083030063600107318412139740025150000
0020020667667533003010011167280000000000157344288201000030000000055500000000055500000001000000010000008610602600000919960000008303026000009199600000083030063600107318412139740025150000
00200306676675410030400507188100000000000873040169080000300615000555000000000000000000010000000100000086106026000009199600000083030260000091996000000830300000000000000000000006360010731841213974002515000000
0020020667667690003010011167280000000000157344288201000030000000055500000000055500000001000000010000008610602600000919960000008303026000009199600000083030063600107318412139740025150000
002011066766798100104151390088000000000025785646800400001002120005550005550005550000000000000000000100000001000000861060260000091996000000830302600000919960000008303000000000000000000000000000000000000000000000000006360010731841213974002515000000
0020020667668742003010011167280000000000157344288201000030000000055500000000055500000001000000010000008610602600000919960000008303026000009199600000083030063600107318412139740025150000
0020020667668767003010011167280000000000157344288201000030000000055500000000055500000001000000010000008610602600000919960000008303026000009199600000083030063600107318412139740025150000
0020020667668861003010011167280000000000157344288201000030000000055500000000055500000001000000010000008610602600000919960000008303026000009199600000083030063600107318412139740025150000
0020020667668874003010011167280000000000157344288201000030000000055500000000055500000001000000010000008610602600000919960000008303026000009199600000083030063600107318412139740025150000
002011066766888200109007243198000000000012530000080100001002410005550005550005550000000000000000000100000001000000861060260000091996000000830302600000919960000008303000000000000000000000000000000000000000000000000006360010731841213974002515000000
0020020667668888003010011167280000000000157344288201000030000000055500000000055500000001000000010000008610602600000919960000008303026000009199600000083030063600107318412139740025150000
0020020667668895003010011167280000000000157344288201000030000000055500000000055500000001000000010000008610602600000919960000008303026000009199600000083030063600107318412139740025150000
0020020667668901003010011167280000000000157344288201000030000000055500000000055500000001000000010000008610602600000919960000008303026000009199600000083030063600107318412139740025150000
0020020667668913003010011167280000000000157344288201000030000000055500000000000000000001000000011000008610602600000919960000008303026000009199600000083030063600107318412139740025150000
0040010306676689280000
0020020667668937003010011167280000000000157344288201000030000000055500000000055500000001000000010000008610602600000919960000008303026000009199600000083030063600107318412139740025150000
0020020667669071003010011167280000000000157344288201000030000000055500000000055500000001000000010000008610602600000919960000008303026000009199600000083030063600107318412139740025150000
005001066767055100301001116728000000000015734428820400001000150000
00300108000030000300000000000086106026000009199600000083030260000091996000000830306676705550000
00300104000010000500027750000086106026000009199600000083030260000091996000000830306676705550000
00300101000030002500138750000086106026000009199600000083030260000091996000000830306676705550000
00300101000010000100005550000086106026000009199600000083030260000091996000000830306676705550000
001001026000008610600406676705550260000091996000000830302600000919960000008303020350458000100120000
005001066767055600301001116728000000000015734428820400001000150000
001001026000008610600306676705600260000091996000000830302600000919960000008303020350458000100120000
02000100106676705700030100111672800000000001573442882026000009199600000083030035801000008610602600000919960000008303026000009199600000083030000
0210010300060000086106026000009199600000083030260000091996000000830306676705700000
0210010400290000086106026000009199600000083030260000091996000000830306676705700000
0210010800040000086106026000009199600000083030260000091996000000830306676705700000
0210011000010000086106026000009199600000083030260000091996000000830306676705700000
0210011100010000086106026000009199600000083030260000091996000000830306676705700000
0210011800060000086106026000009199600000083030260000091996000000830306676705700000
0210012500010000086106026000009199600000083030260000091996000000830306676705700000
010001001026000009199600000083030000086106066767057000500000
001001026000008610600206676705790260000091996000000830300000000000000000000000020670461200100120000
010001001026000009199600000083030000086106066767058600400000
001001026000008610600106676705910000000091996000000000000000000000000000000000020670461200100120000
03400667654914000008610600004T06676549140667657651000008610604580V00000919960000091996010000004000555000000001000000010400000010005550000000010000000108000000100000000000000100000001
03400667647110000008610600005C06676471100667654914000008610604580I000009199600000919960100000330005550000000010000000104000001100055500000000100000001070000002000000000000001000000010701000020000000000000010000000108000000500000000000000100000001
03400667657651000008610600005C06676576510667660766000008610604580V00000919960000091996010000004000555000000001000000010400000010005550000000010000000104000000100045010000000100000001040000001000450100000001000000010400000010004501000000010000000104000000100045010000000100000001
