1000020260000086152003025243604634338675550039380000
001001026000008615200206676185480000000101662000000000000000000000000000000000000000000000000000000
010001001026000010166200000089150000086152066761856400100000
0350010667618579114041010000061200000001010000
010001001026000010166200000089150000086152066761858100200000
001001026000008615200306676185850260000101662000000891502600001016620000008915000000000000000010000
001001026000008615200406676218150260000101662000000891502600001016620000008915020290457400100110000
005001066762181600301001065066000000000011095411620400001000150000
001001026000008615200506676218200260000101662000000891502600001016620000008915020290457400100110000
0020020667621861003010010932560000000000114041013001000030000000046500000000046500000001000000010000008615202600001016620000008915026000010166200000089150025243604634338675550039380000
0020020667621879003010010932560000000000114041013001000030000000046500000000046500000001000000010000008615202600001016620000008915026000010166200000089150025243604634338675550039380000
0020020667621894003010010932560000000000114041013001000030000000046500000000046500000001000000010000008615202600001016620000008915026000010166200000089150025243604634338675550039380000
0020020667621921003010010932560000000000114041013001000030000000046500000000046500000001000000010000008615202600001016620000008915026000010166200000089150025243604634338675550039380000
00200306676219440030400518737300000000003570045222080000301074000465000000000000000000010000000100000086152026000010166200000089150260000101662000000891500000000000000000000002524360463433867555003938000000
002011066762197200104156298831000000000024831609040400001022820004650004650004650000000000000000000100000001000000861520260000101662000000891502600001016620000008915000000000000000000000000000000000000000000000000002524360463433867555003938000000
002011066762209200104151218706000000000023358346960400001000610004650004650004650000000000000000000100000001000000861520260000101662000000891502600001016620000008915000000000000000000000000000000000000000000000000002524360463433867555003938000000
002011066762209800104157018229000000000026345244880400001000210004650004650004650000000000000000000100000001000000861520260000101662000000891502600001016620000008915000000000000000000000000000000000000000000000000002524360463433867555003938000000
00200306676221100030400456089500000000001113560794080000301134000465000000000000000000010000000100000086152026000010166200000089150260000101662000000891500000000000000000000002524360463433867555003938000000
005001066762245000301001161928000000000026721852740400001000150000
005001066762245400301001161928000000000026721852740400001000150000
00200306676224550030100116192800000000002672185274070000300116000465000000000000000000010000000100000086152026000010166200000089150260000101662000000891500000000000000000000002524360463433867555003938000000
0020020667622469003010010932560000000000114041013001000030000000046500000000046500000001000000010000008615202600001016620000008915026000010166200000089150025243604634338675550039380000
002011066762254700104151701474000000000026123047120400001000290004650004650004650000000000000000000100000001000000861520260000101662000000891502600001016620000008915000000000000000000000000000000000000000000000000002524360463433867555003938000000
00200306676229970030400413394600000000000572114899080000302908000465000000000000000000010000000100000086152026000010166200000089150260000101662000000891500000000000000000000002524360463433867555003938000000
005001066762389100301001093256000000000011404101300400001000150000
00300101000030000500023250000086152026000010166200000089150260000101662000000891506676238950000
00300108000030000300000000000086152026000010166200000089150260000101662000000891506676238950000
00300104000010000400018600000086152026000010166200000089150260000101662000000891506676238950000
00300107000030000100000000000086152026000010166200000089150260000101662000000891506676238950000
001001026000008615200406676238950260000101662000000891502600001016620000008915020290457400100010000
005001066762389600301001093256000000000011404101300400001000150000
001001026000008615200506676239020260000101662000000891502600001016620000008915020290457400100010000
0020020667624469003010010932560000000000114041013001000030000000046500000000046500000001000000010000008615202600001016620000008915026000010166200000089150025243604634338675550039380000
002011066762481700104164571299000000000024084009680400001033860004650004650004650000000000000000000100000001000000861520260000101662000000891502600001016620000008915000000000000000000000000000000000000000000000000002524360463433867555003938000000
00200306676252600030400381545800000000000883689635080000302589000465000000000000000000010000000100000086152026000010166200000089150260000101662000000891500000000000000000000002524360463433867555003938000000
00200306676253850030400390511200000000001011126171080000303114000465000000000000000000010000000100000086152026000010166200000089150260000101662000000891500000000000000000000002524360463433867555003938000000
0020020667625401003010010932560000000000114041013001000030000000046500000000046500000001000000010000008615202600001016620000008915026000010166200000089150025243604634338675550039380000
0020020667625449003010010932560000000000114041013001000030000000046500000000046500000001000000010000008615202600001016620000008915026000010166200000089150025243604634338675550039380000
0020020667625506003010010932560000000000114041013001000030000000046500000000046500000001000000010000008615202600001016620000008915026000010166200000089150025243604634338675550039380000
0020020667625942003010010932560000000000114041013001000030000000046500000000046500000001000000010000008615202600001016620000008915026000010166200000089150025243604634338675550039380000
0020020667626253003010010932560000000000114041013001000030000000046500000000046500000001000000010000008615202600001016620000008915026000010166200000089150025243604634338675550039380000
005001066762673900301001093256000000000011404101300400001000150000
00300101000030000600027900000086152026000010166200000089150260000101662000000891506676267430000
00300104000010000100004650000086152026000010166200000089150260000101662000000891506676267430000
00300108000030000200000000000086152026000010166200000089150260000101662000000891506676267430000
001001026000008615200406676267430260000101662000000891502600001016620000008915020290457400100110000
005001066762674500301001093256000000000011404101300400001000150000
001001026000008615200506676267500260000101662000000891502600001016620000008915020290457400100110000
0020020667627906003010010932560000000000114041013001000030000000046500000000046500000001000000010000008615202600001016620000008915026000010166200000089150025243604634338675550039380000
00200306676279140030400535029100000000001982810962080000300009000465000000000000000000010000000100000086152026000010166200000089150260000101662000000891500000000000000000000002524360463433867555003938000000
0020020667627926003010010932560000000000114041013001000030000000046500000000046500000001000000010000008615202600001016620000008915026000010166200000089150025243604634338675550039380000
0020020667627933003010010932560000000000114041013001000030000000046500000000046500000001000000010000008615202600001016620000008915026000010166200000089150025243604634338675550039380000
0020020667627943003010010932560000000000114041013001000030000000046500000000046500000001000000010000008615202600001016620000008915026000010166200000089150025243604634338675550039380000
0020020667627950003010010932560000000000114041013001000030000000046500000000046500000001000000010000008615202600001016620000008915026000010166200000089150025243604634338675550039380000
00200306676279570030400501407100000000003533591318080000300852000465000000000000000000010000000100000086152026000010166200000089150260000101662000000891500000000000000000000002524360463433867555003938000000
0020020667627988003010010932560000000000114041013001000030000000046500000000046500000001000000010000008615202600001016620000008915026000010166200000089150025243604634338675550039380000
0020020667628068003010010932560000000000114041013001000030000000046500000000046500000001000000010000008615202600001016620000008915026000010166200000089150025243604634338675550039380000
0020020667628082003010010932560000000000114041013001000030000000046500000000046500000001000000010000008615202600001016620000008915026000010166200000089150025243604634338675550039380000
0020020667628102003010010932560000000000114041013001000030000000046500000000046500000001000000010000008615202600001016620000008915026000010166200000089150025243604634338675550039380000
0020020667628120003010010932560000000000114041013001000030000000046500000000046500000001000000010000008615202600001016620000008915026000010166200000089150025243604634338675550039380000
0020020667628168003010010932560000000000114041013001000030000000046500000000046500000001000000010000008615202600001016620000008915026000010166200000089150025243604634338675550039380000
00200306676281810030400248898400000000003413575284080000304434000465000000000000000000010000000100000086152026000010166200000089150260000101662000000891500000000000000000000002524360463433867555003938000000
00200306676282410030400533540200000000001983224514080000300044000465000000000000000000010000000100000086152026000010166200000089150260000101662000000891500000000000000000000002524360463433867555003938000000
0020020667628257003010010932560000000000114041013001000030000000046500000000046500000001000000010000008615202600001016620000008915026000010166200000089150025243604634338675550039380000
0020020667628353003010010932560000000000114041013001000030000000046500000000046500000001000000010000008615202600001016620000008915026000010166200000089150025243604634338675550039380000
0020020667628357003010010932560000000000114041013001000030000000046500000000046500000001000000010000008615202600001016620000008915026000010166200000089150025243604634338675550039380000
0020020667628364003010010932560000000000114041013001000030000000046500000000046500000001000000010000008615202600001016620000008915026000010166200000089150025243604634338675550039380000
0020020667628380003010010932560000000000114041013001000030000000046500000000046500000001000000010000008615202600001016620000008915026000010166200000089150025243604634338675550039380000
0020020667628386003010010932560000000000114041013001000030000000046500000000046500000001000000010000008615202600001016620000008915026000010166200000089150025243604634338675550039380000
00200306676283930030400478713100000000001548137058080000301120000465000000000000000000010000000100000086152026000010166200000089150260000101662000000891500000000000000000000002524360463433867555003938000000
002011066762841500109079396357000000000030925804240100001000260004650004650004500004500008550000000100000001000000861520260000101662000000891502600001016620000008915100000000000000000000300000000000000000000000000002524360463433867555003938000000
0020020667628488003010010932560000000000114041013001000030000000046500000000046500000001000000010000008615202600001016620000008915026000010166200000089150025243604634338675550039380000
0020020667628912003010010932560000000000114041013001000030000000046500000000046500000001000000010000008615202600001016620000008915026000010166200000089150025243604634338675550039380000
00200306676296440030400467654100000000002423660714080000300719000465000000000000000000010000000100000086152026000010166200000089150260000101662000000891500000000000000000000002524360463433867555003938000000
005001066762987301503002357693000000000005724981790614015000840000
00200306676298740150300235769300000000000572498179061301500508000465000000000000000000010000000100000086152026000010166200000089150260000101662000000891500000000000000000000002524360463433867555003938000000
0020020667629883015030023576930000000000057249817906140150049500046500000000000000000001000000010000008615202600001016620000008915026000010166200000089150025243604634338675550039380000
005001066763050000301001093256000000000011404101300400001000150000
00300101000030001900088350000086152026000010166200000089150260000101662000000891506676305040000
00300108000030000600000000000086152026000010166200000089150260000101662000000891506676305040000
00300101000010000100004650000086152026000010166200000089150260000101662000000891506676305040000
00300106130150000100000000000086152026000010166200000089150260000101662000000891506676305040000
00300106140150000100000000000086152026000010166200000089150260000101662000000891506676305040000
001001026000008615200406676305040260000101662000000891502600001016620000008915020290457400100010000
005001066763050500301001093256000000000011404101300400001000150000
001001026000008615200506676305110260000101662000000891502600001016620000008915020290457400100010000
0020020667631822003010010932560000000000114041013001000030000000046500000000046500000001000000010000008615202600001016620000008915026000010166200000089150025243604634338675550039380000
00200306676318960040400154742800000000000072072765080000403641000465000000000000000000010000000100000086152026000010166200000089150260000101662000000891500000000000000000000002524360463433867555003938000000
00200306676325930020401688147400000000001590778745080000200276000465000000000000000000010000000100000086152026000010166200000089150260000101662000000891500000000000000000000002524360463433867555003938000000
002011066763296700104151662134000000000025691075280400001023250004650004650004650000000000000000000100000001000000861520260000101662000000891502600001016620000008915000000000000000000000000000000000000000000000000002524360463433867555003938000000
0020020667633059003010010932560000000000114041013001000030000000046500000000046500000001000000010000008615202600001016620000008915026000010166200000089150025243604634338675550039380000
002011066763314900109064815707000000000014015609040100001013560004650004650004650000000000000000000100000001000000861520260000101662000000891502600001016620000008915000000000000000000000000000000000000000000000000002524360463433867555003938000000
002011066763325200104080703267000000000006531376970400001004100004650004650004650000000000000000000100000001000000861520260000101662000000891502600001016620000008915000000000000000000000019300000000000000000000000002524360463433867555003938000000
005001066763395900301001093256000000000011404101300400001000150000
00300101000030000200009300000086152026000010166200000089150260000101662000000891506676339630000
00300108000040000100000000000086152026000010166200000089150260000101662000000891506676339630000
00300108000020000100000000000086152026000010166200000089150260000101662000000891506676339630000
00300104000010000200009300000086152026000010166200000089150260000101662000000891506676339630000
00300101000010000100004650000086152026000010166200000089150260000101662000000891506676339630000
001001026000008615200406676339630260000101662000000891502600001016620000008915020290457400100110000
005001066763396500301001093256000000000011404101300400001000150000
001001026000008615200506676339700260000101662000000891502600001016620000008915020290457400100110000
005001066763494000104086985213000000000015358375760000000000150000
005001066763494100104086985213000000000015358375760000000000150000
002011066763494400104086985213000000000015943196880400001002120004650004650004650000000000000000000100000001000000861520260000101662000000891502600001016620000008915000000000000000000000000000000000000000000000000002524360463433867555003938000000
0020020667634950003010010932560000000000114041013001000030000000046500000000046500000001000000010000008615202600001016620000008915026000010166200000089150025243604634338675550039380000
0020020667634959003010010932560000000000114041013001000030000000046500000000046500000001000000010000008615202600001016620000008915026000010166200000089150025243604634338675550039380000
0020020667634975003010010932560000000000114041013001000030000000046500000000046500000001000000010000008615202600001016620000008915026000010166200000089150025243604634338675550039380000
0020020667635002003010010932560000000000114041013001000030000000046500000000046500000001000000010000008615202600001016620000008915026000010166200000089150025243604634338675550039380000
00200306676350070030400360641700000000003087162428080000304675000465000000000000000000010000000100000086152026000010166200000089150260000101662000000891500000000000000000000002524360463433867555003938000000
0020020667635024003010010932560000000000114041013001000030000000046500000000046500000001000000010000008615202600001016620000008915026000010166200000089150025243604634338675550039380000
00200306676350370030400510411700000000000871477081080000300760000465000000000000000000010000000100000086152026000010166200000089150260000101662000000891500000000000000000000002524360463433867555003938000000
0020020667635048003010010932560000000000114041013001000030000000046500000000046500000001000000010000008615202600001016620000008915026000010166200000089150025243604634338675550039380000
0020020667635052003010010932560000000000114041013001000030000000046500000000046500000001000000010000008615202600001016620000008915026000010166200000089150025243604634338675550039380000
00200306676350560030400534390100000000001982997314080000300027000465000000000000000000010000000100000086152026000010166200000089150260000101662000000891500000000000000000000002524360463433867555003938000000
0020020667635076003010010932560000000000114041013001000030000000046500000000046500000001000000010000008615202600001016620000008915026000010166200000089150025243604634338675550039380000
0020020667635082003010010932560000000000114041013001000030000000046500000000046500000001000000010000008615202600001016620000008915026000010166200000089150025243604634338675550039380000
00200306676351930030400449103600000000001108988250080000301467000465000000000000000000010000000100000086152026000010166200000089150260000101662000000891500000000000000000000002524360463433867555003938000000
002011066763532500109073861058000000000032103099600100001002110004650004650004650000000000000000000100000001000000861520260000101662000000891502600001016620000008915000000000000000000000000000000000000000000000000002524360463433867555003938000000
0020020667635332003010010932560000000000114041013001000030000000046500000000046500000001000000010000008615202600001016620000008915026000010166200000089150025243604634338675550039380000
00200306676353390030400504496300000000003534199126080000301082000465000000000000000000010000000100000086152026000010166200000089150260000101662000000891500000000000000000000002524360463433867555003938000000
0020020667635361003010010932560000000000114041013001000030000000046500000000046500000001000000010000008615202600001016620000008915026000010166200000089150025243604634338675550039380000
0020020667635367003010010932560000000000114041013001000030000000046500000000046500000001000000010000008615202600001016620000008915026000010166200000089150025243604634338675550039380000
0020020667635377003010010932560000000000114041013001000030000000046500000000046500000001000000010000008615202600001016620000008915026000010166200000089150025243604634338675550039380000
0020020667635446003010010932560000000000114041013001000030000000046500000000046500000001000000010000008615202600001016620000008915026000010166200000089150025243604634338675550039380000
005001066763558600301001135511000000000008713992890400001000150000
005001066763558900301001135511000000000008713992890400001000150000
00200306676355910030100113551100000000000871399289070000300776000465000000000000000000010000000100000086152026000010166200000089150260000101662000000891500000000000000000000002524360463433867555003938000000
0020020667635697003010010932560000000000114041013001000030000000046500000000046500000001000000010000008615202600001016620000008915026000010166200000089150025243604634338675550039380000
0020020667635705003010010932560000000000114041013001000030000000046500000000046500000001000000010000008615202600001016620000008915026000010166200000089150025243604634338675550039380000
00200306676365740030400513642600000000002523527674080000300194000465000000000000000000010000000100000086152026000010166200000089150260000101662000000891500000000000000000000002524360463433867555003938000000
005001066763751700301001093256000000000011404101300400001000150000
00300104000010000100004650000086152026000010166200000089150260000101662000000891506676375210000
00300101000030001600074400000086152026000010166200000089150260000101662000000891506676375210000
00300108000030000600000000000086152026000010166200000089150260000101662000000891506676375210000
00300101000010000100004650000086152026000010166200000089150260000101662000000891506676375210000
00300107000030000100000000000086152026000010166200000089150260000101662000000891506676375210000
001001026000008615200406676375210260000101662000000891502600001016620000008915020290457400100010000
005001066763752200301001093256000000000011404101300400001000150000
001001026000008615200506676375280260000101662000000891502600001016620000008915020290457400100010000
0020020667639023003010010932560000000000114041013001000030000000046500000000046500000001000000010000008615202600001016620000008915026000010166200000089150025243604634338675550039380000
0020020667639027003010010932560000000000114041013001000030000000046500000000046500000001000000010000008615202600001016620000008915026000010166200000089150025243604634338675550039380000
0020020667639250003010010932560000000000114041013001000030000000046500000000046500000001000000010000008615202600001016620000008915026000010166200000089150025243604634338675550039380000
0020020667639257003010010932560000000000114041013001000030000000046500000000046500000001000000010000008615202600001016620000008915026000010166200000089150025243604634338675550039380000
00200306676393410030400532487700000000001982952642080000300016000465000000000000000000010000000100000086152026000010166200000089150260000101662000000891500000000000000000000002524360463433867555003938000000
00200306676402190030400471132100000000001545904258080000301401000465000000000000000000010000000100000086152026000010166200000089150260000101662000000891500000000000000000000002524360463433867555003938000000
002011066764029000109054964841000000000017778617040100001006880004650004650004650000000000000000000100000001000000861520260000101662000000891502600001016620000008915000000000000000000000000000000000000000000000000002524360463433867555003938000000
0020020667640302003010010932560000000000114041013001000030000000046500000000046500000001000000010000008615202600001016620000008915026000010166200000089150025243604634338675550039380000
0020020667640315003010010932560000000000114041013001000030000000046500000000046500000001000000010000008615202600001016620000008915026000010166200000089150025243604634338675550039380000
0020020667640321003010010932560000000000114041013001000030000000046500000000046500000001000000010000008615202600001016620000008915026000010166200000089150025243604634338675550039380000
00200306676404390030400528139600000000001063657394080000300275000465000000000000000000010000000100000086152026000010166200000089150260000101662000000891500000000000000000000002524360463433867555003938000000
00200306676404510030500025863700000000002290205275071000302420000465000000000000000000010000000100000086152026000010166200000089150260000101662000000891500000000000000000000002524360463433867555003938000000
0020020667640459003010010932560000000000114041013001000030000000046500000000046500000001000000010000008615202600001016620000008915026000010166200000089150025243604634338675550039380000
00200306676404670030400512556400000000000455662713080000300205000465000000000000000000010000000100000086152026000010166200000089150260000101662000000891500000000000000000000002524360463433867555003938000000
0020020667640978003010010932560000000000114041013001000030000000046500000000046500000001000000010000008615202600001016620000008915026000010166200000089150025243604634338675550039380000
0020020667640989003010010932560000000000114041013001000030000000046500000000046500000001000000010000008615202600001016620000008915026000010166200000089150025243604634338675550039380000
005001066764129400301001093256000000000011404101300400001000150000
00300101000030001000046500000086152026000010166200000089150260000101662000000891506676412980000
00300108000030000400000000000086152026000010166200000089150260000101662000000891506676412980000
00300101000010000100004650000086152026000010166200000089150260000101662000000891506676412980000
00300107100030000100000000000086152026000010166200000089150260000101662000000891506676412980000
001001026000008615200406676412980260000101662000000891502600001016620000008915020290457400100110000
005001066764129900301001093256000000000011404101300400001000150000
001001026000008615200506676413040260000101662000000891502600001016620000008915020290457400100110000
005001066764246001503002556793000000000034133575560614015000840000
00200306676424600150300255679300000000003413357556061301500698000465000000000000000000010000000100000086152026000010166200000089150260000101662000000891500000000000000000000002524360463433867555003938000000
0020020667642471015030025567930000000000341335755606140150036800046500000000000000000001000000010000008615202600001016620000008915026000010166200000089150025243604634338675550039380000
0020020667642484003010010932560000000000114041013001000030000000046500000000046500000001000000010000008615202600001016620000008915026000010166200000089150025243604634338675550039380000
0020020667642487003010010932560000000000114041013001000030000000046500000000046500000001000000010000008615202600001016620000008915026000010166200000089150025243604634338675550039380000
00200306676424960030400535196300000000001063468818080000300005000465000000000000000000010000000100000086152026000010166200000089150260000101662000000891500000000000000000000002524360463433867555003938000000
00200306676425060020401220278500000000003665563557080000202323000465000000000000000000010000000100000086152026000010166200000089150260000101662000000891500000000000000000000002524360463433867555003938000000
0020020667642514003010010932560000000000114041013001000030000000046500000000046500000001000000010000008615202600001016620000008915026000010166200000089150025243604634338675550039380000
00200306676425180030400428237200000000002516598634080000304436000465000000000000000000010000000100000086152026000010166200000089150260000101662000000891500000000000000000000002524360463433867555003938000000
0020020667642556003010010932560000000000114041013001000030000000046500000000046500000001000000010000008615202600001016620000008915026000010166200000089150025243604634338675550039380000
00200306676427470030400478497100000000001546031794080000301203000465000000000000000000010000000100000086152026000010166200000089150260000101662000000891500000000000000000000002524360463433867555003938000000
0020020667642754003010010932560000000000114041013001000030000000046500000000046500000001000000010000008615202600001016620000008915026000010166200000089150025243604634338675550039380000
0020020667643227003010010932560000000000114041013001000030000000046500000000046500000001000000010000008615202600001016620000008915026000010166200000089150025243604634338675550039380000
002011066764373700109052723365000000000018206462160100001002020004650004650004650000000000000000000100000001000000861520260000101662000000891502600001016620000008915000000000000000000000000000000000000008000000000202524360463433867555003938000000
0020020667643742003010010932560000000000114041013001000030000000046500000000046500000001000000010000008615202600001016620000008915026000010166200000089150025243604634338675550039380000
005001066764457200301001093256000000000011404101300400001000150000
00300106130150000100000000000086152026000010166200000089150260000101662000000891506676445760000
00300106140150000100000000000086152026000010166200000089150260000101662000000891506676445760000
00300101000030000700032550000086152026000010166200000089150260000101662000000891506676445760000
00300108000030000300000000000086152026000010166200000089150260000101662000000891506676445760000
00300108000020000100000000000086152026000010166200000089150260000101662000000891506676445760000
00300101000010000100004650000086152026000010166200000089150260000101662000000891506676445760000
001001026000008615200406676445760260000101662000000891502600001016620000008915020290457400100010000
005001066764457700301001093256000000000011404101300400001000150000
001001026000008615200506676445820260000101662000000891502600001016620000008915020290457400100010000
0020020667646158003010010932560000000000114041013001000030000000046500000000046500000001000000010000008615202600001016620000008915026000010166200000089150025243604634338675550039380000
0020020667646166003010010932560000000000114041013001000030000000046500000000046500000001000000010000008615202600001016620000008915026000010166200000089150025243604634338675550039380000
0020020667646175003010010932560000000000114041013001000030000000046500000000046500000001000000010000008615202600001016620000008915026000010166200000089150025243604634338675550039380000
005001066764796700301001093256000000000011404101300400001000150000
00300101000030000300013950000086152026000010166200000089150260000101662000000891506676479710000
001001026000008615200406676479710260000101662000000891502600001016620000008915020290457400100110000
005001066764797200301001093256000000000011404101300400001000150000
001001026000008615200506676479780260000101662000000891502600001016620000008915020290457400100110000
0020020667649559003010010932560000000000114041013001000030000000046500000000046500000001000000010000008615202600001016620000008915026000010166200000089150025243604634338675550039380000
0020020667649564003010010932560000000000114041013001000030000000046500000000046500000001000000010000008615202600001016620000008915026000010166200000089150025243604634338675550039380000
0020020667649574003010010932560000000000114041013001000030000000046500000000046500000001000000010000008615202600001016620000008915026000010166200000089150025243604634338675550039380000
0020020667649586003010010932560000000000114041013001000030000000046500000000046500000001000000010000008615202600001016620000008915026000010166200000089150025243604634338675550039380000
0020020667649635003010010932560000000000114041013001000030000000046500000000046500000001000000010000008615202600001016620000008915026000010166200000089150025243604634338675550039380000
0020020667649641003010010932560000000000114041013001000030000000046500000000046500000001000000010000008615202600001016620000008915026000010166200000089150025243604634338675550039380000
005001066764969701503001386258000000000000676919500614015000840000
00200306676496970150300138625800000000000067691950061301500918000465000000000000000000010000000100000086152026000010166200000089150260000101662000000891500000000000000000000002524360463433867555003938000000
0020020667649706015030013862580000000000006769195006140150091200046500000000000000000001000000010000008615202600001016620000008915026000010166200000089150025243604634338675550039380000
005001066764975300301001161537000000000026723448260400001000150000
005001066764975600301001161537000000000026723448260400001000150000
00200306676497580030100116153700000000002672344826070000300362000465000000000000000000010000000100000086152026000010166200000089150260000101662000000891500000000000000000000002524360463433867555003938000000
0020020667649769003010010932560000000000114041013001000030000000046500000000046500000001000000010000008615202600001016620000008915026000010166200000089150025243604634338675550039380000
00200306676497790030400535690600000000001983636418080000300013000465000000000000000000010000000100000086152026000010166200000089150260000101662000000891500000000000000000000002524360463433867555003938000000
00200306676497900040100123109400000000003570064406070300400031000465000000000000000000010000000100000086152026000010166200000089150260000101662000000891500000000000000000000002524360463433867555003938000000
0020020667649873003010010932560000000000114041013001000030000000046500000000046500000001000000010000008615202600001016620000008915026000010166200000089150025243604634338675550039380000
0020020667649898003010010932560000000000114041013001000030000000046500000000046500000001000000010000008615202600001016620000008915026000010166200000089150025243604634338675550039380000
0020020667649911003010010932560000000000114041013001000030000000046500000000046500000001000000010000008615202600001016620000008915026000010166200000089150025243604634338675550039380000
00200306676502810030100113583800000000001574967122070100300154000465000000000000000000010000000100000086152026000010166200000089150260000101662000000891500000000000000000000002524360463433867555003938000000
005001066765029100301001120466000000000015732367540400001000150000
005001066765029400301001120466000000000015732367540400001000150000
00200306676502950030100112046600000000001573236754070000301900000465000000000000000000010000000100000086152026000010166200000089150260000101662000000891500000000000000000000002524360463433867555003938000000
0020020667650369003010010932560000000000114041013001000030000000046500000000046500000001000000010000008615202600001016620000008915026000010166200000089150025243604634338675550039380000
005001066765044000301001118071000000000015741388020400001000150000
005001066765044300301001118071000000000015741388020400001000150000
00200306676504440030100111807100000000001574138802070000300851000465000000000000000000010000000100000086152026000010166200000089150260000101662000000891500000000000000000000002524360463433867555003938000000
0020020667650469003010010932560000000000114041013001000030000000046500000000046500000001000000010000008615202600001016620000008915026000010166200000089150025243604634338675550039380000
005001066765047800301001108776000000000004542810011011003000150000
00200306676504800030100110877600000000000454281001070100300205000465000000000000000000010000000100000086152026000010166200000089150260000101662000000891500000000000000000000002524360463433867555003938000000
005001066765049300301001127711000000000008714114650400001000150000
005001066765049600301001127711000000000008714114650400001000150000
00200306676504980030100112771100000000000871411465070000300208000465000000000000000000010000000100000086152026000010166200000089150260000101662000000891500000000000000000000002524360463433867555003938000000
0020020667651052003010010932560000000000114041013001000030000000046500000000046500000001000000010000008615202600001016620000008915026000010166200000089150025243604634338675550039380000
0020020667651212003010010932560000000000114041013001000030000000046500000000046500000001000000010000008615202600001016620000008915026000010166200000089150025243604634338675550039380000
002011066765151800104151726205000000000024597261520400001002050004650004650004650000000000000000000100000001000000861520260000101662000000891502600001016620000008915000000000000000000000000000000000000000000000000002524360463433867555003938000000
005001066765220400301001093256000000000011404101300400001000150000
00300101000030001400065100000086152026000010166200000089150260000101662000000891506676522080000
00300106130150000100000000000086152026000010166200000089150260000101662000000891506676522080000
00300106140150000100000000000086152026000010166200000089150260000101662000000891506676522080000
00300107000030000400000000000086152026000010166200000089150260000101662000000891506676522080000
00300108000030000100000000000086152026000010166200000089150260000101662000000891506676522080000
00300107030040000100000000000086152026000010166200000089150260000101662000000891506676522080000
00300107010030000200000000000086152026000010166200000089150260000101662000000891506676522080000
00300104000010000100004650000086152026000010166200000089150260000101662000000891506676522080000
001001026000008615200406676522080260000101662000000891502600001016620000008915020290457400100010000
005001066765220900301001093256000000000011404101300400001000150000
001001026000008615200306676522130260000101662000000891502600001016620000008915020290457400100010000
02000100106676522230030100109325600000000001140410130026000010166200000089150061201000008615202600001016620000008915026000010166200000089150000
0210010300280000086152026000010166200000089150260000101662000000891506676522230000
0210010400280000086152026000010166200000089150260000101662000000891506676522230000
0210010500010000086152026000010166200000089150260000101662000000891506676522230000
0210010800080000086152026000010166200000089150260000101662000000891506676522230000
0210011000030000086152026000010166200000089150260000101662000000891506676522230000
0210011100030000086152026000010166200000089150260000101662000000891506676522230000
0210011200010000086152026000010166200000089150260000101662000000891506676522230000
0210011800060000086152026000010166200000089150260000101662000000891506676522230000
0210012500080000086152026000010166200000089150260000101662000000891506676522230000
0210012600010000086152026000010166200000089150260000101662000000891506676522230000
010001001026000010166200000089150000086152066765222400500000
001001026000008615200206676522320260000101662000000891500000000000000000000000020290457400100010000
010001001026000010166200000089150000086152066765223800400000
001001026000008615200106676522430000000101662000000000000000000000000000000000020290457400100010000
03400667623902000008615200005C06676239020667626743000008615204574I00001016620000101662010000023000465000000001000000010400000030004650000000010000000108000000800000000000000100000001
03400667621820000008615200005C06676218200667623895000008615204574V0000101662000010166201000006300046500000000100000001040000006000465000000001000000010700000060000000000000010000000108000002000000000000000100000001080000020000000000000001000000010800000200000000000000010000000108000002000000000000000100000001080000020000000000000001000000010800000200000000000000010000000108000002000000000000000100000001080000020000000000000001000000010800000200000000000000010000000108000002000000000000000100000001
