1000020260000086150003063600113546209509500015470000
001001026000008615000206676445310000000098698000000000000000000000000000000000000000000000000000000
010001001026000009869800000086400000086150066764453800100000
0350010667644550111314490000060200000001010000
010001001026000009869800000086400000086150066764455200200000
001001026000008615000306676445570260000098698000000864002600000986980000008640000000000000000020000
001001026000008615000406676445660260000098698000000864002600000986980000008640020350458000100020000
005001066764456700301001073581000000000011131449860400001000150000
001001026000008615000506676445730260000098698000000864002600000986980000008640020350458000100020000
005001066764457600301001073581000000000011131449860400001000150000
001001026000008615000406676445790260000098698000000864002600000986980000008640020350458000100120000
005001066764458200301001073581000000000011131449860400001000150000
001001026000008615000506676445880260000098698000000864002600000986980000008640020350458000100120000
0020020667645137003010010735810000000000111314498601000030000000055500000000055500000001000000010000008615002600000986980000008640026000009869800000086400063600113546209509500015470000
0020020667645611003010010735810000000000111314498601000030000000055500000000055500000001000000010000008615002600000986980000008640026000009869800000086400063600113546209509500015470000
00200306676456200030400354493400000000003389924854080000307717000555000000000000000000010000000100000086150026000009869800000086400260000098698000000864000000000000000000000006360011354620950950001547000000
005001066764590900104157046621000000000027401767120400001000360000
002011066764591300104157046621000000000027401767120400001018510005550005550004250004250008550000000100000001000000861500260000098698000000864002600000986980000008640100000000000000000000300000000000000000000000000006360011354620950950001547000000
0020020667646057003010010735810000000000111314498601000030000000055500000000055500000001000000010000008615002600000986980000008640026000009869800000086400063600113546209509500015470000
002011066764647600104163914109000000000024073634000400001008920005550005550005550000000000000000000100000001000000861500260000098698000000864002600000986980000008640000000000000000000000000000000000000000000000000006360011354620950950001547000000
005001066764679700104151615098000000000025382380240400001000150000
002011066764679700104151615098000000000025382380240400001002000005550005550005550000000000000000000100000001000000861500260000098698000000864002600000986980000008640000000000000000000000000000000000000000000000000006360011354620950950001547000000
0020020667646814003010010735810000000000111314498601000030000000055500000000055500000001000000010000008615002600000986980000008640026000009869800000086400063600113546209509500015470000
0020020667646870003010010735810000000000111314498601000030000000055500000000055500000001000000010000008615002600000986980000008640026000009869800000086400063600113546209509500015470000
0020020667646882003010010735810000000000111314498601000030000000055500000000055500000001000000010000008615002600000986980000008640026000009869800000086400063600113546209509500015470000
0020020667646887003010010735810000000000111314498601000030000000055500000000055500000001000000010000008615002600000986980000008640026000009869800000086400063600113546209509500015470000
0020020667646935003010010735810000000000111314498601000030000000055500000000055500000001000000010000008615002600000986980000008640026000009869800000086400063600113546209509500015470000
005001066764714700104150252749000000000024589988561023001002300000
005001066764714800104150252749000000000024589988561023001002300000
002011066764715100104150252749000000000024589988560400001005680005550005550004600004600008550000000100000001000000861500260000098698000000864002600000986980000008640100000000000000000000300000000000000000000000000006360011354620950950001547000000
0020020667647187003010010735810000000000111314498601000030000000055500000000055500000001000000010000008615002600000986980000008640026000009869800000086400063600113546209509500015470000
005001066764734600109123157189000000000011062446801023001002300000
002011066764734900109123157189000000000011062446800100001004930005550005550005550000000000000000000100000001000000861500260000098698000000864002600000986980000008640000000000000000000000000000000000000000000000000006360011354620950950001547000000
00200306676473560030400495068500000000003534282214080000302419000555000000000000000000010000000100000086150026000009869800000086400260000098698000000864000000000000000000000006360011354620950950001547000000
00200306676473740150300173123100000000003385171350061201501785000555000000000000000000010000000100000086150026000009869800000086400260000098698000000864000000000000000000000006360011354620950950001547000000
0020020667647381003010010735810000000000111314498601000030000000055500000000055500000001000000010000008615002600000986980000008640026000009869800000086400063600113546209509500015470000
0020020667647727003010010735810000000000111314498601000030000000055500000000055500000001000000010000008615002600000986980000008640026000009869800000086400063600113546209509500015470000
00200306676477340030400467477700000000002680016371080000301278000555000000000000000000010000000100000086150026000009869800000086400260000098698000000864000000000000000000000006360011354620950950001547000000
00200306676477550030400356148100000000002138195116080000302991000555000000000000000000010000000100000086150026000009869800000086400260000098698000000864000000000000000000000006360011354620950950001547000000
00200306676477660030400525692800000000001983595954080000300282000555000000000000000000010000000100000086150026000009869800000086400260000098698000000864000000000000000000000006360011354620950950001547000000
005001066764785700301001160891000000000026716828260400001000150000
005001066764786200301001160891000000000026716828260400001000150000
005001066764786500301001160891000000000026716828260400001000150000
00200306676478660030100116089100000000002671682826070000300056000555000000000000000000010000000100000086150026000009869800000086400260000098698000000864000000000000000000000006360011354620950950001547000000
005001066764799700301001159011000000000035719378620400001000150000
005001066764800200301001159011000000000035719378620400001000150000
00200306676480030030100115901100000000003571937862070000300450000555000000000000000000010000000100000086150026000009869800000086400260000098698000000864000000000000000000000006360011354620950950001547000000
005001066764814000301001114581000000000015747164180400001000150000
005001066764814300301001114581000000000015747164180400001000150000
00200306676481450030100111458100000000001574716418070000301030000555000000000000000000010000000100000086150026000009869800000086400260000098698000000864000000000000000000000006360011354620950950001547000000
00200306676489180030400533332900000000001983690130080000300083000555000000000000000000010000000100000086150026000009869800000086400260000098698000000864000000000000000000000006360011354620950950001547000000
005001066764927700301001073581000000000011131449860400001000150000
00300101000030001100061050000086150026000009869800000086400260000098698000000864006676492810000
00300108000030000600000000000086150026000009869800000086400260000098698000000864006676492810000
00300104000010000400022200000086150026000009869800000086400260000098698000000864006676492810000
00300101000010000100005550000086150026000009869800000086400260000098698000000864006676492810000
00300106120150000100000000000086150026000009869800000086400260000098698000000864006676492810000
00300107000030000300000000000086150026000009869800000086400260000098698000000864006676492810000
001001026000008615000406676492810260000098698000000864002600000986980000008640020350458000100020000
005001066764928300301001073581000000000011131449860400001000150000
001001026000008615000506676492890260000098698000000864002600000986980000008640020350458000100020000
005001066765067000301000749425000000000015562485870400001000150000
005001066765067300301000749425000000000015562485870400001000150000
00200306676506750030100074942500000000001556248587070000309777000555000000000000000000010000000100000086150026000009869800000086400260000098698000000864000000000000000000000006360011354620950950001547000000
002011066765083900104086228021000000000019184558800400001010430005550005550005550000000000000000000100000001000000861500260000098698000000864002600000986980000008640000000000000000000000000000000000000000000000000006360011354620950950001547000000
005001066765084700104156515164000000000026913992401023001002300000
002011066765085400104156515164000000000026913992400400001000790005550005550005550000000000000000000100000001000000861500260000098698000000864002600000986980000008640000000000000000000000000000000000000000000000000006360011354620950950001547000000
002011066765124200117023124221000000000001732824810400001028790005550005550005550000000000000000000100000001000000861500260000098698000000864002600000986980000008640000000000000000000000000000000000000000000000000006360011354620950950001547000000
002011066765124700104151872058000000000025928318160400001001020005550005550005550000000000000000000100000001000000861500260000098698000000864002600000986980000008640000000000000000000000000000000000000000000000000006360011354620950950001547000000
002011066765125000117016837781000000000012628425440400001021590005550005550005550000000000000000000100000001000000861500260000098698000000864002600000986980000008640000000000000000000000000000000000000000000000000006360011354620950950001547000000
005001066765160300301001166288000000000008916419770400001000150000
005001066765160700301001166288000000000008916419770400001000150000
00200306676516080030100116628800000000000891641977070000300087000555000000000000000000010000000100000086150026000009869800000086400260000098698000000864000000000000000000000006360011354620950950001547000000
002011066765199600104079872603000000000015119816870400001014850005550005550005550000000000000000000100000001000000861500260000098698000000864002600000986980000008640000000000000000000000000000000000000000000000000006360011354620950950001547000000
0020020667652139003010010735810000000000111314498601000030000000055500000000055500000001000000010000008615002600000986980000008640026000009869800000086400063600113546209509500015470000
0020020667652413003010010735810000000000111314498601000030000000055500000000055500000001000000010000008615002600000986980000008640026000009869800000086400063600113546209509500015470000
002011066765250300109067931856000000000015622057680100001008170005550005550005550000000000000000000100000001000000861500260000098698000000864002600000986980000008640000000000000000000000000000000000000000000000000006360011354620950950001547000000
0020020667652675003010010735810000000000111314498601000030000000055500000000055500000001000000010000008615002600000986980000008640026000009869800000086400063600113546209509500015470000
002011066765269900104165283491000000000022943639760400001038760005550005550005550000000000000000000100000001000000861500260000098698000000864002600000986980000008640000000000000000000000019000000000000000000000000006360011354620950950001547000000
005001066765275301503002376019000000000010327637280614015000840000
00200306676527530150300237601900000000001032763728061301501893000555000000000000000000010000000100000086150026000009869800000086400260000098698000000864000000000000000000000006360011354620950950001547000000
0020020667652761015030023760190000000000103276372806140150106700055500000000000000000001000000010000008615002600000986980000008640026000009869800000086400063600113546209509500015470000
005001066765405400301001073581000000000011131449860400001000150000
00300107000030000200000000000086150026000009869800000086400260000098698000000864006676540580000
00300104000010000700038850000086150026000009869800000086400260000098698000000864006676540580000
00300101000030000300016650000086150026000009869800000086400260000098698000000864006676540580000
00300101000010000100005550000086150026000009869800000086400260000098698000000864006676540580000
00300106130150000100000000000086150026000009869800000086400260000098698000000864006676540580000
00300106140150000100000000000086150026000009869800000086400260000098698000000864006676540580000
001001026000008615000406676540580260000098698000000864002600000986980000008640020350458000100120000
005001066765406000301001073581000000000011131449860400001000150000
001001026000008615000506676540660260000098698000000864002600000986980000008640020350458000100120000
0020020667655243003010010735810000000000111314498601000030000000055500000000055500000001000000010000008615002600000986980000008640026000009869800000086400063600113546209509500015470000
0020020667655248003010010735810000000000111314498601000030000000055500000000055500000001000000010000008615002600000986980000008640026000009869800000086400063600113546209509500015470000
0020020667655290003010010735810000000000111314498601000030000000055500000000055500000001000000010000008615002600000986980000008640026000009869800000086400063600113546209509500015470000
00200306676554550030400431847400000000002517386746080000300691000555000000000000000000010000000100000086150026000009869800000086400260000098698000000864000000000000000000000006360011354620950950001547000000
00200306676554630030400482794800000000000456378361080000300629000555000000000000000000010000000100000086150026000009869800000086400260000098698000000864000000000000000000000006360011354620950950001547000000
005001066765574901503003089901000000000005201099130614015000840000
00200306676557490150300308990100000000000520109913061301501675000555000000000000000000010000000100000086150026000009869800000086400260000098698000000864000000000000000000000006360011354620950950001547000000
0020020667655759015030030899010000000000052010991306140150163600055500000000000000000001000000010000008615002600000986980000008640026000009869800000086400063600113546209509500015470000
0020020667655934003010010735810000000000111314498601000030000000055500000000055500000001000000010000008615002600000986980000008640026000009869800000086400063600113546209509500015470000
0020020667656397003010010735810000000000111314498601000030000000055500000000055500000001000000010000008615002600000986980000008640026000009869800000086400063600113546209509500015470000
002011066765640400104088858588000000000027166807760400001004650005550005550005550000000000000000000100000001000000861500260000098698000000864002600000986980000008640000000000000000000000000000000000000000000000000006360011354620950950001547000000
005001066765656200104081679246000000000000870828241023001002300000
002011066765656500104081679246000000000000870828240400001015840005550005550005550000000000000000000100000001000000861500260000098698000000864002600000986980000008640000000000000000000000000000000000000000000000000006360011354620950950001547000000
0020020667656927003010010735810000000000111314498601000030000000055500000000055500000001000000010000008615002600000986980000008640026000009869800000086400063600113546209509500015470000
005001066765706900109054495998000000000019029635280100001000150000
005001066765706900109054495998000000000019029635280100001000150000
005001066765707000109054495998000000000019029635281023001000150000
005001066765707000109054495998000000000019029635281023001002300000
005001066765707300109054495998000000000019029635280100001000360000
005001066765707700109054495998000000000019029635280100001000360000
002011066765708400109054495998000000000019029635280100001002640005550005550004600004600008550000000100000001000000861500260000098698000000864002600000986980000008640100000000000000000000300000000000000000000000000006360011354620950950001547000000
005001066765724100301001164595000000000008920677850400001000150000
005001066765724300301001164595000000000008920677850400001000150000
00200306676572450030100116459500000000000892067785070000300079000555000000000000000000010000000100000086150026000009869800000086400260000098698000000864000000000000000000000006360011354620950950001547000000
005001066765840600301001073581000000000011131449860400001000150000
00300101000030000600033300000086150026000009869800000086400260000098698000000864006676584110000
00300108000030000200000000000086150026000009869800000086400260000098698000000864006676584110000
00300106130150000100000000000086150026000009869800000086400260000098698000000864006676584110000
00300106140150000100000000000086150026000009869800000086400260000098698000000864006676584110000
00300104000010000200011100000086150026000009869800000086400260000098698000000864006676584110000
00300101000010000100005550000086150026000009869800000086400260000098698000000864006676584110000
00300107000030000100000000000086150026000009869800000086400260000098698000000864006676584110000
001001026000008615000406676584110260000098698000000864002600000986980000008640020350458000100020000
005001066765841200301001073581000000000011131449860400001000150000
001001026000008615000506676584180260000098698000000864002600000986980000008640020350458000100020000
005001066765970200301001062261000000000025240588580400001000150000
001001026000008615000406676597050260000098698000000864002600000986980000008640020350458000100120000
005001066765970700301001062261000000000025240588580400001000150000
001001026000008615000506676597110260000098698000000864002600000986980000008640020350458000100120000
005001066765971300301001062261000000000025240588580400001000150000
001001026000008615000406676597150260000098698000000864002600000986980000008640020350458000100020000
005001066765971800301001062261000000000025240588580400001000150000
001001026000008615000506676597210260000098698000000864002600000986980000008640020350458000100020000
0020020667659839003010010735810000000000111314498601000030000000055500000000055500000001000000010000008615002600000986980000008640026000009869800000086400063600113546209509500015470000
005001066765984601503002760862000000000005722557790614015000840000
00200306676598460150300276086200000000000572255779061301501779000555000000000000000000010000000100000086150026000009869800000086400260000098698000000864000000000000000000000006360011354620950950001547000000
0020020667659853015030027608620000000000057225577906140150151400055500000000000000000001000000010000008615002600000986980000008640026000009869800000086400063600113546209509500015470000
002011066765986000109127335464000000000001615368400100001015080005550005550005550000000000000000000100000001000000861500260000098698000000864002600000986980000008640000000000000000000000000000000000000000000000000006360011354620950950001547000000
002011066766054000104164452729000000000024014769360400001078500005550005550005550000000000000000000100000001000000861500260000098698000000864002600000986980000008640000000000000000000000000000000000000000000000000006360011354620950950001547000000
0020020667660817003010010735810000000000111314498601000030000000055500000000055500000001000000010000008615002600000986980000008640026000009869800000086400063600113546209509500015470000
005001066766124900301001057918000000000034088202280400001000150000
005001066766125200301001057918000000000034088202280400001000150000
00200306676612530030100105791800000000003408820228070000303028000555000000000000000000010000000100000086150026000009869800000086400260000098698000000864000000000000000000000006360011354620950950001547000000
0020020667661632003010010735810000000000111314498601000030000000055500000000055500000001000000010000008615002600000986980000008640026000009869800000086400063600113546209509500015470000
002011066766169500104082837392000000000001253630160400001009400005550005550005550000000000000000000100000001000000861500260000098698000000864002600000986980000008640000000000000000000000000000000000000000000000000006360011354620950950001547000000
0020020667661767003010010735810000000000111314498601000030000000055500000000055500000001000000010000008615002600000986980000008640026000009869800000086400063600113546209509500015470000
002011066766214800104152375198000000000023337892560400001042020005550005550005550000000000000000000100000001000000861500260000098698000000864002600000986980000008640000000000000000000000000000000000000000000000000006360011354620950950001547000000
00200306676622190030400473935600000000001545922242080000302975000555000000000000000000010000000100000086150026000009869800000086400260000098698000000864000000000000000000000006360011354620950950001547000000
00200306676623080030400511425200000000000873161609080000301347000555000000000000000000010000000100000086150026000009869800000086400260000098698000000864000000000000000000000006360011354620950950001547000000
002011066766240700104085661491000000000015555635920400001010050005550005550005550000000000000000000100000001000000861500260000098698000000864002600000986980000008640000000000000000000000000000000000000000000000000006360011354620950950001547000000
005001066766249400104088692906000000000030121905361023001002300000
002011066766249700104088692906000000000030121905360400001002020005550005550005550000000000000000000100000001000000861500260000098698000000864002600000986980000008640000000000000000000000000000000000000000000000000006360011354620950950001547000000
005001066766376800301001073581000000000011131449860400001000150000
00300101000030000400022200000086150026000009869800000086400260000098698000000864006676637720000
00300106130150000100000000000086150026000009869800000086400260000098698000000864006676637720000
00300106140150000100000000000086150026000009869800000086400260000098698000000864006676637720000
00300101000010000100005550000086150026000009869800000086400260000098698000000864006676637720000
00300104000010000500027750000086150026000009869800000086400260000098698000000864006676637720000
00300107000030000100000000000086150026000009869800000086400260000098698000000864006676637720000
00300108000030000200000000000086150026000009869800000086400260000098698000000864006676637720000
001001026000008615000406676637720260000098698000000864002600000986980000008640020350458000100120000
005001066766377400301001073581000000000011131449860400001000150000
001001026000008615000306676637770260000098698000000864002600000986980000008640020350458000100120000
02000100106676637880030100107358100000000001113144986026000009869800000086400060201000008615002600000986980000008640026000009869800000086400000
0210010300100000086150026000009869800000086400260000098698000000864006676637880000
0210010400260000086150026000009869800000086400260000098698000000864006676637880000
0210010800070000086150026000009869800000086400260000098698000000864006676637880000
0210010900010000086150026000009869800000086400260000098698000000864006676637880000
0210011000030000086150026000009869800000086400260000098698000000864006676637880000
0210011100030000086150026000009869800000086400260000098698000000864006676637880000
0210011800030000086150026000009869800000086400260000098698000000864006676637880000
0210012500040000086150026000009869800000086400260000098698000000864006676637880000
010001001026000009869800000086400000086150066766378900500000
001001026000008615000206676637970260000098698000000864000000000000000000000000020350458000100120000
010001001026000009869800000086400000086150066766380400400000
001001026000008615000106676638110000000098698000000000000000000000000000000000020350458000100120000
03400667644588000008615000005C06676445880667649281000008615004580V000009869800000986980100000180005550000000010000000104000000100046010000000100000001040000001000425100000001000000010400000040005550000000010000000106120000100000000000000100000001070000004000000000000001000000010800000080000000000000010000000108000000800000000000000100000001080000008000000000000001000000010800000080000000000000010000000108000000800000000000000100000001080000008000000000000001000000010800000080000000000000010000000108000000800000000000000100000001080000008000000000000001000000010800000080000000000000010000000108000000800000000000000100000001080000008000000000000001000000010800000080000000000000010000000108000000800000000000000100000001080000008000000000000001000000010800000080000000000000010000000108000000800000000000000100000001080000008000000000000001000000010800000080000000000000010000000108000000800000000000000100000001
