1000020260000086173003063600108005701976540031490000
001001026000008617300206676214040000000088078000000000000000000000000000000000020830462800100100000
010001001026000008807800000080840000086173066762141700100000
0350010667621427389092810000116800000002010000
010001001026000008807800000080840000086173066762143000200000
001001026000008617300306676214330260000088078000000808402600000880780000008084020830462800100110000
001001026000008617300406676214430260000088078000000808402600000880780000008084020830462800100110000
005001066762144400301000949653000000000038909281860400001000150000
001001026000008617300506676214500260000088078000000808402600000880780000008084020830462800100110000
002011066762180400109129006425000000000012359189200100001002540004650004650004650000000000000000000100000001000000861730260000088078000000808402600000880780000008084000000000000000000000000000000000000000000000000006360010800570197654003149000000
005001066762181200000000000000000000000015900877520000000000150000
002011066762181400104088151425000000000015900877520400001002950004650004650004650000000000000000000100000001000000861730260000088078000000808402600000880780000008084000000000000000000000000000000000000000000000000006360010800570197654003149000000
0020020667621861003010009496530000000000389092818601000030000000046500000000046500000001000000010000008617302600000880780000008084026000008807800000080840063600108005701976540031490000
002011066762188300104085840939000000000017987113680400001001700004650004650004600004600008550000000100000001000000861730260000088078000000808402600000880780000008084100000000000000000000300000000000000000000000000006360010800570197654003149000000
0020020667621916003010009496530000000000389092818601000030000000046500000000046500000001000000010000008617302600000880780000008084026000008807800000080840063600108005701976540031490000
002011066762199200104150893094000000000023832732880400001003870004650004650004650000000000000000000100000001000000861730260000088078000000808402600000880780000008084000000000000000000000000000000000000000000000000006360010800570197654003149000000
002011066762204300117059408377000000000013902566650400001016200004650004650004650000000000000000000100000001000000861730260000088078000000808402600000880780000008084000000000000000000000000000000000000000000000000006360010800570197654003149000000
00200306676222500030500030747600000000003774931953071000301791000465000000000000000000010000000100000086173026000008807800000080840260000088078000000808400000000000000000000006360010800570197654003149000000
0020020667622367003010009496530000000000389092818601000030000000046500000000046500000001000000010000008617302600000880780000008084026000008807800000080840063600108005701976540031490000
005001066762441700301000949653000000000038909281860400001000150000
00300101000010000100004650000086173026000008807800000080840260000088078000000808406676244210000
00300104000010000400018600000086173026000008807800000080840260000088078000000808406676244210000
00300101000030000300013950000086173026000008807800000080840260000088078000000808406676244210000
00300107100030000100000000000086173026000008807800000080840260000088078000000808406676244210000
001001026000008617300406676244210260000088078000000808402600000880780000008084020830462800100010000
005001066762442300301000949653000000000038909281860400001000150000
001001026000008617300306676244260260000088078000000808402600000880780000008084020830462800100010000
001001026000008617300206676244320260000088078000000808402600000880780000008084020830462800100010000
010001001026000008807800000080840000086173066762443800400000
02000100106676244460030100094965300000000003890928186026000008807800000080840116802000008617302600000880780000008084026000008807800000080840000
0210010400100000086173026000008807800000080840260000088078000000808406676244460000
0210010500010000086173026000008807800000080840260000088078000000808406676244460000
0210011800010000086173026000008807800000080840260000088078000000808406676244460000
0210012500010000086173026000008807800000080840260000088078000000808406676244460000
010001001026000008807800000080840000086173066762444600500000
001001026000008617300106676244520000000088078000000000000000000000000000000000020830462800100010000
03400667621450000008617300005C06676214500667624421000008617304628V00000880780000088078010000004000465000000001000000010400000030004650000000010000000104000000100046010000000100000001071000001000000000000001000000010710000010000000000000010000000107100000100000000000000100000001071000001000000000000001000000010710000010000000000000010000000107100000100000000000000100000001
