1000020260000086238003063600113503259862800019120000
001001026000008623800206676514300000000105439000000000000000000000000000000000000000000000000000000
010001001026000010543900000092380000086238066765143600100000
0350010667651448340860950000029500000001010000
010001001026000010543900000092380000086238066765145000200000
001001026000008623800306676514540260000105439000000923802600001054390000009238000000000000000020000
001001026000008623800406676514610260000105439000000923802600001054390000009238020350458000100020000
001001026000008623800506676514680260000105439000000923802600001054390000009238020350458000100020000
002011066765276800104163074011000000000017705439440400001001930005550005550005550000000000000000000100000001000000862380260000105439000000923802600001054390000009238000000000000000000000000000000000000000000000000006360011350325986280001912000000
002011066765281100109069884669000000000019161521360100001012320005550005550005550000000000000000000100000001000000862380260000105439000000923802600001054390000009238000000000000000000000000000000000000000000000000006360011350325986280001912000000
0020020667653031003010011309250000000000340860957201000030000000055500000000055500000001000000010000008623802600001054390000009238026000010543900000092380063600113503259862800019120000
0020020667653081003010011309250000000000340860957201000030000000055500000000055500000001000000010000008623802600001054390000009238026000010543900000092380063600113503259862800019120000
0020020667653108003010011309250000000000340860957201000030000000055500000000055500000001000000010000008623802600001054390000009238026000010543900000092380063600113503259862800019120000
0020020667653186003010011309250000000000340860957201000030000000055500000000055500000001000000010000008623802600001054390000009238026000010543900000092380063600113503259862800019120000
0020020667653237003010011309250000000000340860957201000030000000055500000000055500000001000000010000008623802600001054390000009238026000010543900000092380063600113503259862800019120000
002011066765332500104087246252000000000015927780560400001012730005550005550005550000000000000000000100000001000000862380260000105439000000923802600001054390000009238000000000000000000000000000000000000000000000000006360011350325986280001912000000
002011066765333000104156864533000000000027989079760400001002260005550005550005550000000000000000000100000001000000862380260000105439000000923802600001054390000009238000000000000000000000000000000000000000000000000006360011350325986280001912000000
005001066765366400301001123953000000000008723841530400001000150000
005001066765366800301001123953000000000008723841530400001000150000
00200306676536700030100112395300000000000872384153070000300865000555000000000000000000010000000100000086238026000010543900000092380260000105439000000923800000000000000000000006360011350325986280001912000000
005001066765401600109091842477000000000029875144400100001000150000
005001066765401600109091842477000000000029875144400100001000150000
002011066765401900109091842477000000000029875144400100001000060005550005550005550000000000000000000100000001000000862380260000105439000000923802600001054390000009238000000000000000000000000000000000000000000000000006360011350325986280001912000000
002011066765402400104151893616000000000024740214480400001001620005550005550001500000000000000000000100000001000000862380260000105439000000923802600001054390000009238000000000000000000000000000000000000000000000000006360011350325986280001912000000
002011066765402400104151893616000000000024740214480400001001620005550005550004050000000000000000000100000001000000862380260000105439000000923802600001054390000009238000000000000000000000000000000000000000000000000006360011350325986280001912000000
00200306676543360150300246886100000000001113317466061201500372000555000000000000000000010000000100000086238026000010543900000092380260000105439000000923800000000000000000000006360011350325986280001912000000
0020020667654345003010011309250000000000340860957201000030000000055500000000055500000001000000010000008623802600001054390000009238026000010543900000092380063600113503259862800019120000
002011066765434900104087582716000000000015990922960400001001400005550005550005550000000000000000000100000001000000862380260000105439000000923802600001054390000009238000000000000000000000000000000000000000000000000006360011350325986280001912000000
0020020667654604003010011309250000000000340860957201000030000000055500000000055500000001000000010000008623802600001054390000009238026000010543900000092380063600113503259862800019120000
0020020667656714003010011309250000000000340860957201000030000000055500000000055500000001000000010000008623802600001054390000009238026000010543900000092380063600113503259862800019120000
0020020667656731003010011309250000000000340860957201000030000000055500000000055500000001000000010000008623802600001054390000009238026000010543900000092380063600113503259862800019120000
0020020667656926003010011309250000000000340860957201000030000000055500000000055500000001000000010000008623802600001054390000009238026000010543900000092380063600113503259862800019120000
0020020667656931003010011309250000000000340860957201000030000000055500000000055500000001000000010000008623802600001054390000009238026000010543900000092380063600113503259862800019120000
0020020667656940003010011309250000000000340860957201000030000000055500000000055500000001000000010000008623802600001054390000009238026000010543900000092380063600113503259862800019120000
0020020667656945003010011309250000000000340860957201000030000000055500000000055500000001000000010000008623802600001054390000009238026000010543900000092380063600113503259862800019120000
002011066765707200117002178593000000000011873913470400001086570005550005550005550000000000000000000100000001000000862380260000105439000000923802600001054390000009238000000000000000000000000000000000000000000000000006360011350325986280001912000000
002011066765739300104083742018000000000012680679120400001008660005550005550005550000000000000000000100000001000000862380260000105439000000923802600001054390000009238000000000000000000000000000000000000000000000000006360011350325986280001912000000
0020020667657526003010011309250000000000340860957201000030000000055500000000055500000001000000010000008623802600001054390000009238026000010543900000092380063600113503259862800019120000
0020020667657570003010011309250000000000340860957201000030000000055500000000055500000001000000010000008623802600001054390000009238026000010543900000092380063600113503259862800019120000
0020020667658103003010011309250000000000340860957201000030000000055500000000055500000001000000010000008623802600001054390000009238026000010543900000092380063600113503259862800019120000
0020020667658665003010011309250000000000340860957201000030000000055500000000055500000001000000010000008623802600001054390000009238026000010543900000092380063600113503259862800019120000
0020020667658834003010011309250000000000340860957201000030000000055500000000055500000001000000010000008623802600001054390000009238026000010543900000092380063600113503259862800019120000
0020020667659094003010011309250000000000340860957201000030000000055500000000055500000001000000010000008623802600001054390000009238026000010543900000092380063600113503259862800019120000
002011066766229100104086432371000000000023772746960400001004720005550005550005550000000000000000000100000001000000862380260000105439000000923802600001054390000009238000000000000000000000000000000000000000000000000006360011350325986280001912000000
0020020667662298003010011309250000000000340860957201000030000000055500000000055500000001000000010000008623802600001054390000009238026000010543900000092380063600113503259862800019120000
0020020667662319003010011309250000000000340860957201000030000000055500000000055500000001000000010000008623802600001054390000009238026000010543900000092380063600113503259862800019120000
002011066766232300109074351215000000000031295834320100001001070005550005550005550000000000000000000100000001000000862380260000105439000000923802600001054390000009238000000000000000000000000000000000000000000000000006360011350325986280001912000000
00200306676623280150300183487100000000004246162053061201502385000555000000000000000000010000000100000086238026000010543900000092380260000105439000000923800000000000000000000006360011350325986280001912000000
0020020667662351003010011309250000000000340860957201000030000000055500000000055500000001000000010000008623802600001054390000009238026000010543900000092380063600113503259862800019120000
0020020667662477003010011309250000000000340860957201000030000000055500000000055500000001000000010000008623802600001054390000009238026000010543900000092380063600113503259862800019120000
0020020667662530003010011309250000000000340860957201000030000000055500000000055500000001000000010000008623802600001054390000009238026000010543900000092380063600113503259862800019120000
0020020667662534003010011309250000000000340860957201000030000000055500000000055500000001000000010000008623802600001054390000009238026000010543900000092380063600113503259862800019120000
0020020667662611003010011309250000000000340860957201000030000000055500000000055500000001000000010000008623802600001054390000009238026000010543900000092380063600113503259862800019120000
0020020667662615003010011309250000000000340860957201000030000000055500000000055500000001000000010000008623802600001054390000009238026000010543900000092380063600113503259862800019120000
0020020667662729003010011309250000000000340860957201000030000000055500000000055500000001000000010000008623802600001054390000009238026000010543900000092380063600113503259862800019120000
0020020667662829003010011309250000000000340860957201000030000000055500000000055500000001000000010000008623802600001054390000009238026000010543900000092380063600113503259862800019120000
0020020667662967003010011309250000000000340860957201000030000000055500000000055500000001000000010000008623802600001054390000009238026000010543900000092380063600113503259862800019120000
0020020667663034003010011309250000000000340860957201000030000000055500000000055500000001000000010000008623802600001054390000009238026000010543900000092380063600113503259862800019120000
0020020667663051003010011309250000000000340860957201000030000000055500000000055500000001000000010000008623802600001054390000009238026000010543900000092380063600113503259862800019120000
00200306676630960030400298575900000000002125175164080000308194000555000000000000000000010000000100000086238026000010543900000092380260000105439000000923800000000000000000000006360011350325986280001912000000
0020020667663159003010011309250000000000340860957201000030000000055500000000055500000001000000010000008623802600001054390000009238026000010543900000092380063600113503259862800019120000
002011066766316400109167116321000000000007662674640100001013730005550005550005550000000000000000000100000001000000862380260000105439000000923802600001054390000009238000000000000000000000000000000000000000000000000006360011350325986280001912000000
0020020667663182003010011309250000000000340860957201000030000000055500000000055500000001000000010000008623802600001054390000009238026000010543900000092380063600113503259862800019120000
002011066766329500104151116351000000000023852388560400001005970005550005550005550000000000000000000100000001000000862380260000105439000000923802600001054390000009238000000000000000000000000000000000000000000000000006360011350325986280001912000000
0020020667663309003010011309250000000000340860957201000030000000055500000000055500000001000000010000008623802600001054390000009238026000010543900000092380063600113503259862800019120000
00200306676639630030400528340200000000001983480802080000300068000555000000000000000000010000000100000086238026000010543900000092380260000105439000000923800000000000000000000006360011350325986280001912000000
0020020667663986003010011309250000000000340860957201000030000000055500000000055500000001000000010000008623802600001054390000009238026000010543900000092380063600113503259862800019120000
0020020667664114003010011309250000000000340860957201000030000000055500000000055500000001000000010000008623802600001054390000009238026000010543900000092380063600113503259862800019120000
0020020667664177003010011309250000000000340860957201000030000000055500000000055500000001000000010000008623802600001054390000009238026000010543900000092380063600113503259862800019120000
002011066766424200104156235188000000000028496643280400001000460005550005550005550000000000000000000100000001000000862380260000105439000000923802600001054390000009238000000000000000000000000000000000000000000000000006360011350325986280001912000000
002011066766429000117060347572000000000001144003520400001007930005550005550005550000000000000000000100000001000000862380260000105439000000923802600001054390000009238000000000000000000000000000000000000000000000000006360011350325986280001912000000
002011066766450500117054338281000000000031519114720400001013350005550005550005550000000000000000000100000001000000862380260000105439000000923802600001054390000009238000000000000000000000000000000000000000000000000006360011350325986280001912000000
0020020667664611003010011309250000000000340860957201000030000000055500000000055500000001000000010000008623802600001054390000009238026000010543900000092380063600113503259862800019120000
00200306676646220030400488488700000000002528327370080000300625000555000000000000000000010000000100000086238026000010543900000092380260000105439000000923800000000000000000000006360011350325986280001912000000
002011066766487700117019297108000000000013972004480400001049680005550005550005550000000000000000000100000001000000862380260000105439000000923802600001054390000009238000000000000000000000000000000000000000000000000006360011350325986280001912000000
00200306676648840030400441064800000000002678339603080000301740000555000000000000000000010000000100000086238026000010543900000092380260000105439000000923800000000000000000000006360011350325986280001912000000
0020020667666749003010011309250000000000340860957201000030000000055500000000055500000001000000010000008623802600001054390000009238026000010543900000092380063600113503259862800019120000
002011066766716300104087991012000000000018103511760400001002030005550005550005550000000000000000000100000001000000862380260000105439000000923802600001054390000009238000000000000000000000000000000000000000000000000006360011350325986280001912000000
002011066766735000104150118236000000000025815427280400001002610005550005550005550000000000000000000100000001000000862380260000105439000000923802600001054390000009238000000000000000000000000000000000000000000000000006360011350325986280001912000000
00200306676675040150300284771200000000001134656530061201502021000555000000000000000000010000000100000086238026000010543900000092380260000105439000000923800000000000000000000006360011350325986280001912000000
0020020667667725003010011309250000000000340860957201000030000000055500000000055500000001000000010000008623802600001054390000009238026000010543900000092380063600113503259862800019120000
002011066766791300104167161628000000000023212578000400001005550005550005550005550000000000000000000100000001000000862380260000105439000000923802600001054390000009238000000000000000000000000000000000000000000000000006360011350325986280001912000000
002011066766792100104167160834000000000023170652880400001003580005550005550005550000000000000000000100000001000000862380260000105439000000923802600001054390000009238000000000000000000000000000000000000000000000000006360011350325986280001912000000
005001066766801600304003975986000000000009890041230800003000360000
005001066766802500304003975986000000000009890041230000000000150000
00200306676680310030400397598600000000000989004123080000301106000555000000000000000000010000000100000086238026000010543900000092380260000105439000000923800000000000000000000006360011350325986280001912000000
005001066766813900301001165206000000000008918146010400001000150000
005001066766814000301001165206000000000008918146011011003000150000
005001066766814100301001165206000000000008918146010400001000150000
005001066766814400301001165206000000000008918146010400001000150000
00200306676681450030100116520600000000000891814601070000300100000555000000000000000000010000000100000086238026000010543900000092380260000105439000000923800000000000000000000006360011350325986280001912000000
0020020667668224003010011309250000000000340860957201000030000000055500000000055500000001000000010000008623802600001054390000009238026000010543900000092380063600113503259862800019120000
005001066766834100301001118615000000000015736147380400001000150000
005001066766834400301001118615000000000015736147380400001000150000
00200306676683460030100111861500000000001573614738070000300641000555000000000000000000010000000100000086238026000010543900000092380260000105439000000923800000000000000000000006360011350325986280001912000000
0020020667668605003010011309250000000000340860957201000030000000055500000000055500000001000000010000008623802600001054390000009238026000010543900000092380063600113503259862800019120000
002011066766872100104089630653000000000034932375760400001001530005550005550005550000000000000000000100000001000000862380260000105439000000923802600001054390000009238000000000000000000000000000000000000000000000000006360011350325986280001912000000
0020020667668770003010011309250000000000340860957201000030000000055500000000055500000001000000010000008623802600001054390000009238026000010543900000092380063600113503259862800019120000
00200306676688460030500030747600000000003774931953071000301793000555000000000000000000010000000100000086238026000010543900000092380260000105439000000923800000000000000000000006360011350325986280001912000000
0020020667671333003010011309250000000000340860957201000030000000055500000000055500000001000000010000008623802600001054390000009238026000010543900000092380063600113503259862800019120000
0020020667671342003010011309250000000000340860957201000030000000055500000000055500000001000000010000008623802600001054390000009238026000010543900000092380063600113503259862800019120000
002011066767135000104086184954000000000016952622800400001004750005550005550005550000000000000000000100000001000000862380260000105439000000923802600001054390000009238000000000000000000000000000000000000000000000000006360011350325986280001912000000
0020020667671367003010011309250000000000340860957201000030000000055500000000055500000001000000010000008623802600001054390000009238026000010543900000092380063600113503259862800019120000
0020020667671393003010011309250000000000340860957201000030000000055500000000055500000001000000010000008623802600001054390000009238026000010543900000092380063600113503259862800019120000
0020020667671399003010011309250000000000340860957201000030000000055500000000055500000001000000010000008623802600001054390000009238026000010543900000092380063600113503259862800019120000
002011066767173100104151603871000000000025908124880400001001700005550005550005550000000000000000000100000001000000862380260000105439000000923802600001054390000009238000000000000000000000000000000000000000000000000006360011350325986280001912000000
002011066767173800104156661896000000000027568717520400001000320005550005550005550000000000000000000100000001000000862380260000105439000000923802600001054390000009238000000000000000000000000000000000000000000000000006360011350325986280001912000000
005001066767179100104156286505000000000027128154321023001000150000
002011066767179300104156286505000000000027128154320400001000590005550005550004500004500008550000000100000001000000862380260000105439000000923802600001054390000009238100000000000000000000300000000000000000000000000006360011350325986280001912000000
0020020667671939003010011309250000000000340860957201000030000000055500000000055500000001000000010000008623802600001054390000009238026000010543900000092380063600113503259862800019120000
0020020667671943003010011309250000000000340860957201000030000000055500000000055500000001000000010000008623802600001054390000009238026000010543900000092380063600113503259862800019120000
00200306676720040150300194812400000000004246379685061201500735000555000000000000000000010000000100000086238026000010543900000092380260000105439000000923800000000000000000000006360011350325986280001912000000
0020020667672110003010011309250000000000340860957201000030000000055500000000055500000001000000010000008623802600001054390000009238026000010543900000092380063600113503259862800019120000
0020020667672184003010011309250000000000340860957201000030000000055500000000055500000001000000010000008623802600001054390000009238026000010543900000092380063600113503259862800019120000
005001066767235700301001165206000000000008918146010400001000150000
005001066767236000301001165206000000000008918146010400001000150000
00200306676723610030100116520600000000000891814601070000300103000555000000000000000000010000000100000086238026000010543900000092380260000105439000000923800000000000000000000006360011350325986280001912000000
0020020667672571003010011309250000000000340860957201000030000000055500000000055500000001000000010000008623802600001054390000009238026000010543900000092380063600113503259862800019120000
005001066767257700301001159249000000000035699822300400001000150000
005001066767258000301001159249000000000035699822300400001000150000
00200306676725810030100115924900000000003569982230070000300256000555000000000000000000010000000100000086238026000010543900000092380260000105439000000923800000000000000000000006360011350325986280001912000000
00200306676727390030400532819800000000001983422754080000300108000555000000000000000000010000000100000086238026000010543900000092380260000105439000000923800000000000000000000006360011350325986280001912000000
002011066767282400104011539313000000000035097718760400001021850005550005550005550000000000000000000100000001000000862380260000105439000000923802600001054390000009238000000000000000000000019300000000000000000000000006360011350325986280001912000000
0020020667673091003010011309250000000000340860957201000030000000055500000000055500000001000000010000008623802600001054390000009238026000010543900000092380063600113503259862800019120000
0020020667673122003010011309250000000000340860957201000030000000055500000000055500000001000000010000008623802600001054390000009238026000010543900000092380063600113503259862800019120000
00300104000010002300127650000086238026000010543900000092380260000105439000000923806676746120000
00300101000010000400022200000086238026000010543900000092380260000105439000000923806676746120000
00300101000030005600310800000086238026000010543900000092380260000105439000000923806676746120000
00300107000030000500000000000086238026000010543900000092380260000105439000000923806676746120000
00300106120150000400000000000086238026000010543900000092380260000105439000000923806676746120000
00300108000030000600000000000086238026000010543900000092380260000105439000000923806676746120000
00300107100030000100000000000086238026000010543900000092380260000105439000000923806676746120000
001001026000008623800406676746120260000105439000000923802600001054390000009238020350458000100120000
001001026000008623800306676746160260000105439000000923802600001054390000009238020350458000100120000
02000100106676746330030100113092500000000003408609572026000010543900000092380029501000008623802600001054390000009238026000010543900000092380000
0210010300060000086238026000010543900000092380260000105439000000923806676746330000
0210010400460000086238026000010543900000092380260000105439000000923806676746330000
0210010500010000086238026000010543900000092380260000105439000000923806676746330000
0210010800050000086238026000010543900000092380260000105439000000923806676746330000
0210010900040000086238026000010543900000092380260000105439000000923806676746330000
0210011800070000086238026000010543900000092380260000105439000000923806676746330000
0210012500060000086238026000010543900000092380260000105439000000923806676746330000
010001001026000010543900000092380000086238066767463300500000
001001026000008623800206676746370260000105439000000923800000000000000000000000020350458000100120000
010001001026000010543900000092380000086238066767464400400000
001001026000008623800106676746490000000105439000000000000000000000000000000000020350458000100120000
03400667651468000008623800005C06676514680667674612000008623804580I00001054390000105439010000060000555000000001000000010400000210005550000000010000000104000000100015000000000100000001040000001000405000000001000000010400000010004501000000010000000106120000400000000000000100000001070000005000000000000001000000010710000010000000000000010000000108000000600000000000000100000001
