1000020260000086172003063600108048651614030024790000
001001026000008617200206676487620000000051496000000000000000000000000000000000000000000000000000000
010001001026000005149600000062400000086172066764877000100000
0350010667648787323942930000140100000001010000
010001001026000005149600000062400000086172066764879000200000
001001026000008617200306676487930260000051496000000624002600000514960000006240000000000000000020000
001001026000008617200406676488010260000051496000000624002600000514960000006240020290457400100020000
001001026000008617200506676499110260000051496000000624002600000514960000006240020290457400100020000
0020020667650117003010008084720000000000323942930201000030000000046500000000046500000001000000010000008617202600000514960000006240026000005149600000062400063600108048651614030024790000
0020020667650124003010008084720000000000323942930201000030000000046500000000046500000001000000010000008617202600000514960000006240026000005149600000062400063600108048651614030024790000
002011066765032800104087771098000000000017077625040400001003110004650004650004650000000000000000000100000001000000861720260000051496000000624002600000514960000006240000000000000000000000000000000000000000000000000006360010804865161403002479000000
0020020667650339003010008084720000000000323942930201000030000000046500000000046500000001000000010000008617202600000514960000006240026000005149600000062400063600108048651614030024790000
00200306676503480030400492041700000000000456009081080000300335000465000000000000000000010000000100000086172026000005149600000062400260000051496000000624000000000000000000000006360010804865161403002479000000
0020020667650451003010008084720000000000323942930201000030000000046500000000046500000001000000010000008617202600000514960000006240026000005149600000062400063600108048651614030024790000
0020020667650463003010008084720000000000323942930201000030000000046500000000046500000001000000010000008617202600000514960000006240026000005149600000062400063600108048651614030024790000
0020020667650652003010008084720000000000323942930201000030000000046500000000046500000001000000010000008617202600000514960000006240026000005149600000062400063600108048651614030024790000
002011066765082500104150893094000000000023832732880400001003880004650004650004650000000000000000000100000001000000861720260000051496000000624002600000514960000006240000000000000000000000000000000000000000000000000006360010804865161403002479000000
0020020667651029003010008084720000000000323942930201000030000000046500000000046500000001000000010000008617202600000514960000006240026000005149600000062400063600108048651614030024790000
0020020667651082003010008084720000000000323942930201000030000000046500000000046500000001000000010000008617202600000514960000006240026000005149600000062400063600108048651614030024790000
00200306676513030030400495961500000000002523781146080000300363000465000000000000000000010000000100000086172026000005149600000062400260000051496000000624000000000000000000000006360010804865161403002479000000
0020020667651326003010008084720000000000323942930201000030000000046500000000046500000001000000010000008617202600000514960000006240026000005149600000062400063600108048651614030024790000
0020020667651404003010008084720000000000323942930201000030000000046500000000046500000001000000010000008617202600000514960000006240026000005149600000062400063600108048651614030024790000
0020020667651488003010008084720000000000323942930201000030000000046500000000046500000001000000010000008617202600000514960000006240026000005149600000062400063600108048651614030024790000
0020020667651501003010008084720000000000323942930201000030000000046500000000046500000001000000010000008617202600000514960000006240026000005149600000062400063600108048651614030024790000
0020020667651505003010008084720000000000323942930201000030000000046500000000046500000001000000010000008617202600000514960000006240026000005149600000062400063600108048651614030024790000
002011066765156500109059553074000000000008564859600100001000740004650004650004650000000000000000000100000001000000861720260000051496000000624002600000514960000006240000000000000000000000000000000000000000000000000006360010804865161403002479000000
002011066765157100104164190511000000000023005781200400001003910004650004650004650000000000000000000100000001000000861720260000051496000000624002600000514960000006240000000000000000000000000000000000000000000000000006360010804865161403002479000000
0020020667651608003010008084720000000000323942930201000030000000046500000000046500000001000000010000008617202600000514960000006240026000005149600000062400063600108048651614030024790000
0020020667651620003010008084720000000000323942930201000030000000046500000000046500000001000000010000008617202600000514960000006240026000005149600000062400063600108048651614030024790000
0020020667651701003010008084720000000000323942930201000030000000046500000000046500000001000000010000008617202600000514960000006240026000005149600000062400063600108048651614030024790000
00200306676517110030400385828900000000003442742299080000304304000465000000000000000000010000000100000086172026000005149600000062400260000051496000000624000000000000000000000006360010804865161403002479000000
00300101000030001600074400000086172026000005149600000062400260000051496000000624006676527000000
00300104000010000300013950000086172026000005149600000062400260000051496000000624006676527000000
00300108000030000300000000000086172026000005149600000062400260000051496000000624006676527000000
00300101000010000100004650000086172026000005149600000062400260000051496000000624006676527000000
001001026000008617200406676527000260000051496000000624002600000514960000006240020290457400100120000
001001026000008617200506676532620260000051496000000624002600000514960000006240020290457400100120000
00200306676532840030400509647500000000000252151401080000301777000465000000000000000000010000000100000086172026000005149600000062400260000051496000000624000000000000000000000006360010804865161403002479000000
0020020667653306003010008084720000000000323942930201000030000000046500000000046500000001000000010000008617202600000514960000006240026000005149600000062400063600108048651614030024790000
0020020667653321003010008084720000000000323942930201000030000000046500000000046500000001000000010000008617202600000514960000006240026000005149600000062400063600108048651614030024790000
0020020667653331003010008084720000000000323942930201000030000000046500000000046500000001000000010000008617202600000514960000006240026000005149600000062400063600108048651614030024790000
002011066765350300117057508773000000000018663052860400001002820004650004650004650000000000000000000100000001000000861720260000051496000000624002600000514960000006240000000000000000000000000000000000000000000000000006360010804865161403002479000000
005001066765355500301001168001000000000028380088700400001000150000
005001066765355800301001168001000000000028380088700400001000150000
00200306676535600030100116800100000000002838008870070000300005000465000000000000000000010000000100000086172026000005149600000062400260000051496000000624000000000000000000000006360010804865161403002479000000
002011066765357200104156412641000000000027406590160400001026090004650004650004650000000000000000000100000001000000861720260000051496000000624002600000514960000006240000000000000000000000000000000000000000000000000006360010804865161403002479000000
0020020667653583003010008084720000000000323942930201000030000000046500000000046500000001000000010000008617202600000514960000006240026000005149600000062400063600108048651614030024790000
002011066765359500104163809046000000000022978601680400001049720004650004650004500004500008550000000100000001000000861720260000051496000000624002600000514960000006240100000000000000000000300000000000000000000000000006360010804865161403002479000000
0020020667653691003010008084720000000000323942930201000030000000046500000000046500000001000000010000008617202600000514960000006240026000005149600000062400063600108048651614030024790000
005001066765380900301001137326000000000008715244570400001000150000
005001066765381200301001137326000000000008715244570400001000150000
00200306676538140030100113732600000000000871524457070000300411000465000000000000000000010000000100000086172026000005149600000062400260000051496000000624000000000000000000000006360010804865161403002479000000
005001066765382300301001139078000000000008735216410400001000150000
005001066765382500301001139078000000000008735216410400001000150000
00200306676538270030100113907800000000000873521641070000300364000465000000000000000000010000000100000086172026000005149600000062400260000051496000000624000000000000000000000006360010804865161403002479000000
005001066765383700301001130331000000000008713349050000000000150000
005001066765383800301001130331000000000008713349050400001000150000
005001066765383800301001130331000000000008713349051007003000150000
005001066765383900301001130331000000000008713349050400001000150000
005001066765384200301001130331000000000008713349050400001000150000
00200306676538430030100113033100000000000871334905070000300730000465000000000000000000010000000100000086172026000005149600000062400260000051496000000624000000000000000000000006360010804865161403002479000000
0020020667654428003010008084720000000000323942930201000030000000046500000000046500000001000000010000008617202600000514960000006240026000005149600000062400063600108048651614030024790000
00300108000030000100000000000086172026000005149600000062400260000051496000000624006676556180000
00300101000030000600027900000086172026000005149600000062400260000051496000000624006676556180000
00300104000010000300013950000086172026000005149600000062400260000051496000000624006676556180000
00300107000030000400000000000086172026000005149600000062400260000051496000000624006676556180000
001001026000008617200406676556180260000051496000000624002600000514960000006240020290457400100020000
001001026000008617200506676569420260000051496000000624002600000514960000006240020290457400100020000
0020020667656977003010008084720000000000323942930201000030000000046500000000046500000001000000010000008617202600000514960000006240026000005149600000062400063600108048651614030024790000
0020020667657086003010008084720000000000323942930201000030000000046500000000046500000001000000010000008617202600000514960000006240026000005149600000062400063600108048651614030024790000
0020020667657198003010008084720000000000323942930201000030000000046500000000046500000001000000010000008617202600000514960000006240026000005149600000062400063600108048651614030024790000
00200306676579400030400484835100000000001545823218080000300268000465000000000000000000010000000100000086172026000005149600000062400260000051496000000624000000000000000000000006360010804865161403002479000000
0020020667657980003010008084720000000000323942930201000030000000046500000000046500000001000000010000008617202600000514960000006240026000005149600000062400063600108048651614030024790000
0020020667658269003010008084720000000000323942930201000030000000046500000000046500000001000000010000008617202600000514960000006240026000005149600000062400063600108048651614030024790000
0020020667658278003010008084720000000000323942930201000030000000046500000000046500000001000000010000008617202600000514960000006240026000005149600000062400063600108048651614030024790000
002011066765834300104089568958000000000029325215440400001000790004650004650004650000000000000000000100000001000000861720260000051496000000624002600000514960000006240000000000000000000000000000000000000000000000000006360010804865161403002479000000
0020020667658350003010008084720000000000323942930201000030000000046500000000046500000001000000010000008617202600000514960000006240026000005149600000062400063600108048651614030024790000
002011066765835500109001006224000000000006684037840100001009850004650004650004650000000000000000000100000001000000861720260000051496000000624002600000514960000006240000000000000000000000000000000000000000000000000006360010804865161403002479000000
0020020667658464003010008084720000000000323942930201000030000000046500000000046500000001000000010000008617202600000514960000006240026000005149600000062400063600108048651614030024790000
00200306676584800030400487180700000000000322325305080000302585000465000000000000000000010000000100000086172026000005149600000062400260000051496000000624000000000000000000000006360010804865161403002479000000
0020020667658908003010008084720000000000323942930201000030000000046500000000046500000001000000010000008617202600000514960000006240026000005149600000062400063600108048651614030024790000
0020020667658916003010008084720000000000323942930201000030000000046500000000046500000001000000010000008617202600000514960000006240026000005149600000062400063600108048651614030024790000
0020020667659269003010008084720000000000323942930201000030000000046500000000046500000001000000010000008617202600000514960000006240026000005149600000062400063600108048651614030024790000
005001066765929300109069170984000000000015012414160100001000340000
002011066765930700109166397564000000000006666043600100001003770004650004650004650000000000000000000100000001000000861720260000051496000000624002600000514960000006240000000000000000000000000000010000000000000000000106360010804865161403002479000000
00300101000030001100051150000086172026000005149600000062400260000051496000000624006676594130000
00300108000030000200000000000086172026000005149600000062400260000051496000000624006676594130000
00300104000010000100004650000086172026000005149600000062400260000051496000000624006676594130000
00300101000010000200009300000086172026000005149600000062400260000051496000000624006676594130000
001001026000008617200406676594130260000051496000000624002600000514960000006240020290457400100120000
001001026000008617200506676601380260000051496000000624002600000514960000006240020290457400100120000
0020020667660150003010008084720000000000323942930201000030000000046500000000046500000001000000010000008617202600000514960000006240026000005149600000062400063600108048651614030024790000
0020020667660161003010008084720000000000323942930201000030000000046500000000046500000001000000010000008617202600000514960000006240026000005149600000062400063600108048651614030024790000
0020020667660176003010008084720000000000323942930201000030000000046500000000046500000001000000010000008617202600000514960000006240026000005149600000062400063600108048651614030024790000
00200306676601830030400381545800000000000883689635080000302594000465000000000000000000010000000100000086172026000005149600000062400260000051496000000624000000000000000000000006360010804865161403002479000000
0020020667660195003010008084720000000000323942930201000030000000046500000000046500000001000000010000008617202600000514960000006240026000005149600000062400063600108048651614030024790000
0020020667660209003010008084720000000000323942930201000030000000046500000000046500000001000000010000008617202600000514960000006240026000005149600000062400063600108048651614030024790000
0020020667660233003010008084720000000000323942930201000030000000046500000000046500000001000000010000008617202600000514960000006240026000005149600000062400063600108048651614030024790000
0020020667660719003010008084720000000000323942930201000030000000046500000000046500000001000000010000008617202600000514960000006240026000005149600000062400063600108048651614030024790000
0020020667660738003010008084720000000000323942930201000030000000046500000000046500000001000000010000008617202600000514960000006240026000005149600000062400063600108048651614030024790000
00200306676608020030400529452800000000000252834761080000300280000465000000000000000000010000000100000086172026000005149600000062400260000051496000000624000000000000000000000006360010804865161403002479000000
005001066766082000304005294528000000000002528347610800003001170000
044001066766082400304005294528000000000002528347610800003002800000
0020020667660875003010008084720000000000323942930201000030000000046500000000046500000001000000010000008617202600000514960000006240026000005149600000062400063600108048651614030024790000
0020020667660882003010008084720000000000323942930201000030000000046500000000046500000001000000010000008617202600000514960000006240026000005149600000062400063600108048651614030024790000
00200306676609500030500042283600000000001400615913071000300693000465000000000000000000010000000100000086172026000005149600000062400260000051496000000624000000000000000000000006360010804865161403002479000000
0020020667661333003010008084720000000000323942930201000030000000046500000000046500000001000000010000008617202600000514960000006240026000005149600000062400063600108048651614030024790000
0020020667661345003010008084720000000000323942930201000030000000046500000000046500000001000000010000008617202600000514960000006240026000005149600000062400063600108048651614030024790000
00200306676618790030400432492100000000002517655338080000301481000465000000000000000000010000000100000086172026000005149600000062400260000051496000000624000000000000000000000006360010804865161403002479000000
00300101000030001200055800000086172026000005149600000062400260000051496000000624006676628800000
00300108000030000300000000000086172026000005149600000062400260000051496000000624006676628800000
00300107100030000100000000000086172026000005149600000062400260000051496000000624006676628800000
001001026000008617200406676628800260000051496000000624002600000514960000006240020290457400100020000
001001026000008617200506676634400260000051496000000624002600000514960000006240020290457400100020000
0020020667663458003010008084720000000000323942930201000030000000046500000000046500000001000000010000008617202600000514960000006240026000005149600000062400063600108048651614030024790000
002011066766346700109107374651000000000012560814800100001000550004650004650004650000000000000000000100000001000000861720260000051496000000624002600000514960000006240000000000000000000000000000000000000000000000000006360010804865161403002479000000
0020020667663477003010008084720000000000323942930201000030000000046500000000046500000001000000010000008617202600000514960000006240026000005149600000062400063600108048651614030024790000
002011066766383900104087083582000000000015985951440400001007260004650004650004650000000000000000000100000001000000861720260000051496000000624002600000514960000006240000000000000000000000000000000000000000000000000006360010804865161403002479000000
0020020667663846003010008084720000000000323942930201000030000000046500000000046500000001000000010000008617202600000514960000006240026000005149600000062400063600108048651614030024790000
00200306676638510030400512851200000000000456004809080000300420000465000000000000000000010000000100000086172026000005149600000062400260000051496000000624000000000000000000000006360010804865161403002479000000
002011066766386400109079396357000000000030925804240100001000270004650004650004650000000000000000000100000001000000861720260000051496000000624002600000514960000006240000000000000000000000000000000000000000000000000006360010804865161403002479000000
002011066766432800104151127034000000000023839575760400001000560004650004650004650000000000000000000100000001000000861720260000051496000000624002600000514960000006240000000000000000000000000000000000000000000000000006360010804865161403002479000000
00200306676643370030400535690600000000001983636418080000300014000465000000000000000000010000000100000086172026000005149600000062400260000051496000000624000000000000000000000006360010804865161403002479000000
00200306676644750150300328967500000000003385305222061201500090000465000000000000000000010000000100000086172026000005149600000062400260000051496000000624000000000000000000000006360010804865161403002479000000
0020020667664495003010008084720000000000323942930201000030000000046500000000046500000001000000010000008617202600000514960000006240026000005149600000062400063600108048651614030024790000
00200306676645070030400442649800000000004142598939080000300779000465000000000000000000010000000100000086172026000005149600000062400260000051496000000624000000000000000000000006360010804865161403002479000000
0020020667664980003010008084720000000000323942930201000030000000046500000000046500000001000000010000008617202600000514960000006240026000005149600000062400063600108048651614030024790000
0020020667665081003010008084720000000000323942930201000030000000046500000000046500000001000000010000008617202600000514960000006240026000005149600000062400063600108048651614030024790000
0020020667665088003010008084720000000000323942930201000030000000046500000000046500000001000000010000008617202600000514960000006240026000005149600000062400063600108048651614030024790000
0020020667665094003010008084720000000000323942930201000030000000046500000000046500000001000000010000008617202600000514960000006240026000005149600000062400063600108048651614030024790000
0020020667665104003010008084720000000000323942930201000030000000046500000000046500000001000000010000008617202600000514960000006240026000005149600000062400063600108048651614030024790000
005001066766512500301001062831000000000025239993060400001000150000
005001066766512900301001062831000000000025239993060400001000150000
00200306676651310030100106283100000000002523999306070000301957000465000000000000000000010000000100000086172026000005149600000062400260000051496000000624000000000000000000000006360010804865161403002479000000
0020020667665512003010008084720000000000323942930201000030000000046500000000046500000001000000010000008617202600000514960000006240026000005149600000062400063600108048651614030024790000
005001066766585500301001115081000000000004561295450400001000150000
005001066766585700301001115081000000000004561295450400001000150000
00200306676658590030100111508100000000000456129545070000301149000465000000000000000000010000000100000086172026000005149600000062400260000051496000000624000000000000000000000006360010804865161403002479000000
00300101000030001000046500000086172026000005149600000062400260000051496000000624006676660700000
00300101000010000200009300000086172026000005149600000062400260000051496000000624006676660700000
00300104000010000200009300000086172026000005149600000062400260000051496000000624006676660700000
00300108000030000300000000000086172026000005149600000062400260000051496000000624006676660700000
00300106120150000100000000000086172026000005149600000062400260000051496000000624006676660700000
00300107000030000200000000000086172026000005149600000062400260000051496000000624006676660700000
001001026000008617200406676660700260000051496000000624002600000514960000006240020290457400100120000
001001026000008617200506676672650260000051496000000624002600000514960000006240020290457400100120000
00200306676672790030400523355300000000002523552730080000300101000465000000000000000000010000000100000086172026000005149600000062400260000051496000000624000000000000000000000006360010804865161403002479000000
0020020667667296003010008084720000000000323942930201000030000000046500000000046500000001000000010000008617202600000514960000006240026000005149600000062400063600108048651614030024790000
002011066766730200104151663076000000000025255140560400001031090004650004650004600004600008550000000100000001000000861720260000051496000000624002600000514960000006240100000000000000000000300000000000000000000000000006360010804865161403002479000000
0020020667667315003010008084720000000000323942930201000030000000046500000000046500000001000000010000008617202600000514960000006240026000005149600000062400063600108048651614030024790000
002011066766732000104089274296000000000033119266000400001000110004650004650004650000000000000000000100000001000000861720260000051496000000624002600000514960000006240000000000000000000000000000000000000000000000000006360010804865161403002479000000
0020020667667335003010008084720000000000323942930201000030000000046500000000046500000001000000010000008617202600000514960000006240026000005149600000062400063600108048651614030024790000
0020020667667355003010008084720000000000323942930201000030000000046500000000046500000001000000010000008617202600000514960000006240026000005149600000062400063600108048651614030024790000
0020020667667374003010008084720000000000323942930201000030000000046500000000046500000001000000010000008617202600000514960000006240026000005149600000062400063600108048651614030024790000
0020020667667381003010008084720000000000323942930201000030000000046500000000046500000001000000010000008617202600000514960000006240026000005149600000062400063600108048651614030024790000
0020020667667414003010008084720000000000323942930201000030000000046500000000046500000001000000010000008617202600000514960000006240026000005149600000062400063600108048651614030024790000
0020020667667745003010008084720000000000323942930201000030000000046500000000046500000001000000010000008617202600000514960000006240026000005149600000062400063600108048651614030024790000
0020020667667787003010008084720000000000323942930201000030000000046500000000046500000001000000010000008617202600000514960000006240026000005149600000062400063600108048651614030024790000
002011066766783600104166013111000000000017649920720400001008530004650004650004650000000000000000000100000001000000861720260000051496000000624002600000514960000006240000000000000000000000000000000000000000000000000006360010804865161403002479000000
0020020667667841003010008084720000000000323942930201000030000000046500000000046500000001000000010000008617202600000514960000006240026000005149600000062400063600108048651614030024790000
0020020667667914003010008084720000000000323942930201000030000000046500000000046500000001000000010000008617202600000514960000006240026000005149600000062400063600108048651614030024790000
002011066766795500104156617171000000000027562975440400001000130004650004650004500004500008550000000100000001000000861720260000051496000000624002600000514960000006240100000000000000000000300000000000000000000000000006360010804865161403002479000000
00200306676680690030400497984500000000001548174418080000300358000465000000000000000000010000000100000086172026000005149600000062400260000051496000000624000000000000000000000006360010804865161403002479000000
0020020667668079003010008084720000000000323942930201000030000000046500000000046500000001000000010000008617202600000514960000006240026000005149600000062400063600108048651614030024790000
00200306676680830030400364869100000000003398406166080000303401000465000000000000000000010000000100000086172026000005149600000062400260000051496000000624000000000000000000000006360010804865161403002479000000
0020020667668098003010008084720000000000323942930201000030000000046500000000046500000001000000010000008617202600000514960000006240026000005149600000062400063600108048651614030024790000
0020020667668594003010008084720000000000323942930201000030000000046500000000046500000001000000010000008617202600000514960000006240026000005149600000062400063600108048651614030024790000
00300108000030000300000000000086172026000005149600000062400260000051496000000624006676699690000
00300101000030001400065100000086172026000005149600000062400260000051496000000624006676699690000
00300104000010000400018600000086172026000005149600000062400260000051496000000624006676699690000
001001026000008617200406676699690260000051496000000624002600000514960000006240020290457400100020000
001001026000008617200506676719250260000051496000000624002600000514960000006240020290457400100020000
002011066767269800104163979251000000000023122158800400001037910004650004650004650000000000000000000100000001000000861720260000051496000000624002600000514960000006240000000000000000000000000000000000000000000000000006360010804865161403002479000000
0020020667672792003010008084720000000000323942930201000030000000046500000000046500000001000000010000008617202600000514960000006240026000005149600000062400063600108048651614030024790000
0020020667672880003010008084720000000000323942930201000030000000046500000000046500000001000000010000008617202600000514960000006240026000005149600000062400063600108048651614030024790000
0020020667672916003010008084720000000000323942930201000030000000046500000000046500000001000000010000008617202600000514960000006240026000005149600000062400063600108048651614030024790000
0020020667673168003010008084720000000000323942930201000030000000046500000000046500000001000000010000008617202600000514960000006240026000005149600000062400063600108048651614030024790000
002011066767322900104164855637000000000024373791440400001093880004650004650004650000000000000000000100000001000000861720260000051496000000624002600000514960000006240000000000000000000000000000000000000000000000000006360010804865161403002479000000
00300104000010000200009300000086172026000005149600000062400260000051496000000624006676751010000
00300101000030000400018600000086172026000005149600000062400260000051496000000624006676751010000
001001026000008617200406676751010260000051496000000624002600000514960000006240020290457400100120000
001001026000008617200306676751060260000051496000000624002600000514960000006240020290457400100120000
001001026000008617200406676751130260000051496000000624002600000514960000006240020290457400100020000
001001026000008617200506676751300260000051496000000624002600000514960000006240020290457400100020000
001001026000008617200406676751390260000051496000000624002600000514960000006240020290457400100120000
001001026000008617200306676751440260000051496000000624002600000514960000006240020290457400100120000
001001026000008617200206676751480260000051496000000624002600000514960000006240020290457400100120000
010001001026000005149600000062400000086172066767515500400000
02000100106676751630030100080847200000000003239429302026000005149600000062400140101000008617202600000514960000006240026000005149600000062400000
0210010300150000086172026000005149600000062400260000051496000000624006676751630000
0210010400280000086172026000005149600000062400260000051496000000624006676751630000
0210010500010000086172026000005149600000062400260000051496000000624006676751630000
0210010800060000086172026000005149600000062400260000051496000000624006676751630000
0210010900010000086172026000005149600000062400260000051496000000624006676751630000
0210011800070000086172026000005149600000062400260000051496000000624006676751630000
0210012500070000086172026000005149600000062400260000051496000000624006676751630000
010001001026000005149600000062400000086172066767516300500000
001001026000008617200106676751660000000051496000000000000000000000000000000000020290457400100120000
03400667649911000008617200005C06676499110667652700000008617204574I00000514960000051496010000046000465000000001000000010400000080004650000000010000000108000000800000000000000100000001
03400667653262000008617200005C06676532620667655618000008617204574V000005149600000514960100000320004650000000010000000104000000200045010000000100000001040000004000465000000001000000010700000040000000000000010000000108000000700000000000000100000001080000007000000000000001000000010800000070000000000000010000000108000000700000000000000100000001080000007000000000000001000000010800000070000000000000010000000108000000700000000000000100000001080000007000000000000001000000010800000070000000000000010000000108000000700000000000000100000001
