1000020260000086171003063600108005701961660026710000
001001026000008617100206676370770000000105763000000000000000000000000000000000000000000000000000000
010001001026000010576300000091680000086171066763708500100000
0350010667637100891687990000001400000001010000
010001001026000010576300000091680000086171066763710200200000
001001026000008617100306676371060260000105763000000916802600001057630000009168000000000000000010000
001001026000008617100406676371160260000105763000000916802600001057630000009168020340457900100110000
005001066763711700301001165532000000000008916879930400001000150000
001001026000008617100506676371230260000105763000000916802600001057630000009168020340457900100110000
0020020667637208003010011655320000000000089168799301000030000000043000000000043000000001000000010000008617102600001057630000009168026000010576300000091680063600108005701961660026710000
0020020667637215003010011655320000000000089168799301000030000000043000000000043000000001000000010000008617102600001057630000009168026000010576300000091680063600108005701961660026710000
0020020667637220003010011655320000000000089168799301000030000000043000000000043000000001000000010000008617102600001057630000009168026000010576300000091680063600108005701961660026710000
0020020667637227003010011655320000000000089168799301000030000000043000000000043000000001000000010000008617102600001057630000009168026000010576300000091680063600108005701961660026710000
005001066763723300000000000000000000000023461417680000000000150000
002011066763723600104088357041000000000023461417680400001004900004300004300004300000000000000000000100000001000000861710260000105763000000916802600001057630000009168000000000000000000000000000000000000000000000000006360010800570196166002671000000
00200306676372490030400457163300000000000656892140080000301559000430000000000000000000010000000100000086171026000010576300000091680260000105763000000916800000000000000000000006360010800570196166002671000000
0020020667637262003010011655320000000000089168799301000030000000043000000000043000000001000000010000008617102600001057630000009168026000010576300000091680063600108005701961660026710000
0020020667637267003010011655320000000000089168799301000030000000043000000000043000000001000000010000008617102600001057630000009168026000010576300000091680063600108005701961660026710000
0020020667637589003010011655320000000000089168799301000030000000043000000000043000000001000000010000008617102600001057630000009168026000010576300000091680063600108005701961660026710000
00200306676376470030400420823700000000002553279242080000300976000430000000000000000000010000000100000086171026000010576300000091680260000105763000000916800000000000000000000006360010800570196166002671000000
0020020667638041003010011655320000000000089168799301000030000000043000000000043000000001000000010000008617102600001057630000009168026000010576300000091680063600108005701961660026710000
00200306676384380030400501137200000000003533902854080000301723000430000000000000000000010000000100000086171026000010576300000091680260000105763000000916800000000000000000000006360010800570196166002671000000
00200306676388380030400452971800000000003413191684080000300613000430000000000000000000010000000100000086171026000010576300000091680260000105763000000916800000000000000000000006360010800570196166002671000000
0020020667638873003010011655320000000000089168799301000030000000043000000000043000000001000000010000008617102600001057630000009168026000010576300000091680063600108005701961660026710000
00200306676390770030400508828600000000000872792185080000300350000430000000000000000000010000000100000086171026000010576300000091680260000105763000000916800000000000000000000006360010800570196166002671000000
002011066763914500104157261808000000000028494986960400001000260004300004300004300000000000000000000100000001000000861710260000105763000000916802600001057630000009168000000000000000000000000000000000000000000000000006360010800570196166002671000000
005001066763934600301001165532000000000008916879930400001000150000
00300101000030000900038700000086171026000010576300000091680260000105763000000916806676393500000
00300104000010000200008600000086171026000010576300000091680260000105763000000916806676393500000
00300108000030000500000000000086171026000010576300000091680260000105763000000916806676393500000
001001026000008617100406676393500260000105763000000916802600001057630000009168020340457900100010000
005001066763935200301001165532000000000008916879930400001000150000
001001026000008617100506676393580260000105763000000916802600001057630000009168020340457900100010000
0020020667639427003010011655320000000000089168799301000030000000043000000000043000000001000000010000008617102600001057630000009168026000010576300000091680063600108005701961660026710000
0020020667639944003010011655320000000000089168799301000030000000043000000000043000000001000000010000008617102600001057630000009168026000010576300000091680063600108005701961660026710000
005001066764011200301001157688000000000035696443740400001000150000
005001066764011500301001157688000000000035696443740400001000150000
005001066764011600301001157688000000000035696443740700003000800000
005001066764011700301001157688000000000035696443740400001000150000
005001066764011800301001157688000000000035696443741023003000150000
005001066764012200301001157688000000000035696443740400001000150000
005001066764012700301001157688000000000035696443740400001000150000
005001066764012800301001157688000000000035696443740700003000800000
005001066764012800301001157688000000000035696443740400001000150000
005001066764012900301001157688000000000035696443740400001000150000
005001066764013000301001157688000000000035696443741011003000150000
005001066764013100301001157688000000000035696443740400001000150000
005001066764013400301001157688000000000035696443740400001000150000
005001066764013600301001157688000000000035696443740700003000800000
005001066764013600301001157688000000000035696443740400001000150000
005001066764013700301001157688000000000035696443741023003000150000
0020020667640180003010011655320000000000089168799301000030000000043000000000043000000001000000010000008617102600001057630000009168026000010576300000091680063600108005701961660026710000
002011066764051600104086353764000000000015570386640400001005230004300004300004300000000000000000000100000001000000861710260000105763000000916802600001057630000009168000000000000000000000000000000000000000000000000006360010800570196166002671000000
002011066764052000104088410811000000000029465183440400001003090004300004300004300000000000000000000100000001000000861710260000105763000000916802600001057630000009168000000000000000000000000000000000000000000000000006360010800570196166002671000000
0020020667640524003010011655320000000000089168799301000030000000043000000000043000000001000000010000008617102600001057630000009168026000010576300000091680063600108005701961660026710000
00200306676407290030400374178100000000003489695564080000302252000430000000000000000000010000000100000086171026000010576300000091680260000105763000000916800000000000000000000006360010800570196166002671000000
005001066764082900301001157688000000000035696443740400001000150000
005001066764083100301001157688000000000035696443740400001000150000
00200306676408330030100115768800000000003569644374070000300519000430000000000000000000010000000100000086171026000010576300000091680260000105763000000916800000000000000000000006360010800570196166002671000000
005001066764149000301001165532000000000008916879930400001000150000
00300101000030000400017200000086171026000010576300000091680260000105763000000916806676414940000
00300104000010000200008600000086171026000010576300000091680260000105763000000916806676414940000
00300108000030000100000000000086171026000010576300000091680260000105763000000916806676414940000
00300107000030000100000000000086171026000010576300000091680260000105763000000916806676414940000
001001026000008617100406676414940260000105763000000916802600001057630000009168020340457900100110000
005001066764252700301001165532000000000008916879930400001000150000
001001026000008617100506676425330260000105763000000916802600001057630000009168020340457900100110000
00200306676425460030400514461500000000003570091846080000300420000430000000000000000000010000000100000086171026000010576300000091680260000105763000000916800000000000000000000006360010800570196166002671000000
0020020667642703003010011655320000000000089168799301000030000000043000000000043000000001000000010000008617102600001057630000009168026000010576300000091680063600108005701961660026710000
002011066764274300104089050291000000000027084890320400001001970004300004300004300000000000000000000100000001000000861710260000105763000000916802600001057630000009168000000000000000000000000000000000000000000000000006360010800570196166002671000000
005001066764277900301001094554000000000011390228500400001000150000
005001066764278200301001094554000000000011390228500400001000150000
00200306676427840030100109455400000000001139022850070000300564000430000000000000000000010000000100000086171026000010576300000091680260000105763000000916800000000000000000000006360010800570196166002671000000
0020020667643336003010011655320000000000089168799301000030000000043000000000043000000001000000010000008617102600001057630000009168026000010576300000091680063600108005701961660026710000
00200306676434510030400469283100000000001114698650080000301903000430000000000000000000010000000100000086171026000010576300000091680260000105763000000916800000000000000000000006360010800570196166002671000000
0020020667643461003010011655320000000000089168799301000030000000043000000000043000000001000000010000008617102600001057630000009168026000010576300000091680063600108005701961660026710000
00200306676436190030400382652200000000003442680555080000304645000430000000000000000000010000000100000086171026000010576300000091680260000105763000000916800000000000000000000006360010800570196166002671000000
0020020667643822003010011655320000000000089168799301000030000000043000000000043000000001000000010000008617102600001057630000009168026000010576300000091680063600108005701961660026710000
005001066764459500301001165532000000000008916879930400001000150000
00300108000030000300000000000086171026000010576300000091680260000105763000000916806676445980000
00300101000030000400017200000086171026000010576300000091680260000105763000000916806676445980000
00300104000010000100004300000086171026000010576300000091680260000105763000000916806676445980000
00300107000030000100000000000086171026000010576300000091680260000105763000000916806676445980000
001001026000008617100406676445980260000105763000000916802600001057630000009168020340457900100010000
005001066764460000301001165532000000000008916879930400001000150000
001001026000008617100506676446050260000105763000000916802600001057630000009168020340457900100010000
002011066764478600104164924833000000000024349235920400001058080004300004300004300000000000000000000100000001000000861710260000105763000000916802600001057630000009168000000000000000000000000000000000000000000000000006360010800570196166002671000000
0020020667645020003010011655320000000000089168799301000030000000043000000000043000000001000000010000008617102600001057630000009168026000010576300000091680063600108005701961660026710000
00200306676450390030400522036200000000002523524442080000300816000430000000000000000000010000000100000086171026000010576300000091680260000105763000000916800000000000000000000006360010800570196166002671000000
0020020667645103003010011655320000000000089168799301000030000000043000000000043000000001000000010000008617102600001057630000009168026000010576300000091680063600108005701961660026710000
005001066764525800204014890531000000000027527961930800002000150000
00200306676452580020401489053100000000002752796193080000200930000430000000000000000000010000000100000086171026000010576300000091680260000105763000000916800000000000000000000006360010800570196166002671000000
002011066764530300104165239506000000000017632817360400001004300004300004300004300000000000000000000100000001000000861710260000105763000000916802600001057630000009168000000000000000000000000000000000000000000000000006360010800570196166002671000000
005001066764600401503001588497000000000033851005660614015000840000
00200306676460040150300158849700000000003385100566061301503763000430000000000000000000010000000100000086171026000010576300000091680260000105763000000916800000000000000000000006360010800570196166002671000000
0020020667646012015030015884970000000000338510056606140150194700043000000000000000000001000000010000008617102600001057630000009168026000010576300000091680063600108005701961660026710000
005001066764617401503002124613000000000008849036990612015000800000
005001066764617701503002124613000000000008849036990612015000800000
002011066764618500109126299065000000000003337411280100001007710004300004300004300000000000000000000100000001000000861710260000105763000000916802600001057630000009168000000000000000000000000000000000000000000000000006360010800570196166002671000000
005001066764625201503002124613000000000008849036990612015000800000
005001066764629501503002124613000000000008849036990612015000800000
005001066764633201503002124613000000000008849036990612015000800000
005001066764636301503002124613000000000008849036990612015000800000
005001066764681000301001165532000000000008916879930400001000150000
00300104000010000200008600000086171026000010576300000091680260000105763000000916806676468130000
00300101000030000200008600000086171026000010576300000091680260000105763000000916806676468130000
00300108000030000100000000000086171026000010576300000091680260000105763000000916806676468130000
00300108000020000100000000000086171026000010576300000091680260000105763000000916806676468130000
00300106130150000100000000000086171026000010576300000091680260000105763000000916806676468130000
00300106140150000100000000000086171026000010576300000091680260000105763000000916806676468130000
00300101000010000100004300000086171026000010576300000091680260000105763000000916806676468130000
001001026000008617100406676468130260000105763000000916802600001057630000009168020340457900100110000
005001066764777200301001165532000000000008916879930400001000150000
001001026000008617100506676477770260000105763000000916802600001057630000009168020340457900100110000
0020020667647799003010011655320000000000089168799301000030000000043000000000043000000001000000010000008617102600001057630000009168026000010576300000091680063600108005701961660026710000
0020020667647806003010011655320000000000089168799301000030000000043000000000043000000001000000010000008617102600001057630000009168026000010576300000091680063600108005701961660026710000
002011066764782000104153174331000000000027725873360400001046800004300004300004300000000000000000000100000001000000861710260000105763000000916802600001057630000009168000000000000000000000000000000000000000000000000006360010800570196166002671000000
0020020667647853003010011655320000000000089168799301000030000000043000000000043000000001000000010000008617102600001057630000009168026000010576300000091680063600108005701961660026710000
00200306676478610030400499785100000000003533442662080000301065000430000000000000000000010000000100000086171026000010576300000091680260000105763000000916800000000000000000000006360010800570196166002671000000
002011066764789300104165351225000000000023032325840400001029400004300004300004300000000000000000000100000001000000861710260000105763000000916802600001057630000009168000000000000000000000000000000000000000000000000006360010800570196166002671000000
002011066764882000104089822961000000000018391071440400001001720004300004300004300000000000000000000100000001000000861710260000105763000000916802600001057630000009168000000000000000000000000000000000000000000000000006360010800570196166002671000000
005001066764882801503003065939000000000005199393850614015000840000
00200306676488280150300306593900000000000519939385061301500111000430000000000000000000010000000100000086171026000010576300000091680260000105763000000916800000000000000000000006360010800570196166002671000000
0020020667648837015030030659390000000000051993938506140150010900043000000000000000000001000000010000008617102600001057630000009168026000010576300000091680063600108005701961660026710000
0020020667649010003010011655320000000000089168799301000030000000043000000000043000000001000000010000008617102600001057630000009168026000010576300000091680063600108005701961660026710000
002011066764933100104162742967000000000025159260880400001050570004300004300004300000000000000000000100000001000000861710260000105763000000916802600001057630000009168000000000000000000000000000000000000000000000000006360010800570196166002671000000
0020020667649460003010011655320000000000089168799301000030000000043000000000043000000001000000010000008617102600001057630000009168026000010576300000091680063600108005701961660026710000
00200306676499070030400519211300000000003570029190080000300193000430000000000000000000010000000100000086171026000010576300000091680260000105763000000916800000000000000000000006360010800570196166002671000000
005001066765001300301001165532000000000008916879930400001000150000
00300101000030000500021500000086171026000010576300000091680260000105763000000916806676500170000
00300104000010000400017200000086171026000010576300000091680260000105763000000916806676500170000
00300108000030000200000000000086171026000010576300000091680260000105763000000916806676500170000
00300106130150000100000000000086171026000010576300000091680260000105763000000916806676500170000
00300106140150000100000000000086171026000010576300000091680260000105763000000916806676500170000
001001026000008617100406676500170260000105763000000916802600001057630000009168020340457900100010000
005001066765001800301001165532000000000008916879930400001000150000
001001026000008617100506676500240260000105763000000916802600001057630000009168020340457900100010000
002011066765011900104166012688000000000023497503440400001008220004300004300004300000000000000000000100000001000000861710260000105763000000916802600001057630000009168000000000000000000000000000000000000000000000000006360010800570196166002671000000
002011066765021000109051631084000000000005318267600100001018530004300004300004300000000000000000000100000001000000861710260000105763000000916802600001057630000009168000000000000000000000000000000000000000000000000006360010800570196166002671000000
0020020667650275003010011655320000000000089168799301000030000000043000000000043000000001000000010000008617102600001057630000009168026000010576300000091680063600108005701961660026710000
0020020667650323003010011655320000000000089168799301000030000000043000000000043000000001000000010000008617102600001057630000009168026000010576300000091680063600108005701961660026710000
002011066765034400104165527595000000000017688899280400001024460004300004300004300000000000000000000100000001000000861710260000105763000000916802600001057630000009168000000000000000000000000000000000000000000000000006360010800570196166002671000000
0020020667650359003010011655320000000000089168799301000030000000043000000000043000000001000000010000008617102600001057630000009168026000010576300000091680063600108005701961660026710000
002011066765039200104149949758000000000025887545040400001008020004300004300004300000000000000000000100000001000000861710260000105763000000916802600001057630000009168000000000000000000000000000000000000000000000000006360010800570196166002671000000
0020020667650412003010011655320000000000089168799301000030000000043000000000043000000001000000010000008617102600001057630000009168026000010576300000091680063600108005701961660026710000
0020020667650582003010011655320000000000089168799301000030000000043000000000043000000001000000010000008617102600001057630000009168026000010576300000091680063600108005701961660026710000
00200306676505880030400294611700000000001962725964080000305692000430000000000000000000010000000100000086171026000010576300000091680260000105763000000916800000000000000000000006360010800570196166002671000000
0020020667650602003010011655320000000000089168799301000030000000043000000000043000000001000000010000008617102600001057630000009168026000010576300000091680063600108005701961660026710000
0020020667650608003010011655320000000000089168799301000030000000043000000000043000000001000000010000008617102600001057630000009168026000010576300000091680063600108005701961660026710000
0020020667650614003010011655320000000000089168799301000030000000043000000000043000000001000000010000008617102600001057630000009168026000010576300000091680063600108005701961660026710000
005001066765202500301001165532000000000008916879930400001000150000
00300104000010000300012900000086171026000010576300000091680260000105763000000916806676520290000
00300101000010000100004300000086171026000010576300000091680260000105763000000916806676520290000
00300101000030000800034400000086171026000010576300000091680260000105763000000916806676520290000
00300108000030000100000000000086171026000010576300000091680260000105763000000916806676520290000
001001026000008617100406676520290260000105763000000916802600001057630000009168020340457900100110000
005001066765365800301001165532000000000008916879930400001000150000
001001026000008617100506676536640260000105763000000916802600001057630000009168020340457900100110000
002011066765367700104164703241000000000024385943760400001021730004300004300004300000000000000000000100000001000000861710260000105763000000916802600001057630000009168000000000000000000000000000000000000000000000000006360010800570196166002671000000
0020020667653684003010011655320000000000089168799301000030000000043000000000043000000001000000010000008617102600001057630000009168026000010576300000091680063600108005701961660026710000
002011066765368900104084408669000000000009292375760400001009420004300004300004300000000000000000000100000001000000861710260000105763000000916802600001057630000009168000000000000000000000000000000000000000000000000006360010800570196166002671000000
0020020667653693003010011655320000000000089168799301000030000000043000000000043000000001000000010000008617102600001057630000009168026000010576300000091680063600108005701961660026710000
0020020667653703003010011655320000000000089168799301000030000000043000000000043000000001000000010000008617102600001057630000009168026000010576300000091680063600108005701961660026710000
0020020667653712003010011655320000000000089168799301000030000000043000000000043000000001000000010000008617102600001057630000009168026000010576300000091680063600108005701961660026710000
002011066765371800104086622595000000000018951007440400001015280004300004300004300000000000000000000100000001000000861710260000105763000000916802600001057630000009168000000000000000000000000000000000000000000000000006360010800570196166002671000000
002011066765381200104087532751000000000016437973200400001007170004300004300004300000000000000000000100000001000000861710260000105763000000916802600001057630000009168000000000000000000000000000000000000000000000000006360010800570196166002671000000
002011066765395600104088611868000000000029362978000400001002080004300004300004300000000000000000000100000001000000861710260000105763000000916802600001057630000009168000000000000000000000000000000000000000000000000006360010800570196166002671000000
0020020667653991003010011655320000000000089168799301000030000000043000000000043000000001000000010000008617102600001057630000009168026000010576300000091680063600108005701961660026710000
0020020667654318003010011655320000000000089168799301000030000000043000000000043000000001000000010000008617102600001057630000009168026000010576300000091680063600108005701961660026710000
00200306676550480070400028534800000000003935160458080000701542000430000000000000000000010000000100000086171026000010576300000091680260000105763000000916800000000000000000000006360010800570196166002671000000
00200306676551680030400491358500000000000456417081080000300706000430000000000000000000010000000100000086171026000010576300000091680260000105763000000916800000000000000000000006360010800570196166002671000000
00200306676552770030400510224600000000000456332265080000302392000430000000000000000000010000000100000086171026000010576300000091680260000105763000000916800000000000000000000006360010800570196166002671000000
002011066765535100104078842018000000000042049064590400001009660004300004300004300000000000000000000100000001000000861710260000105763000000916802600001057630000009168000000000000000000000019300000000000000000000000006360010800570196166002671000000
0020020667655662003010011655320000000000089168799301000030000000043000000000043000000001000000010000008617102600001057630000009168026000010576300000091680063600108005701961660026710000
002011066765568500104163074011000000000017705439440400001001940004300004300003000003000008550000000100000001000000861710260000105763000000916802600001057630000009168100000000000000000000300000000000000000000000000006360010800570196166002671000000
002011066765571400104086566547000000000023632712400400001004670004300004300004300000000000000000000100000001000000861710260000105763000000916802600001057630000009168000000000000000000000000000000000000000000000000006360010800570196166002671000000
002011066765571900104163179891000000000017796949200400001011250004300004300004300000000000000000000100000001000000861710260000105763000000916802600001057630000009168000000000000000000000000000000000000000000000000006360010800570196166002671000000
0020020667655785003010011655320000000000089168799301000030000000043000000000043000000001000000010000008617102600001057630000009168026000010576300000091680063600108005701961660026710000
0020020667655794003010011655320000000000089168799301000030000000043000000000043000000001000000010000008617102600001057630000009168026000010576300000091680063600108005701961660026710000
005001066765601600301001165532000000000008916879930400001000150000
00300104000010000900038700000086171026000010576300000091680260000105763000000916806676560190000
00300101000030000900038700000086171026000010576300000091680260000105763000000916806676560190000
00300108000070000100000000000086171026000010576300000091680260000105763000000916806676560190000
00300108000030000200000000000086171026000010576300000091680260000105763000000916806676560190000
001001026000008617100406676560190260000105763000000916802600001057630000009168020340457900100010000
005001066765602000301001165532000000000008916879930400001000150000
001001026000008617100506676560260260000105763000000916802600001057630000009168020340457900100010000
0020020667656147003010011655320000000000089168799301000030000000043000000000043000000001000000010000008617102600001057630000009168026000010576300000091680063600108005701961660026710000
00200306676561540030400411819100000000002553238570080000300702000430000000000000000000010000000100000086171026000010576300000091680260000105763000000916800000000000000000000006360010800570196166002671000000
005001066765617000304005313981000000000002527849051023003000150000
00200306676561710030400531398100000000000252784905080000300028000430000000000000000000010000000100000086171026000010576300000091680260000105763000000916800000000000000000000006360010800570196166002671000000
00200306676562440030400527785200000000001983266642080000300143000430000000000000000000010000000100000086171026000010576300000091680260000105763000000916800000000000000000000006360010800570196166002671000000
0020020667656256003010011655320000000000089168799301000030000000043000000000043000000001000000010000008617102600001057630000009168026000010576300000091680063600108005701961660026710000
00200306676562640030400499434800000000003533253638080000301370000430000000000000000000010000000100000086171026000010576300000091680260000105763000000916800000000000000000000006360010800570196166002671000000
002011066765647700104089210638000000000034684063440400001001350004300004300004300000000000000000000100000001000000861710260000105763000000916802600001057630000009168000000000000000000000000000000000000000000000000006360010800570196166002671000000
005001066765653100204016956661000000000027524500411023002000150000
00200306676565320020401695666100000000002752450041080000200177000430000000000000000000010000000100000086171026000010576300000091680260000105763000000916800000000000000000000006360010800570196166002671000000
005001066765675000304005292371000000000002527958170800003000800000
0020020667656943003010011655320000000000089168799301000030000000043000000000043000000001000000010000008617102600001057630000009168026000010576300000091680063600108005701961660026710000
00200306676570150030400529237100000000000252795817080000300478000430000000000000000000010000000100000086171026000010576300000091680260000105763000000916800000000000000000000006360010800570196166002671000000
005001066765815900301001165532000000000008916879930400001000150000
00300101000030000300012900000086171026000010576300000091680260000105763000000916806676581630000
00300108000030000500000000000086171026000010576300000091680260000105763000000916806676581630000
00300104000010000100004300000086171026000010576300000091680260000105763000000916806676581630000
00300108000020000100000000000086171026000010576300000091680260000105763000000916806676581630000
001001026000008617100406676581630260000105763000000916802600001057630000009168020340457900100110000
005001066765816500301001165532000000000008916879930400001000150000
001001026000008617100306676581690260000105763000000916802600001057630000009168020340457900100110000
02000100106676581790030100116553200000000000891687993026000010576300000091680001401000008617102600001057630000009168026000010576300000091680000
0210010300230000086171026000010576300000091680260000105763000000916806676581790000
0210010400390000086171026000010576300000091680260000105763000000916806676581790000
0210010800020000086171026000010576300000091680260000105763000000916806676581790000
0210011000020000086171026000010576300000091680260000105763000000916806676581790000
0210011100020000086171026000010576300000091680260000105763000000916806676581790000
0210011200010000086171026000010576300000091680260000105763000000916806676581790000
0210011800060000086171026000010576300000091680260000105763000000916806676581790000
0210012500020000086171026000010576300000091680260000105763000000916806676581790000
010001001026000010576300000091680000086171066765818000500000
001001026000008617100206676581830260000105763000000916800000000000000000000000020340457900100110000
010001001026000010576300000091680000086171066765819000400000
001001026000008617100106676581950000000105763000000000000000000000000000000000020340457900100110000
03400667639358000008617100005C06676393580667641494000008617104579I0000105763000010576301000001900043000000000100000001040000008000430000000001000000010700000010000000000000010000000108000001000000000000000100000001
03400667637123000008617100005C06676371230667639350000008617104579V0000105763000010576301000002700043000000000100000001040000015000430000000001000000010800000130000000000000010000000108000001300000000000000100000001080000013000000000000001000000010800000130000000000000010000000108000001300000000000000100000001080000013000000000000001000000010800000130000000000000010000000108000001300000000000000100000001080000013000000000000001000000010800000130000000000000010000000108000001300000000000000100000001080000013000000000000001000000010800000130000000000000010000000108000001300000000000000100000001
