1000020260000086053003025243604634338621790033080000
0450010000000002000000000106676483620000
0450010000000002000000000106676496360000
0450010000000002000000000106676509410000
001001026000008605300206676516000000000106572000000000000000000000000000000000000000000000000000000
010001001026000010657200000092820000086053066765161100100000
0350010667651625253208420000021900000001010000
010001001026000010657200000092820000086053066765162700200000
001001026000008605300306676516350260000106572000000928202600001065720000009282000000000000000020000
001001026000008605300406676516430260000106572000000928202600001065720000009282020350458000100020000
005001066765422900301001141791000000000002532084250400001000150000
001001026000008605300506676542350260000106572000000928202600001065720000009282020350458000100020000
0020020667654283003010011417910000000000025320842501000030000000055500000000055500000001000000010000008605302600001065720000009282026000010657200000092820025243604634338621790033080000
0020020667654301003010011417910000000000025320842501000030000000055500000000055500000001000000010000008605302600001065720000009282026000010657200000092820025243604634338621790033080000
00200306676543080030400472768400000000001545923330080000302469000555000000000000000000010000000100000086053026000010657200000092820260000106572000000928200000000000000000000002524360463433862179003308000000
002011066765444500104086227386000000000017613778640400001003660005550005550005550000000000000000000100000001000000860530260000106572000000928202600001065720000009282000000000000000000000000000000000000000000000000002524360463433862179003308000000
0020020667654508003010011417910000000000025320842501000030000000055500000000055500000001000000010000008605302600001065720000009282026000010657200000092820025243604634338621790033080000
0020020667654792003010011417910000000000025320842501000030000000055500000000055500000001000000010000008605302600001065720000009282026000010657200000092820025243604634338621790033080000
005001066765510000000000000000000000000011717463760000000000150000
002011066765510100104083098178000000000011717463760400001014690005550005550004500004500008550000000100000001000000860530260000106572000000928202600001065720000009282100000000000000000000300000000000000000000000000002524360463433862179003308000000
0020020667655493003010011417910000000000025320842501000030000000055500000000055500000001000000010000008605302600001065720000009282026000010657200000092820025243604634338621790033080000
005001066765555200301001024742000000000013806322510400001000150000
005001066765555600301001024742000000000013806322510400001000150000
00200306676555570030100102474200000000001380632251070000302137000555000000000000000000010000000100000086053026000010657200000092820260000106572000000928200000000000000000000002524360463433862179003308000000
0020020667655647003010011417910000000000025320842501000030000000055500000000055500000001000000010000008605302600001065720000009282026000010657200000092820025243604634338621790033080000
002011066765565300104086451961000000000016992274640400001006320005550005550005550000000000000000000100000001000000860530260000106572000000928202600001065720000009282000000000000000000000000000000000000000000000000002524360463433862179003308000000
002011066765595600104164429001000000000022973522640400001025510005550005550005550000000000000000000100000001000000860530260000106572000000928202600001065720000009282000000000000000000000000000000000000000000000000002524360463433862179003308000000
0020020667655986003010011417910000000000025320842501000030000000055500000000055500000001000000010000008605302600001065720000009282026000010657200000092820025243604634338621790033080000
002011066765611600104156401606000000000027127650000400001000170005550005550000400000000000000000000100000001000000860530260000106572000000928202600001065720000009282000000000000000000000000000000000000000000000000002524360463433862179003308000000
002011066765611600104156401606000000000027127650000400001000170005550005550005150000000000000000000100000001000000860530260000106572000000928202600001065720000009282000000000000000000000000000000000000000000000000002524360463433862179003308000000
005001066765742800301001141791000000000002532084250400001000150000
00300101000030000700038850000086053026000010657200000092820260000106572000000928206676574320000
00300108000030000100000000000086053026000010657200000092820260000106572000000928206676574320000
00300104000010000500027750000086053026000010657200000092820260000106572000000928206676574320000
00300107000030000100000000000086053026000010657200000092820260000106572000000928206676574320000
001001026000008605300406676574320260000106572000000928202600001065720000009282020350458000100120000
005001066765743500301001141791000000000002532084250400001000150000
001001026000008605300506676574410260000106572000000928202600001065720000009282020350458000100120000
0020020667658989003010011417910000000000025320842501000030000000055500000000055500000001000000010000008605302600001065720000009282026000010657200000092820025243604634338621790033080000
0020020667659011003010011417910000000000025320842501000030000000055500000000055500000001000000010000008605302600001065720000009282026000010657200000092820025243604634338621790033080000
0020020667659015003010011417910000000000025320842501000030000000055500000000055500000001000000010000008605302600001065720000009282026000010657200000092820025243604634338621790033080000
0020020667659316003010011417910000000000025320842501000030000000055500000000055500000001000000010000008605302600001065720000009282026000010657200000092820025243604634338621790033080000
005001066765966100301001162886000000000004559357370400001000150000
005001066765966400301001162886000000000004559357370400001000150000
00200306676596650030100116288600000000000455935737070000300266000555000000000000000000010000000100000086053026000010657200000092820260000106572000000928200000000000000000000002524360463433862179003308000000
005001066765992200305000422836000000000014006159130710003000150000
00200306676599230030500042283600000000001400615913071000300692000555000000000000000000010000000100000086053026000010657200000092820260000106572000000928200000000000000000000002524360463433862179003308000000
002011066766022900104151747334000000000026144338640400001001890005550005550004600004600008550000000100000001000000860530260000106572000000928202600001065720000009282100000000000000000000300000000000000000000000000002524360463433862179003308000000
0020020667660376003010011417910000000000025320842501000030000000055500000000055500000001000000010000008605302600001065720000009282026000010657200000092820025243604634338621790033080000
0020020667660687003010011417910000000000025320842501000030000000055500000000055500000001000000010000008605302600001065720000009282026000010657200000092820025243604634338621790033080000
00200306676606930030400528925700000000001982996562080000300037000555000000000000000000010000000100000086053026000010657200000092820260000106572000000928200000000000000000000002524360463433862179003308000000
00200306676607020030400462195900000000002443138202080000301287000555000000000000000000010000000100000086053026000010657200000092820260000106572000000928200000000000000000000002524360463433862179003308000000
0020020667660941003010011417910000000000025320842501000030000000055500000000055500000001000000010000008605302600001065720000009282026000010657200000092820025243604634338621790033080000
0020020667660946003010011417910000000000025320842501000030000000055500000000055500000001000000010000008605302600001065720000009282026000010657200000092820025243604634338621790033080000
0020020667660950003010011417910000000000025320842501000030000000055500000000055500000001000000010000008605302600001065720000009282026000010657200000092820025243604634338621790033080000
005001066766101200301001164684000000000008914635450400001000150000
005001066766101500301001164684000000000008914635450400001000150000
00200306676610170030100116468400000000000891463545070000300069000555000000000000000000010000000100000086053026000010657200000092820260000106572000000928200000000000000000000002524360463433862179003308000000
005001066766191000301001141791000000000002532084250400001000150000
00300101000030000900049950000086053026000010657200000092820260000106572000000928206676619140000
00300107000030000200000000000086053026000010657200000092820260000106572000000928206676619140000
00300107100030000100000000000086053026000010657200000092820260000106572000000928206676619140000
00300104000010000100005550000086053026000010657200000092820260000106572000000928206676619140000
00300108000030000200000000000086053026000010657200000092820260000106572000000928206676619140000
001001026000008605300406676619140260000106572000000928202600001065720000009282020350458000100020000
005001066766332700301001141791000000000002532084250400001000150000
001001026000008605300506676633330260000106572000000928202600001065720000009282020350458000100020000
0020020667663931003010011417910000000000025320842501000030000000055500000000055500000001000000010000008605302600001065720000009282026000010657200000092820025243604634338621790033080000
002011066766394600104151184852000000000023860229840400001001090005550005550005550000000000000000000100000001000000860530260000106572000000928202600001065720000009282000000000000000000000000000000000000000000000000002524360463433862179003308000000
00200306676639530030400357594500000000003890939466080000306573000555000000000000000000010000000100000086053026000010657200000092820260000106572000000928200000000000000000000002524360463433862179003308000000
005001066766402000104164132121000000000017700874960400001000360000
002011066766402400104164132121000000000017700874960400001108790005550005550005550000000000000000000100000001000000860530260000106572000000928202600001065720000009282000000000000000000000000000000000000000000000000002524360463433862179003308000000
005001066766425300103095475623000000000030615171281023001002300000
002011066766425600103095475623000000000030615171280450001000040005550005550005550000000000000000000100000001000000860530260000106572000000928202600001065720000009282000000000000000000000000000000000000000000000000002524360463433862179003308000000
0020020667664326003010011417910000000000025320842501000030000000055500000000055500000001000000010000008605302600001065720000009282026000010657200000092820025243604634338621790033080000
0020020667664446003010011417910000000000025320842501000030000000055500000000055500000001000000010000008605302600001065720000009282026000010657200000092820025243604634338621790033080000
0020020667664525003010011417910000000000025320842501000030000000055500000000055500000001000000010000008605302600001065720000009282026000010657200000092820025243604634338621790033080000
005001066766454000104082405182000000000004099126481023001002300000
002011066766454300104082405182000000000004099126480400001010830005550005550005550000000000000000000100000001000000860530260000106572000000928202600001065720000009282000000000000000000000000000000000000000000000000002524360463433862179003308000000
0020020667664617003010011417910000000000025320842501000030000000055500000000055500000001000000010000008605302600001065720000009282026000010657200000092820025243604634338621790033080000
0020020667664628003010011417910000000000025320842501000030000000055500000000055500000001000000010000008605302600001065720000009282026000010657200000092820025243604634338621790033080000
0020020667664689003010011417910000000000025320842501000030000000055500000000055500000001000000010000008605302600001065720000009282026000010657200000092820025243604634338621790033080000
0020020667664724003010011417910000000000025320842501000030000000055500000000055500000001000000010000008605302600001065720000009282026000010657200000092820025243604634338621790033080000
002011066766553100104156292467000000000027543647440400001000440005550005550005550000000000000000000100000001000000860530260000106572000000928202600001065720000009282000000000000000000000000000000000000000000000000002524360463433862179003308000000
002011066766553500104151854581000000000024738274000400001000820005550005550005550000000000000000000100000001000000860530260000106572000000928202600001065720000009282000000000000000000000000000000000000000000000000002524360463433862179003308000000
002011066766557800104152398091000000000025256338640400001001560005550005550005550000000000000000000100000001000000860530260000106572000000928202600001065720000009282000000000000000000000000000000000000000000000000002524360463433862179003308000000
002011066766582500117023453321000000000017522873340400001069780005550005550005550000000000000000000100000001000000860530260000106572000000928202600001065720000009282000000000000000000000000000000000000000000000000002524360463433862179003308000000
00200306676658380030400533645100000000001982996514080000300088000555000000000000000000010000000100000086053026000010657200000092820260000106572000000928200000000000000000000002524360463433862179003308000000
00200306676659200030400508942800000000000252114169080000300528000555000000000000000000010000000100000086053026000010657200000092820260000106572000000928200000000000000000000002524360463433862179003308000000
0020020667665968003010011417910000000000025320842501000030000000055500000000055500000001000000010000008605302600001065720000009282026000010657200000092820025243604634338621790033080000
002011066766638000104086286676000000000016870610640400001001470005550005550005550000000000000000000100000001000000860530260000106572000000928202600001065720000009282000000000000000000000000000000000000000000000000002524360463433862179003308000000
002011066766638600104164356312000000000024327373520400001010570005550005550005550000000000000000000100000001000000860530260000106572000000928202600001065720000009282000000000000000000000000000000000000000000000000002524360463433862179003308000000
005001066766690500104081685408000000000000962222801023001002300000
002011066766690800104081685408000000000000962222800400001015560005550005550005550000000000000000000100000001000000860530260000106572000000928202600001065720000009282000000000000000000000000000000000000000000000000002524360463433862179003308000000
005001066766763900301001141791000000000002532084250400001000150000
00300101000030000900049950000086053026000010657200000092820260000106572000000928206676676430000
00300104000010001000055500000086053026000010657200000092820260000106572000000928206676676430000
00300108000030000300000000000086053026000010657200000092820260000106572000000928206676676430000
00300104500010000100005550000086053026000010657200000092820260000106572000000928206676676430000
001001026000008605300406676676430260000106572000000928202600001065720000009282020350458000100120000
005001066766764500301001141791000000000002532084250400001000150000
001001026000008605300506676676510260000106572000000928202600001065720000009282020350458000100120000
0020020667668490003010011417910000000000025320842501000030000000055500000000055500000001000000010000008605302600001065720000009282026000010657200000092820025243604634338621790033080000
0020020667668876003010011417910000000000025320842501000030000000055500000000055500000001000000010000008605302600001065720000009282026000010657200000092820025243604634338621790033080000
002011066766911300104164955984000000000024337270480400001037280005550005550005550000000000000000000100000001000000860530260000106572000000928202600001065720000009282000000000000000000000000000000000000000000000000002524360463433862179003308000000
00200306676691210030400457602300000000001110174458080000301837000555000000000000000000010000000100000086053026000010657200000092820260000106572000000928200000000000000000000002524360463433862179003308000000
002011066766948300104085037801000000000015733151440400001003590005550005550004500004500008550000000100000001000000860530260000106572000000928202600001065720000009282100000000000000000000300000000000000000000000000002524360463433862179003308000000
00200306676695510030400312443900000000000884894307080000305787000555000000000000000000010000000100000086053026000010657200000092820260000106572000000928200000000000000000000002524360463433862179003308000000
0020020667669640003010011417910000000000025320842501000030000000055500000000055500000001000000010000008605302600001065720000009282026000010657200000092820025243604634338621790033080000
00200306676697930030400520690400000000003569305078080000300404000555000000000000000000010000000100000086053026000010657200000092820260000106572000000928200000000000000000000002524360463433862179003308000000
0020020667669872003010011417910000000000025320842501000030000000055500000000055500000001000000010000008605302600001065720000009282026000010657200000092820025243604634338621790033080000
0020020667670532003010011417910000000000025320842501000030000000055500000000055500000001000000010000008605302600001065720000009282026000010657200000092820025243604634338621790033080000
005001066767155400301001141791000000000002532084250400001000150000
00300101000030000500027750000086053026000010657200000092820260000106572000000928206676715580000
00300104000010000200011100000086053026000010657200000092820260000106572000000928206676715580000
00300108000030000300000000000086053026000010657200000092820260000106572000000928206676715580000
001001026000008605300406676715580260000106572000000928202600001065720000009282020350458000100020000
005001066767156000301001141791000000000002532084250400001000150000
001001026000008605300506676715660260000106572000000928202600001065720000009282020350458000100020000
00200306676734510030400501901200000000003530928198080000300827000555000000000000000000010000000100000086053026000010657200000092820260000106572000000928200000000000000000000002524360463433862179003308000000
00200306676734680030400424296600000000002446698309080000301740000555000000000000000000010000000100000086053026000010657200000092820260000106572000000928200000000000000000000002524360463433862179003308000000
0020020667673747003010011417910000000000025320842501000030000000055500000000055500000001000000010000008605302600001065720000009282026000010657200000092820025243604634338621790033080000
002011066767378400109108292585000000000016449902800100001001870005550005550005550000000000000000000100000001000000860530260000106572000000928202600001065720000009282000000000000000000000000000000000000000000000000002524360463433862179003308000000
0020020667673818003010011417910000000000025320842501000030000000055500000000055500000001000000010000008605302600001065720000009282026000010657200000092820025243604634338621790033080000
002011066767387300117040282441000000000007335387590400001034980005550005550005550000000000000000000100000001000000860530260000106572000000928202600001065720000009282000000000000000000000000000000000000000000000000002524360463433862179003308000000
005001066767596500301001141791000000000002532084250400001000150000
00300108000030000200000000000086053026000010657200000092820260000106572000000928206676759690000
00300101000030000200011100000086053026000010657200000092820260000106572000000928206676759690000
00300101000010000100005550000086053026000010657200000092820260000106572000000928206676759690000
00300104000010000100005550000086053026000010657200000092820260000106572000000928206676759690000
001001026000008605300406676759690260000106572000000928202600001065720000009282020350458000100120000
005001066767597200301001141791000000000002532084250400001000150000
001001026000008605300506676759780260000106572000000928202600001065720000009282020350458000100120000
005001066767599000301001141791000000000002532084250400001000150000
001001026000008605300406676759980260000106572000000928202600001065720000009282020350458000100020000
005001066767600000301001141791000000000002532084250400001000150000
001001026000008605300306676760040260000106572000000928202600001065720000009282020350458000100020000
02000100106676760150030100114179100000000000253208425026000010657200000092820021901000008605302600001065720000009282026000010657200000092820000
0210010300110000086053026000010657200000092820260000106572000000928206676760150000
0210010400230000086053026000010657200000092820260000106572000000928206676760150000
0210010500010000086053026000010657200000092820260000106572000000928206676760150000
0210010800030000086053026000010657200000092820260000106572000000928206676760150000
0210011200010000086053026000010657200000092820260000106572000000928206676760150000
0210011800010000086053026000010657200000092820260000106572000000928206676760150000
0210012500060000086053026000010657200000092820260000106572000000928206676760150000
010001001026000010657200000092820000086053066767601500500000
001001026000008605300206676760190260000106572000000928200000000000000000000000020350458000100020000
010001001026000010657200000092820000086053066767602700400000
001001026000008605300106676760330000000106572000000000000000000000000000000000020350458000100020000
03400667654235000008605300005C06676542350667657432000008605304580I0000106572000010657201000001900055500000000100000001040000001000450100000001000000010400000010005150000000010000000104000000100004000000000100000001040000014000555000000001000000010700000010000000000000010000000108000000600000000000000100000001
03400667657441000008605300005C06676574410667661914000008605304580V00001065720000106572010000014000555000000001000000010400000010004601000000010000000107000000200000000000000100000001071000001000000000000001000000010800000050000000000000010000000108000000500000000000000100000001080000005000000000000001000000010800000050000000000000010000000108000000500000000000000100000001080000005000000000000001000000010800000050000000000000010000000108000000500000000000000100000001080000005000000000000001000000010800000050000000000000010000000108000000500000000000000100000001
