1000020260000086046003025243604634339970830032480000
001001026000008604600206676419870000000106959000000000000000000000000000000000000000000000000000000
010001001026000010695900000095120000086046066764199400100000
0350010667642006252747750000017300000001010000
010001001026000010695900000095120000086046066764200900200000
001001026000008604600306676420130260000106959000000951202600001069590000009512000000000000000020000
001001026000008604600406676420210260000106959000000951202600001069590000009512020350458000100020000
005001066764202300301001145272000000000002527477530400001000150000
001001026000008604600506676420290260000106959000000951202600001069590000009512020350458000100020000
002011066764215800104083807578000000000009318602960400001008100005550005550005550000000000000000000100000001000000860460260000106959000000951202600001069590000009512000000000000000000000000000000000000000000000000002524360463433997083003248000000
00200306676422680030400378463300000000003933951685080000301848000555000000000000000000010000000100000086046026000010695900000095120260000106959000000951200000000000000000000002524360463433997083003248000000
0020020667642281003010011452720000000000025274775301000030000000055500000000055500000001000000010000008604602600001069590000009512026000010695900000095120025243604634339970830032480000
00200306676422880030400531707200000000003533160022080000300065000555000000000000000000010000000100000086046026000010695900000095120260000106959000000951200000000000000000000002524360463433997083003248000000
0020020667642637003010011452720000000000025274775301000030000000055500000000055500000001000000010000008604602600001069590000009512026000010695900000095120025243604634339970830032480000
0020020667642974003010011452720000000000025274775301000030000000055500000000055500000001000000010000008604602600001069590000009512026000010695900000095120025243604634339970830032480000
00200306676429790030400496629800000000003533161846080000300960000555000000000000000000010000000100000086046026000010695900000095120260000106959000000951200000000000000000000002524360463433997083003248000000
0020020667642991003010011452720000000000025274775301000030000000055500000000055500000001000000010000008604602600001069590000009512026000010695900000095120025243604634339970830032480000
002011066764299600109074351215000000000031295834320100001001060005550005550005550000000000000000000100000001000000860460260000106959000000951202600001069590000009512000000000000000000000000000000000000000000000000002524360463433997083003248000000
00200306676430920030400461064700000000000974058592080000301716000555000000000000000000010000000100000086046026000010695900000095120260000106959000000951200000000000000000000002524360463433997083003248000000
002011066764310900109105826252000000000013699525840100001007780005550005550005550000000000000000000100000001000000860460260000106959000000951202600001069590000009512000000000000000000000000000010000000000000000000602524360463433997083003248000000
0020020667643431003010011452720000000000025274775301000030000000055500000000055500000001000000010000008604602600001069590000009512026000010695900000095120025243604634339970830032480000
0020020667643452003010011452720000000000025274775301000030000000055500000000055500000001000000010000008604602600001069590000009512026000010695900000095120025243604634339970830032480000
0020020667643456003010011452720000000000025274775301000030000000055500000000055500000001000000010000008604602600001069590000009512026000010695900000095120025243604634339970830032480000
0020020667643789003010011452720000000000025274775301000030000000055500000000055500000001000000010000008604602600001069590000009512026000010695900000095120025243604634339970830032480000
002011066764393400109053733313000000000015139013840100001002170005550005550005550000000000000000000100000001000000860460260000106959000000951202600001069590000009512000000000000000000000000000000000000000000000000002524360463433997083003248000000
0020020667644472003010011452720000000000025274775301000030000000055500000000055500000001000000010000008604602600001069590000009512026000010695900000095120025243604634339970830032480000
002011066764694600104164372156000000000023275170000400001058550005550005550005550000000000000000000100000001000000860460260000106959000000951202600001069590000009512000000000000000000000000000000000000000000000000002524360463433997083003248000000
002011066764707900104150104243000000000025896832720400001005860005550005550005550000000000000000000100000001000000860460260000106959000000951202600001069590000009512000000000000000000000000000000000000000000000000002524360463433997083003248000000
002011066764738400104078421152000000000032644752530400001022340005550005550005550000000000000000000100000001000000860460260000106959000000951202600001069590000009512000000000000000000000000000000000000000000000000002524360463433997083003248000000
0020020667647424003010011452720000000000025274775301000030000000055500000000055500000001000000010000008604602600001069590000009512026000010695900000095120025243604634339970830032480000
0020020667647627003010011452720000000000025274775301000030000000055500000000055500000001000000010000008604602600001069590000009512026000010695900000095120025243604634339970830032480000
0020020667647633003010011452720000000000025274775301000030000000055500000000055500000001000000010000008604602600001069590000009512026000010695900000095120025243604634339970830032480000
0020020667647637003010011452720000000000025274775301000030000000055500000000055500000001000000010000008604602600001069590000009512026000010695900000095120025243604634339970830032480000
0020020667647826003010011452720000000000025274775301000030000000055500000000055500000001000000010000008604602600001069590000009512026000010695900000095120025243604634339970830032480000
0020020667647858003010011452720000000000025274775301000030000000055500000000055500000001000000010000008604602600001069590000009512026000010695900000095120025243604634339970830032480000
0020020667648035003010011452720000000000025274775301000030000000055500000000055500000001000000010000008604602600001069590000009512026000010695900000095120025243604634339970830032480000
0020020667648175003010011452720000000000025274775301000030000000055500000000055500000001000000010000008604602600001069590000009512026000010695900000095120025243604634339970830032480000
002011066764841500104080779281000000000011113287050400001009700005550005550005550000000000000000000100000001000000860460260000106959000000951202600001069590000009512000000000000000000000019300000000000000000000000002524360463433997083003248000000
0020020667648422003010011452720000000000025274775301000030000000055500000000055500000001000000010000008604602600001069590000009512026000010695900000095120025243604634339970830032480000
005001066764858300305000417956000000000009586554490710003001360000
002011066764858300305000417956000000000009586554490400001009050005550005550005550000000000000000000100000001000000860460260000106959000000951202600001069590000009512000000000000000000000019300000000000000000000000002524360463433997083003248000000
0020020667651283003010011452720000000000025274775301000030000000055500000000055500000001000000010000008604602600001069590000009512026000010695900000095120025243604634339970830032480000
0020020667651302003010011452720000000000025274775301000030000000055500000000055500000001000000010000008604602600001069590000009512026000010695900000095120025243604634339970830032480000
00200306676513100030100105017400000000002678803667070100301812000555000000000000000000010000000100000086046026000010695900000095120260000106959000000951200000000000000000000002524360463433997083003248000000
002011066765136400109127457713000000000002548273360100001037260005550005550005550000000000000000000100000001000000860460260000106959000000951202600001069590000009512000000000000000000000000000010000000000000000000202524360463433997083003248000000
002011066765150000104152677381000000000027948204240400001017360005550005550005550000000000000000000100000001000000860460260000106959000000951202600001069590000009512000000000000000000000000000000000000000000000000002524360463433997083003248000000
00200306676515140030400277041800000000002423509482080000306303000555000000000000000000010000000100000086046026000010695900000095120260000106959000000951200000000000000000000002524360463433997083003248000000
00200306676519010030400494805200000000000455644601080000301664000555000000000000000000010000000100000086046026000010695900000095120260000106959000000951200000000000000000000002524360463433997083003248000000
0020020667652037003010011452720000000000025274775301000030000000055500000000055500000001000000010000008604602600001069590000009512026000010695900000095120025243604634339970830032480000
0020020667652043003010011452720000000000025274775301000030000000055500000000055500000001000000010000008604602600001069590000009512026000010695900000095120025243604634339970830032480000
0020020667652047003010011452720000000000025274775301000030000000055500000000055500000001000000010000008604602600001069590000009512026000010695900000095120025243604634339970830032480000
005001066765205400301000962251000000000036209128581000003000150000
00200306676520630030100096225100000000003620912858070100304386000555000000000000000000010000000100000086046026000010695900000095120260000106959000000951200000000000000000000002524360463433997083003248000000
0020020667652347003010011452720000000000025274775301000030000000055500000000055500000001000000010000008604602600001069590000009512026000010695900000095120025243604634339970830032480000
002011066765237200104164037322000000000017780017360400001030950005550005550005550000000000000000000100000001000000860460260000106959000000951202600001069590000009512000000000000000000000000000000000000000000000000002524360463433997083003248000000
0020020667652460003010011452720000000000025274775301000030000000055500000000055500000001000000010000008604602600001069590000009512026000010695900000095120025243604634339970830032480000
002011066765273900104163888272000000000024308037840400001042570005550005550005550000000000000000000100000001000000860460260000106959000000951202600001069590000009512000000000000000000000000000000000000000000000000002524360463433997083003248000000
0020020667653220003010011452720000000000025274775301000030000000055500000000055500000001000000010000008604602600001069590000009512026000010695900000095120025243604634339970830032480000
002011066765336200104088456501000000000023585721040400001002530005550005550005550000000000000000000100000001000000860460260000106959000000951202600001069590000009512000000000000000000000000000000000000000000000000002524360463433997083003248000000
00200306676536360030400534274300000000001063138322080000300051000555000000000000000000010000000100000086046026000010695900000095120260000106959000000951200000000000000000000002524360463433997083003248000000
0020020667653655003010011452720000000000025274775301000030000000055500000000055500000001000000010000008604602600001069590000009512026000010695900000095120025243604634339970830032480000
0020020667654375003010011452720000000000025274775301000030000000055500000000055500000001000000010000008604602600001069590000009512026000010695900000095120025243604634339970830032480000
0020020667654395003010011452720000000000025274775301000030000000055500000000055500000001000000010000008604602600001069590000009512026000010695900000095120025243604634339970830032480000
0020020667654418003010011452720000000000025274775301000030000000055500000000055500000001000000010000008604602600001069590000009512026000010695900000095120025243604634339970830032480000
0020020667654460003010011452720000000000025274775301000030000000055500000000055500000001000000010000008604602600001069590000009512026000010695900000095120025243604634339970830032480000
0020020667656855003010011452720000000000025274775301000030000000055500000000055500000001000000010000008604602600001069590000009512026000010695900000095120025243604634339970830032480000
0020020667656871003010011452720000000000025274775301000030000000055500000000055500000001000000010000008604602600001069590000009512026000010695900000095120025243604634339970830032480000
0020020667656904003010011452720000000000025274775301000030000000055500000000055500000001000000010000008604602600001069590000009512026000010695900000095120025243604634339970830032480000
0020020667657030003010011452720000000000025274775301000030000000055500000000055500000001000000010000008604602600001069590000009512026000010695900000095120025243604634339970830032480000
0020020667657119003010011452720000000000025274775301000030000000055500000000055500000001000000010000008604602600001069590000009512026000010695900000095120025243604634339970830032480000
002011066765719100104151667136000000000025350480080400001053890005550005550005550000000000000000000100000001000000860460260000106959000000951202600001069590000009512000000000000000000000000000000000000000000000000002524360463433997083003248000000
002011066765722300104151667047000000000025826640080400001076290005550005550005550000000000000000000100000001000000860460260000106959000000951202600001069590000009512000000000000000000000000000000000000000000000000002524360463433997083003248000000
002011066765740800117040807926000000000009276470130400001024770005550005550005550000000000000000000100000001000000860460260000106959000000951202600001069590000009512000000000000000000000000000000000000000000000000002524360463433997083003248000000
0020020667657567003010011452720000000000025274775301000030000000055500000000055500000001000000010000008604602600001069590000009512026000010695900000095120025243604634339970830032480000
005001066765790800204017418395000000000013420998510800002000800000
005001066765791000204017418395000000000013420998510800002000800000
005001066765794300204017418395000000000013420998510800002000800000
0020020667658313003010011452720000000000025274775301000030000000055500000000055500000001000000010000008604602600001069590000009512026000010695900000095120025243604634339970830032480000
0020020667658463003010011452720000000000025274775301000030000000055500000000055500000001000000010000008604602600001069590000009512026000010695900000095120025243604634339970830032480000
00200306676587040020401682343100000000001618911579080000200259000555000000000000000000010000000100000086046026000010695900000095120260000106959000000951200000000000000000000002524360463433997083003248000000
002011066765871600104165216603000000000024311588560400001024520005550005550005550000000000000000000100000001000000860460260000106959000000951202600001069590000009512000000000000000000000000000000000000000000000000002524360463433997083003248000000
005001066765987300301001145272000000000002527477530400001000150000
00300104000010001400077700000086046026000010695900000095120260000106959000000951206676598760000
00300108000030000700000000000086046026000010695900000095120260000106959000000951206676598760000
00300101000030003900216450000086046026000010695900000095120260000106959000000951206676598760000
00300101000010000400022200000086046026000010695900000095120260000106959000000951206676598760000
00300107010030000200000000000086046026000010695900000095120260000106959000000951206676598760000
00300108000020000100000000000086046026000010695900000095120260000106959000000951206676598760000
001001026000008604600406676598760260000106959000000951202600001069590000009512020350458000100120000
005001066765987800301001145272000000000002527477530400001000150000
001001026000008604600306676598820260000106959000000951202600001069590000009512020350458000100120000
02000100106676598930030100114527200000000000252747753026000010695900000095120017301000008604602600001069590000009512026000010695900000095120000
0210010300080000086046026000010695900000095120260000106959000000951206676598930000
0210010400260000086046026000010695900000095120260000106959000000951206676598930000
0210010800020000086046026000010695900000095120260000106959000000951206676598930000
0210011800040000086046026000010695900000095120260000106959000000951206676598930000
0210012500060000086046026000010695900000095120260000106959000000951206676598930000
010001001026000010695900000095120000086046066765989300500000
005001066766000000301001145272000000000002527477531011003000150000
001001026000008604600206676600030260000106959000000951200000000000000000000000020350458000100120000
010001001026000010695900000095120000086046066766001000400000
001001026000008604600106676600160000000106959000000000000000000000000000000000020350458000100120000
03400667642029000008604600005C06676420290667659876000008604604580I0000106959000010695901000004300055500000000100000001040000014000555000000001000000010701000020000000000000010000000108000000800000000000000100000001
