1000020260000086046003025243604634339970830032470000
0450010000000000000000000106674668290000
0450010000000002000000000106674681030000
0450010000000002000000000106674693930000
0450010000000002000000000106674706650000
0450010000000002000000000106674719390000
0450010000000002000000000106674732280000
0450010000000002000000000106675638630000
0450010000000002000000000106676006910000
0450010000000002000000000106676073970000
001001026000008604600206676186060000000009777000000000000000000000000000000000020320457700100100000
010001001026000000977700000041330000086046066761861400100000
0350010667618626215315340000124600000001010000
010001001026000000977700000041330000086046066761862800200000
001001026000008604600306676186320260000009777000000413302600000097770000004133020320457700100110000
001001026000008604600406676199790260000009777000000413302600000097770000004133020320457700100010000
001001026000008604600506676199860260000009777000000413302600000097770000004133020320457700100010000
002011066762073700104089531507000000000027154540240400001004090005550005550005550000000000000000000100000001000000860460260000009777000000413302600000097770000004133000000000000000000000000000000000000000000000000002524360463433997083003247000000
002011066762087500104164795499000000000022773801680400001006570005550005550005550000000000000000000100000001000000860460260000009777000000413302600000097770000004133000000000000000000000000000000000000000000000000002524360463433997083003247000000
00200306676208800030400494805200000000000455644601080000301663000555000000000000000000010000000100000086046026000000977700000041330260000009777000000413300000000000000000000002524360463433997083003247000000
002011066762096800104152735682000000000028476211920400001065240005550005550005550000000000000000000100000001000000860460260000009777000000413302600000097770000004133000000000000000000000000000000000000000000000000002524360463433997083003247000000
0020020667621062003010003629540000000000215315346001000030000000055500000000055500000001000000010000008604602600000097770000004133026000000977700000041330025243604634339970830032470000
002011066762107000117046864204000000000032598791360400001036500005550005550005550000000000000000000100000001000000860460260000009777000000413302600000097770000004133000000000000000000000000000000000000000000000000002524360463433997083003247000000
00200306676211470030400430269100000000002679659971080000301944000555000000000000000000010000000100000086046026000000977700000041330260000009777000000413300000000000000000000002524360463433997083003247000000
002011066762115700104163977755000000000023282061520400001072000005550005550005550000000000000000000100000001000000860460260000009777000000413302600000097770000004133000000000000000000000000000000000000000000000000002524360463433997083003247000000
00300104000010000500027750000086046026000000977700000041330260000009777000000413306676224750000
00300108000030000200000000000086046026000000977700000041330260000009777000000413306676224750000
00300101000030000100005550000086046026000000977700000041330260000009777000000413306676224750000
001001026000008604600406676224750260000009777000000413302600000097770000004133020320457700100110000
001001026000008604600306676224810260000009777000000413302600000097770000004133020320457700100110000
02000100106676224930030100036295400000000002153153460026000000977700000041330124601000008604602600000097770000004133026000000977700000041330000
0210010300020000086046026000000977700000041330260000009777000000413306676224930000
0210010400110000086046026000000977700000041330260000009777000000413306676224930000
010001001026000000977700000041330000086046066762249300500000
001001026000008604600206676232010260000009777000000413300000000000000000000000020350458000100110000
0350010667623216215315340000124600000002010000
010001001026000000977700000041330000086046066762321800200000
001001026000008604600306676232220260000009777000000413302600000097770000004133020350458000100110000
001001026000008604600406676232310260000009777000000413302600000097770000004133020350458000100110000
001001026000008604600506676232400260000009777000000413302600000097770000004133020350458000100110000
002011066762326800104163780005000000000024056789200400001026840005550005550005550000000000000000000100000001000000860460260000009777000000413302600000097770000004133000000000000000000000000000000000000000000000000002524360463433997083003247000000
002011066762327500104153083077000000000027889301200400001065140005550005550005550000000000000000000100000001000000860460260000009777000000413302600000097770000004133000000000000000000000000000000000000000000000000002524360463433997083003247000000
005001066762328100104164194151000000000024346112721023001002300000
002011066762328600104164194151000000000024346112720400001054370005550005550004500004500008550000000100000001000000860460260000009777000000413302600000097770000004133100000000000000000000300000000000000000000000000002524360463433997083003247000000
00200306676232960030400532920800000000001982980850080000300134000555000000000000000000010000000100000086046026000000977700000041330260000009777000000413300000000000000000000002524360463433997083003247000000
0020020667623677003010003629540000000000215315346001000030000000055500000000055500000001000000010000008604602600000097770000004133026000000977700000041330025243604634339970830032470000
002011066762378400104164506764000000000023296681680400001061440005550005550005550000000000000000000100000001000000860460260000009777000000413302600000097770000004133000000000000000000000000000000000000000000000000002524360463433997083003247000000
0020020667624590003010003629540000000000215315346001000030000000055500000000055500000001000000010000008604602600000097770000004133026000000977700000041330025243604634339970830032470000
0020020667624607003010003629540000000000215315346001000030000000055500000000055500000001000000010000008604602600000097770000004133026000000977700000041330025243604634339970830032470000
0020020667624616003010003629540000000000215315346001000030000000055500000000055500000001000000010000008604602600000097770000004133026000000977700000041330025243604634339970830032470000
0020020667624690003010003629540000000000215315346001000030000000055500000000055500000001000000010000008604602600000097770000004133026000000977700000041330025243604634339970830032470000
0020020667624751003010003629540000000000215315346001000030000000055500000000055500000001000000010000008604602600000097770000004133026000000977700000041330025243604634339970830032470000
0020020667624802003010003629540000000000215315346001000030000000055500000000055500000001000000010000008604602600000097770000004133026000000977700000041330025243604634339970830032470000
0020020667624811003010003629540000000000215315346001000030000000055500000000055500000001000000010000008604602600000097770000004133026000000977700000041330025243604634339970830032470000
002011066762488900104089416091000000000034876828880400001002030005550005550004250004250008550000000100000001000000860460260000009777000000413302600000097770000004133100000000000000000000300000000000000000000000000002524360463433997083003247000000
0020020667624893003010003629540000000000215315346001000030000000055500000000055500000001000000010000008604602600000097770000004133026000000977700000041330025243604634339970830032470000
0020020667624899003010003629540000000000215315346001000030000000055500000000055500000001000000010000008604602600000097770000004133026000000977700000041330025243604634339970830032470000
002011066762491000104085621617000000000015991445200400001015130005550005550005550000000000000000000100000001000000860460260000009777000000413302600000097770000004133000000000000000000000000000000000000000000000000002524360463433997083003247000000
0020020667624915003010003629540000000000215315346001000030000000055500000000055500000001000000010000008604602600000097770000004133026000000977700000041330025243604634339970830032470000
0020020667624921003010003629540000000000215315346001000030000000055500000000055500000001000000010000008604602600000097770000004133026000000977700000041330025243604634339970830032470000
0020020667625155003010003629540000000000215315346001000030000000055500000000055500000001000000010000008604602600000097770000004133026000000977700000041330025243604634339970830032470000
002011066762541500109054796025000000000020121616080100001013090005550005550005550000000000000000000100000001000000860460260000009777000000413302600000097770000004133000000000000000000000000000000000000000000000000002524360463433997083003247000000
002011066762543300104167430718000000000023739730640400001102080005550005550005550000000000000000000100000001000000860460260000009777000000413302600000097770000004133000000000000000000000000000000000000000000000000002524360463433997083003247000000
002011066762550700104151306141000000000025389770960400001003840005550005550005550000000000000000000100000001000000860460260000009777000000413302600000097770000004133000000000000000000000000000000000000000000000000002524360463433997083003247000000
002011066762551800104151195951000000000023827758800400001001220005550005550005550000000000000000000100000001000000860460260000009777000000413302600000097770000004133000000000000000000000000000000000000000000000000002524360463433997083003247000000
00300104000010000900049950000086046026000000977700000041330260000009777000000413306676270380000
00300108000030000100000000000086046026000000977700000041330260000009777000000413306676270380000
00300101000030001300072150000086046026000000977700000041330260000009777000000413306676270380000
00300101000010000100005550000086046026000000977700000041330260000009777000000413306676270380000
001001026000008604600406676270380260000009777000000413302600000097770000004133020350458000100010000
001001026000008604600506676276700260000009777000000413302600000097770000004133020350458000100010000
002011066762784300104164904395000000000024098624720400001017190005550005550005550000000000000000000100000001000000860460260000009777000000413302600000097770000004133000000000000000000000000000000000000000000000000002524360463433997083003247000000
0020020667628125003010003629540000000000215315346001000030000000055500000000055500000001000000010000008604602600000097770000004133026000000977700000041330025243604634339970830032470000
00200306676285590030400294773300000000002075018188080000303499000555000000000000000000010000000100000086046026000000977700000041330260000009777000000413300000000000000000000002524360463433997083003247000000
005001066762874200104087651361000000000015879217361023001002300000
002011066762874600104087651361000000000015879217360400001009190005550005550005550000000000000000000100000001000000860460260000009777000000413302600000097770000004133000000000000000000000000000000000000000000000000002524360463433997083003247000000
0020020667629603003010003629540000000000215315346001000030000000055500000000055500000001000000010000008604602600000097770000004133026000000977700000041330025243604634339970830032470000
00300104000010000200011100000086046026000000977700000041330260000009777000000413306676313180000
00300101000030000200011100000086046026000000977700000041330260000009777000000413306676313180000
00300108000030000100000000000086046026000000977700000041330260000009777000000413306676313180000
001001026000008604600406676313180260000009777000000413302600000097770000004133020350458000100110000
001001026000008604600506676323920260000009777000000413302600000097770000004133020350458000100110000
002011066763243300104151580863000000000023920538320400001001650005550005550005550000000000000000000100000001000000860460260000009777000000413302600000097770000004133000000000000000000000000000000000000000000000000002524360463433997083003247000000
005001066763276400104166765971000000000023711744721023001002300000
005001066763276800104166765971000000000023711744721023001002300000
00200306676329190030400251815800000000001026892004080000302227000555000000000000000000010000000100000086046026000000977700000041330260000009777000000413300000000000000000000002524360463433997083003247000000
00200306676331720030400459820500000000004147077851080000301894000555000000000000000000010000000100000086046026000000977700000041330260000009777000000413300000000000000000000002524360463433997083003247000000
0020020667633190003010003629540000000000215315346001000030000000055500000000055500000001000000010000008604602600000097770000004133026000000977700000041330025243604634339970830032470000
00200306676331960030400510411700000000000871477081080000300759000555000000000000000000010000000100000086046026000000977700000041330260000009777000000413300000000000000000000002524360463433997083003247000000
00200306676332060030400534390100000000001982997314080000300026000555000000000000000000010000000100000086046026000000977700000041330260000009777000000413300000000000000000000002524360463433997083003247000000
0020020667633377003010003629540000000000215315346001000030000000055500000000055500000001000000010000008604602600000097770000004133026000000977700000041330025243604634339970830032470000
0020020667633406003010003629540000000000215315346001000030000000055500000000055500000001000000010000008604602600000097770000004133026000000977700000041330025243604634339970830032470000
0020020667633592003010003629540000000000215315346001000030000000055500000000055500000001000000010000008604602600000097770000004133026000000977700000041330025243604634339970830032470000
0020020667633596003010003629540000000000215315346001000030000000055500000000055500000001000000010000008604602600000097770000004133026000000977700000041330025243604634339970830032470000
00200306676338550030400446067100000000000518847219080000304485000555000000000000000000010000000100000086046026000000977700000041330260000009777000000413300000000000000000000002524360463433997083003247000000
0020020667633866003010003629540000000000215315346001000030000000055500000000055500000001000000010000008604602600000097770000004133026000000977700000041330025243604634339970830032470000
00200306676340050150300305374400000000000520412937061201500296000555000000000000000000010000000100000086046026000000977700000041330260000009777000000413300000000000000000000002524360463433997083003247000000
00200306676341870030400296551100000000002125188956080000305160000555000000000000000000010000000100000086046026000000977700000041330260000009777000000413300000000000000000000002524360463433997083003247000000
0020020667634509003010003629540000000000215315346001000030000000055500000000055500000001000000010000008604602600000097770000004133026000000977700000041330025243604634339970830032470000
0020020667634619003010003629540000000000215315346001000030000000055500000000055500000001000000010000008604602600000097770000004133026000000977700000041330025243604634339970830032470000
002011066763478700104088863654000000000026685054160400001001280005550005550005550000000000000000000100000001000000860460260000009777000000413302600000097770000004133000000000000000000000000000000000000000000000000002524360463433997083003247000000
002011066763479100104088133036000000000018455260880400001003260005550005550004600004600008550000000100000001000000860460260000009777000000413302600000097770000004133100000000000000000000300000000000000000000000000002524360463433997083003247000000
00200306676347980030400472768400000000001545923330080000302468000555000000000000000000010000000100000086046026000000977700000041330260000009777000000413300000000000000000000002524360463433997083003247000000
00300104000010000300016650000086046026000000977700000041330260000009777000000413306676358510000
00300108000030000700000000000086046026000000977700000041330260000009777000000413306676358510000
00300101000030000800044400000086046026000000977700000041330260000009777000000413306676358510000
00300106120150000100000000000086046026000000977700000041330260000009777000000413306676358510000
001001026000008604600406676358510260000009777000000413302600000097770000004133020350458000100010000
001001026000008604600506676383620260000009777000000413302600000097770000004133020350458000100010000
00200306676383690030400357594500000000003890939466080000306571000555000000000000000000010000000100000086046026000000977700000041330260000009777000000413300000000000000000000002524360463433997083003247000000
0020020667638394003010003629540000000000215315346001000030000000055500000000055500000001000000010000008604602600000097770000004133026000000977700000041330025243604634339970830032470000
0020020667638403003010003629540000000000215315346001000030000000055500000000055500000001000000010000008604602600000097770000004133026000000977700000041330025243604634339970830032470000
00200306676384110030400391718800000000001011607883080000305783000555000000000000000000010000000100000086046026000000977700000041330260000009777000000413300000000000000000000002524360463433997083003247000000
002011066763848300109057974056000000000005517097680100001005250005550005550005550000000000000000000100000001000000860460260000009777000000413302600000097770000004133000000000000000000000000000000000000000000000000002524360463433997083003247000000
002011066763850300104152678141000000000027864505040400001029250005550005550005550000000000000000000100000001000000860460260000009777000000413302600000097770000004133000000000000000000000000000000000000000000000000002524360463433997083003247000000
005001066763860900304002965511000000000021251889560800003000800000
005001066763861300304002965511000000000021251889560800003000800000
005001066763861700304002965511000000000021251889560800003000800000
005001066763862400304002965511000000000021251889560800003000800000
0020020667638628003010003629540000000000215315346001000030000000055500000000055500000001000000010000008604602600000097770000004133026000000977700000041330025243604634339970830032470000
0020020667638637003010003629540000000000215315346001000030000000055500000000055500000001000000010000008604602600000097770000004133026000000977700000041330025243604634339970830032470000
0020020667638642003010003629540000000000215315346001000030000000055500000000055500000001000000010000008604602600000097770000004133026000000977700000041330025243604634339970830032470000
0020020667638652003010003629540000000000215315346001000030000000055500000000000000000001000000011000008604602600000097770000004133026000000977700000041330025243604634339970830032470000
0040010306676386670000
0020020667638669003010003629540000000000215315346001000030000000055500000000055500000001000000010000008604602600000097770000004133026000000977700000041330025243604634339970830032470000
0020020667638834003010003629540000000000215315346001000030000000055500000000055500000001000000010000008604602600000097770000004133026000000977700000041330025243604634339970830032470000
0020020667638856003010003629540000000000215315346001000030000000055500000000055500000001000000010000008604602600000097770000004133026000000977700000041330025243604634339970830032470000
00200306676389580030400485869100000000001548252754080000301562000555000000000000000000010000000100000086046026000000977700000041330260000009777000000413300000000000000000000002524360463433997083003247000000
00200306676390840030400298137100000000002141239244080000302419000555000000000000000000010000000100000086046026000000977700000041330260000009777000000413300000000000000000000002524360463433997083003247000000
00200306676390990030400508287300000000000519911625080000301248000555000000000000000000010000000100000086046026000000977700000041330260000009777000000413300000000000000000000002524360463433997083003247000000
00200306676395040030400523145300000000002525297626080000300384000555000000000000000000010000000100000086046026000000977700000041330260000009777000000413300000000000000000000002524360463433997083003247000000
002011066763980300104151132551000000000025875520720400001001120005550005550005550000000000000000000100000001000000860460260000009777000000413302600000097770000004133000000000000000000000000000000000000000000000000002524360463433997083003247000000
00200306676399870030500026193100000000002290324187071000303186000555000000000000000000010000000100000086046026000000977700000041330260000009777000000413300000000000000000000002524360463433997083003247000000
00200306676400020030400460359400000000000659619260080000303627000555000000000000000000010000000100000086046026000000977700000041330260000009777000000413300000000000000000000002524360463433997083003247000000
0020020667640038003010003629540000000000215315346001000030000000055500000000055500000001000000010000008604602600000097770000004133026000000977700000041330025243604634339970830032470000
0020020667640150003010003629540000000000215315346001000030000000055500000000055500000001000000010000008604602600000097770000004133026000000977700000041330025243604634339970830032470000
005001066764031300104156912171000000000027454229200400001000360000
0020020667640369003010003629540000000000215315346001000030000000055500000000055500000001000000010000008604602600000097770000004133026000000977700000041330025243604634339970830032470000
0020020667640402003010003629540000000000215315346001000030000000055500000000055500000001000000010000008604602600000097770000004133026000000977700000041330025243604634339970830032470000
005001066764056500104149997281000000000024746494161023001002300000
005001066764056900104149997281000000000024746494161023001002300000
002011066764058000104149997281000000000024746494160400001003320005550005550005550000000000000000000100000001000000860460260000009777000000413302600000097770000004133000000000000000000000000000000000000000000000000002524360463433997083003247000000
0020020667640591003010003629540000000000215315346001000030000000055500000000055500000001000000010000008604602600000097770000004133026000000977700000041330025243604634339970830032470000
00200306676408930030400506476100000000000872994649080000301486000555000000000000000000010000000100000086046026000000977700000041330260000009777000000413300000000000000000000002524360463433997083003247000000
00300108000030000800000000000086046026000000977700000041330260000009777000000413306676418230000
00300101000030001300072150000086046026000000977700000041330260000009777000000413306676418230000
00300101000010000100005550000086046026000000977700000041330260000009777000000413306676418230000
00300104000010000300016650000086046026000000977700000041330260000009777000000413306676418230000
00300107100030000100000000000086046026000000977700000041330260000009777000000413306676418230000
001001026000008604600406676418230260000009777000000413302600000097770000004133020350458000100110000
001001026000008604600306676418280260000009777000000413302600000097770000004133020350458000100110000
02000100106676418390030100036295400000000002153153460026000000977700000041330124602000008604602600000097770000004133026000000977700000041330000
0210010300170000086046026000000977700000041330260000009777000000413306676418390000
0210010400250000086046026000000977700000041330260000009777000000413306676418390000
0210010500010000086046026000000977700000041330260000009777000000413306676418390000
0210010900010000086046026000000977700000041330260000009777000000413306676418390000
0210011800040000086046026000000977700000041330260000009777000000413306676418390000
0210012500120000086046026000000977700000041330260000009777000000413306676418390000
010001001026000000977700000041330000086046066764183900500000
001001026000008604600206676418450260000009777000000413300000000000000000000000020350458000100110000
010001001026000000977700000041330000086046066764185400400000
001001026000008604600106676418590000000009777000000000000000000000000000000000020350458000100110000
03400667619986000008604600005C06676199860667622475000008604604577I00000097770000009777010000017000555000000001000000010400000100005550000000010000000108000001100000000000000100000001
03400667623240000008604600005C06676232400667627038000008604604580V00000097770000009777010000022000555000000001000000010400000010004251000000010000000104000000100045010000000100000001040000009000555000000001000000010800000080000000000000010000000108000000800000000000000100000001080000008000000000000001000000010800000080000000000000010000000108000000800000000000000100000001080000008000000000000001000000010800000080000000000000010000000108000000800000000000000100000001080000008000000000000001000000010800000080000000000000010000000108000000800000000000000100000001080000008000000000000001000000010800000080000000000000010000000108000000800000000000000100000001080000008000000000000001000000010800000080000000000000010000000108000000800000000000000100000001080000008000000000000001000000010800000080000000000000010000000108000000800000000000000100000001
