1000020260000086152003025243604634338675550039390000
001001026000008615200206676796360000000083446000000000000000000000000000000000000000000000000000000
010001001026000008344600000078400000086152066767964200100000
0350010667679654888517410000125500000002010000
010001001026000008344600000078400000086152066767965700200000
001001026000008615200306676796600260000083446000000784002600000834460000007840000000000000000020000
005001066767966900301000905133000000000008885174111000003000150000
001001026000008615200406676796750260000083446000000784002600000834460000007840020290457400100020000
001001026000008615200506676796820260000083446000000784002600000834460000007840020290457400100020000
005001066767993400301001141072000000000002525362010400001000150000
005001066767993800301001141072000000000002525362010400001000150000
00200306676799400030100114107200000000000252536201070000300999000465000000000000000000010000000100000086152026000008344600000078400260000083446000000784000000000000000000000002524360463433867555003939000000
0020020667679993003010009051330000000000088851741101000030000000046500000000046500000001000000010000008615202600000834460000007840026000008344600000078400025243604634338675550039390000
002011066768008900104084687649000000000019201354960400001013810004650004650004650000000000000000000100000001000000861520260000083446000000784002600000834460000007840000000000000000000000000000000000000000000000000002524360463433867555003939000000
002011066768016200104087877503000000000016626698960400001003550004650004650004650000000000000000000100000001000000861520260000083446000000784002600000834460000007840000000000000000000000000000000000000000000000000002524360463433867555003939000000
002011066768039500104150892942000000000023820375760400001002530004650004650004650000000000000000000100000001000000861520260000083446000000784002600000834460000007840000000000000000000000000000000000000000000000000002524360463433867555003939000000
0020020667681267003010009051330000000000088851741101000030000000046500000000046500000001000000010000008615202600000834460000007840026000008344600000078400025243604634338675550039390000
0020020667681278003010009051330000000000088851741101000030000000046500000000046500000001000000010000008615202600000834460000007840026000008344600000078400025243604634338675550039390000
00300107000030000100000000000086152026000008344600000078400260000083446000000784006676822460000
00300101000030000300013950000086152026000008344600000078400260000083446000000784006676822460000
00300104000010000300013950000086152026000008344600000078400260000083446000000784006676822460000
001001026000008615200406676822460260000083446000000784002600000834460000007840020290457400100120000
001001026000008615200506676822530260000083446000000784002600000834460000007840020290457400100120000
002011066768227500104166130958000000000024419272400400001022890004650004650004600004600008550000000100000001000000861520260000083446000000784002600000834460000007840100000000000000000000300000000000000000000000000002524360463433867555003939000000
0020020667682291003010009051330000000000088851741101000030000000046500000000046500000001000000010000008615202600000834460000007840026000008344600000078400025243604634338675550039390000
0020020667682303003010009051330000000000088851741101000030000000046500000000046500000001000000010000008615202600000834460000007840026000008344600000078400025243604634338675550039390000
002011066768260600104089387392000000000031515920080400001002570004650004650004650000000000000000000100000001000000861520260000083446000000784002600000834460000007840000000000000000000000000000000000000000000000000002524360463433867555003939000000
002011066768293100109063725021000000000011410908880100001019170004650004650004500004500008550000000100000001000000861520260000083446000000784002600000834460000007840100000000000000000000300000000000000000000000000002524360463433867555003939000000
0020020667682945003010009051330000000000088851741101000030000000046500000000046500000001000000010000008615202600000834460000007840026000008344600000078400025243604634338675550039390000
00200306676829530030500043969100000000002735691545071000300041000465000000000000000000010000000100000086152026000008344600000078400260000083446000000784000000000000000000000002524360463433867555003939000000
002011066768296500104157117111000000000026531454160400001000240004650004650004650000000000000000000100000001000000861520260000083446000000784002600000834460000007840000000000000000000000000000000000000000000000000002524360463433867555003939000000
0020020667683015003010009051330000000000088851741101000030000000046500000000046500000001000000010000008615202600000834460000007840026000008344600000078400025243604634338675550039390000
00300104000010000300013950000086152026000008344600000078400260000083446000000784006676852590000
00300101000030000400018600000086152026000008344600000078400260000083446000000784006676852590000
00300101000010000100004650000086152026000008344600000078400260000083446000000784006676852590000
00300107100030000100000000000086152026000008344600000078400260000083446000000784006676852590000
001001026000008615200406676852590260000083446000000784002600000834460000007840020290457400100020000
001001026000008615200306676852640260000083446000000784002600000834460000007840020290457400100020000
02000100106676852750030100090513300000000000888517411026000008344600000078400125502000008615202600000834460000007840026000008344600000078400000
0210010400080000086152026000008344600000078400260000083446000000784006676852750000
0210010500010000086152026000008344600000078400260000083446000000784006676852750000
0210010800010000086152026000008344600000078400260000083446000000784006676852750000
0210012500020000086152026000008344600000078400260000083446000000784006676852750000
010001001026000008344600000078400000086152066768527500500000
001001026000008615200206676852810260000083446000000784000000000000000000000000020290457400100020000
010001001026000008344600000078400000086152066768528700400000
001001026000008615200106676852930000000083446000000000000000000000000000000000020290457400100020000
03400667679682000008615200005C06676796820667682246000008615204574I00000834460000083446010000003000465000000001000000010400000030004650000000010000000107000000100000000000000100000001
03400667682253000008615200005C06676822530667685259000008615204574V00000834460000083446010000004000465000000001000000010100000010004501000000010000000104000000100046010000000100000001040000002000465000000001000000010710000010000000000000010000000107100000100000000000000100000001071000001000000000000001000000010710000010000000000000010000000107100000100000000000000100000001
