1000020260000086149003063600108005701915380028320000
0450010000000002000000000106676453300000
0450010000000002000000000106676466570000
0450010000000002000000000106676479290000
001001026000008614900206676482800000000106956000000000000000000000000000000000000000000000000000000
010001001026000010695600000095110000086149066764828900100000
0350010667648304253049990000019700000001010000
010001001026000010695600000095110000086149066764830600200000
001001026000008614900306676483110260000106956000000951102600001069560000009511000000000000000020000
001001026000008614900406676483200260000106956000000951102600001069560000009511020350458000100020000
005001066764903300301001145248000000000002530499930400001000150000
001001026000008614900506676490390260000106956000000951102600001069560000009511020350458000100020000
0020020667649047003010011452480000000000025304999301000030000000055500000000055500000001000000010000008614902600001069560000009511026000010695600000095110063600108005701915380028320000
0020020667649069003010011452480000000000025304999301000030000000055500000000055500000001000000010000008614902600001069560000009511026000010695600000095110063600108005701915380028320000
00200306676490740030400457224900000000000659664812080000302020000555000000000000000000010000000100000086149026000010695600000095110260000106956000000951100000000000000000000006360010800570191538002832000000
002011066764911600104164919686000000000014909845200400001028770005550005550005550000000000000000000100000001000000861490260000106956000000951102600001069560000009511000000000000000000000000000000000000000000000000006360010800570191538002832000000
002011066764921600104164716939000000000023309402320400001095360005550005550005550000000000000000000100000001000000861490260000106956000000951102600001069560000009511000000000000000000000000000000000000000000000000006360010800570191538002832000000
0020020667649295003010011452480000000000025304999301000030000000055500000000055500000001000000010000008614902600001069560000009511026000010695600000095110063600108005701915380028320000
002011066764959100104151662495000000000025930038480400001074750005550005550005550000000000000000000100000001000000861490260000106956000000951102600001069560000009511000000000000000000000000000000000000000000000000006360010800570191538002832000000
0020020667649598003010011452480000000000025304999301000030000000055500000000055500000001000000010000008614902600001069560000009511026000010695600000095110063600108005701915380028320000
0020020667649908003010011452480000000000025304999301000030000000055500000000055500000001000000010000008614902600001069560000009511026000010695600000095110063600108005701915380028320000
005001066765025100304004987368000000000035264852541021003000150000
00200306676502520030400498736800000000003526485254080000301251000555000000000000000000010000000100000086149026000010695600000095110260000106956000000951100000000000000000000006360010800570191538002832000000
002011066765033000104089278763000000000031540419280400001002150005550005550005550000000000000000000100000001000000861490260000106956000000951102600001069560000009511000000000000000000000000000000000000000000000000006360010800570191538002832000000
002011066765056400104152735607000000000028456553680400001029360005550005550005550000000000000000000100000001000000861490260000106956000000951102600001069560000009511000000000000000000000000000000000000000000000000006360010800570191538002832000000
0020020667650732003010011452480000000000025304999301000030000000055500000000055500000001000000010000008614902600001069560000009511026000010695600000095110063600108005701915380028320000
002011066765308500104085185371000000000015580122320400001015660005550005550004500004500008550000000100000001000000861490260000106956000000951102600001069560000009511100000000000000000000300000000000000000000000000006360010800570191538002832000000
0020020667653100003010011452480000000000025304999301000030000000055500000000055500000001000000010000008614902600001069560000009511026000010695600000095110063600108005701915380028320000
0020020667653325003010011452480000000000025304999301000030000000055500000000055500000001000000010000008614902600001069560000009511026000010695600000095110063600108005701915380028320000
002011066765360500104082462747000000000002483272400400001011080005550005550005550000000000000000000100000001000000861490260000106956000000951102600001069560000009511000000000000000000000000000000000000000000000000006360010800570191538002832000000
002011066765385900104152613731000000000027754384080400001015840005550005550005550000000000000000000100000001000000861490260000106956000000951102600001069560000009511000000000000000000000000000000000000000000000000006360010800570191538002832000000
002011066765400500104080991114000000000013944059930400001008730005550005550005550000000000000000000100000001000000861490260000106956000000951102600001069560000009511000000000000000000000019300000000000000000000000006360010800570191538002832000000
0020020667654201003010011452480000000000025304999301000030000000055500000000055500000001000000010000008614902600001069560000009511026000010695600000095110063600108005701915380028320000
0020020667654662003010011452480000000000025304999301000030000000055500000000055500000001000000010000008614902600001069560000009511026000010695600000095110063600108005701915380028320000
0020020667654671003010011452480000000000025304999301000030000000055500000000055500000001000000010000008614902600001069560000009511026000010695600000095110063600108005701915380028320000
0020020667654678003010011452480000000000025304999301000030000000055500000000055500000001000000010000008614902600001069560000009511026000010695600000095110063600108005701915380028320000
002011066765468600104089446909000000000029727783120400001001640005550005550005550000000000000000000100000001000000861490260000106956000000951102600001069560000009511000000000000000000000000000000000000000000000000006360010800570191538002832000000
0020020667654694003010011452480000000000025304999301000030000000055500000000055500000001000000010000008614902600001069560000009511026000010695600000095110063600108005701915380028320000
0020020667654722003010011452480000000000025304999301000030000000055500000000055500000001000000010000008614902600001069560000009511026000010695600000095110063600108005701915380028320000
0020020667655083003010011452480000000000025304999301000030000000055500000000055500000001000000010000008614902600001069560000009511026000010695600000095110063600108005701915380028320000
0020020667655102003010011452480000000000025304999301000030000000055500000000055500000001000000010000008614902600001069560000009511026000010695600000095110063600108005701915380028320000
005001066765513200301001110215000000000024754413970400001000150000
005001066765513400301001110215000000000024754413970400001000150000
00200306676551350030100111021500000000002475441397070000301014000555000000000000000000010000000100000086149026000010695600000095110260000106956000000951100000000000000000000006360010800570191538002832000000
0020020667655413003010011452480000000000025304999301000030000000055500000000055500000001000000010000008614902600001069560000009511026000010695600000095110063600108005701915380028320000
0020020667655831003010011452480000000000025304999301000030000000055500000000055500000001000000010000008614902600001069560000009511026000010695600000095110063600108005701915380028320000
0020020667655840003010011452480000000000025304999301000030000000055500000000055500000001000000010000008614902600001069560000009511026000010695600000095110063600108005701915380028320000
0020020667655843003010011452480000000000025304999301000030000000055500000000055500000001000000010000008614902600001069560000009511026000010695600000095110063600108005701915380028320000
0020020667658961003010011452480000000000025304999301000030000000055500000000055500000001000000010000008614902600001069560000009511026000010695600000095110063600108005701915380028320000
002011066765917900104085621617000000000015991445200400001015140005550005550005550000000000000000000100000001000000861490260000106956000000951102600001069560000009511000000000000000000000000000000000000000000000000006360010800570191538002832000000
0020020667659348003010011452480000000000025304999301000030000000055500000000055500000001000000010000008614902600001069560000009511026000010695600000095110063600108005701915380028320000
0020020667659451003010011452480000000000025304999301000030000000055500000000055500000001000000010000008614902600001069560000009511026000010695600000095110063600108005701915380028320000
0020020667659476003010011452480000000000025304999301000030000000055500000000055500000001000000010000008614902600001069560000009511026000010695600000095110063600108005701915380028320000
00200306676595010030400501814800000000003533932198080000301779000555000000000000000000010000000100000086149026000010695600000095110260000106956000000951100000000000000000000006360010800570191538002832000000
0020020667659519003010011452480000000000025304999301000030000000055500000000055500000001000000010000008614902600001069560000009511026000010695600000095110063600108005701915380028320000
005001066765956201503002909289000000000026594924510612015000780000
0020020667659599003010011452480000000000025304999301000030000000055500000000055500000001000000010000008614902600001069560000009511026000010695600000095110063600108005701915380028320000
0020020667660067003010011452480000000000025304999301000030000000055500000000055500000001000000010000008614902600001069560000009511026000010695600000095110063600108005701915380028320000
00200306676600970030400425858700000000003398683046080000301573000555000000000000000000010000000100000086149026000010695600000095110260000106956000000951100000000000000000000006360010800570191538002832000000
002011066766044300119007416421000000000041221435080400001028900005550005550005550000000000000000000100000001000000861490260000106956000000951102600001069560000009511000000000000000000000000000000000000000000000000006360010800570191538002832000000
005001066766052401503003226231000000000035699872700612015000800000
0020020667660611003010011452480000000000025304999301000030000000055500000000055500000001000000010000008614902600001069560000009511026000010695600000095110063600108005701915380028320000
005001066766363101503003017802000000000010327692960614015000840000
00200306676636310150300301780200000000001032769296061301500904000555000000000000000000010000000100000086149026000010695600000095110260000106956000000951100000000000000000000006360010800570191538002832000000
0020020667663641015030030178020000000000103276929606140150055000055500000000000000000001000000010000008614902600001069560000009511026000010695600000095110063600108005701915380028320000
002011066766365000104088505111000000000030130857680400001003950005550005550005550000000000000000000100000001000000861490260000106956000000951102600001069560000009511000000000000000000000000000000000000000000000000006360010800570191538002832000000
0020020667663793003010011452480000000000025304999301000030000000055500000000055500000001000000010000008614902600001069560000009511026000010695600000095110063600108005701915380028320000
0020020667663997003010011452480000000000025304999301000030000000055500000000055500000001000000010000008614902600001069560000009511026000010695600000095110063600108005701915380028320000
0020020667664314003010011452480000000000025304999301000030000000055500000000055500000001000000010000008614902600001069560000009511026000010695600000095110063600108005701915380028320000
0020020667664425003010011452480000000000025304999301000030000000055500000000055500000001000000010000008614902600001069560000009511026000010695600000095110063600108005701915380028320000
0020020667664528003010011452480000000000025304999301000030000000055500000000055500000001000000010000008614902600001069560000009511026000010695600000095110063600108005701915380028320000
0020020667664920003010011452480000000000025304999301000030000000055500000000055500000001000000010000008614902600001069560000009511026000010695600000095110063600108005701915380028320000
0020020667665139003010011452480000000000025304999301000030000000055500000000055500000001000000010000008614902600001069560000009511026000010695600000095110063600108005701915380028320000
002011066766514400109054964841000000000017778617040100001006910005550005550005550000000000000000000100000001000000861490260000106956000000951102600001069560000009511000000000000000000000019100000000000000000000000006360010800570191538002832000000
00200306676654560030400446367900000000003413455892080000300945000555000000000000000000010000000100000086149026000010695600000095110260000106956000000951100000000000000000000006360010800570191538002832000000
00200306676656460030400501901200000000003530928198080000300826000555000000000000000000010000000100000086149026000010695600000095110260000106956000000951100000000000000000000006360010800570191538002832000000
00200306676656600030400424296600000000002446698309080000301739000555000000000000000000010000000100000086149026000010695600000095110260000106956000000951100000000000000000000006360010800570191538002832000000
00200306676676610150300173123100000000003385171350061201501786000555000000000000000000010000000100000086149026000010695600000095110260000106956000000951100000000000000000000006360010800570191538002832000000
0020020667667671003010011452480000000000025304999301000030000000055500000000055500000001000000010000008614902600001069560000009511026000010695600000095110063600108005701915380028320000
0020020667667688003010011452480000000000025304999301000030000000055500000000055500000001000000010000008614902600001069560000009511026000010695600000095110063600108005701915380028320000
0020020667667709003010011452480000000000025304999301000030000000055500000000055500000001000000010000008614902600001069560000009511026000010695600000095110063600108005701915380028320000
0020020667667727003010011452480000000000025304999301000030000000055500000000055500000001000000010000008614902600001069560000009511026000010695600000095110063600108005701915380028320000
0020020667667740003010011452480000000000025304999301000030000000055500000000055500000001000000010000008614902600001069560000009511026000010695600000095110063600108005701915380028320000
0020020667667745003010011452480000000000025304999301000030000000055500000000055500000001000000010000008614902600001069560000009511026000010695600000095110063600108005701915380028320000
0020020667667754003010011452480000000000025304999301000030000000055500000000055500000001000000010000008614902600001069560000009511026000010695600000095110063600108005701915380028320000
002011066766782700104088799085000000000028102052560400001001330005550005550001200000000000000000000100000001000000861490260000106956000000951102600001069560000009511000000000000000000000000000000000000000000000000006360010800570191538002832000000
002011066766782700104088799085000000000028102052560400001001330005550005550004350000000000000000000100000001000000861490260000106956000000951102600001069560000009511000000000000000000000000000000000000000000000000006360010800570191538002832000000
002011066766785600104162991398000000000017647624400400001007810005550005550005550000000000000000000100000001000000861490260000106956000000951102600001069560000009511000000000000000000000000000000000000000000000000006360010800570191538002832000000
0020020667667874003010011452480000000000025304999301000030000000055500000000055500000001000000010000008614902600001069560000009511026000010695600000095110063600108005701915380028320000
0020020667667889003010011452480000000000025304999301000030000000055500000000055500000001000000010000008614902600001069560000009511026000010695600000095110063600108005701915380028320000
0020020667668074003010011452480000000000025304999301000030000000055500000000055500000001000000010000008614902600001069560000009511026000010695600000095110063600108005701915380028320000
002011066766808400104166349593000000000024152420560400001039730005550005550004500004500008550000000100000001000000861490260000106956000000951102600001069560000009511100000000000000000000300000000000000000000000000006360010800570191538002832000000
00200306676681860030400508716600000000000252109337080000300945000555000000000000000000010000000100000086149026000010695600000095110260000106956000000951100000000000000000000006360010800570191538002832000000
002011066766852900104162525826000000000025183522000400001012860005550005550005550000000000000000000100000001000000861490260000106956000000951102600001069560000009511000000000000000000000000000000000000000000000000006360010800570191538002832000000
0020020667668568003010011452480000000000025304999301000030000000055500000000055500000001000000010000008614902600001069560000009511026000010695600000095110063600108005701915380028320000
0020020667668870003010011452480000000000025304999301000030000000055500000000055500000001000000010000008614902600001069560000009511026000010695600000095110063600108005701915380028320000
00200306676691600030400430466100000000002516632282080000306596000555000000000000000000010000000100000086149026000010695600000095110260000106956000000951100000000000000000000006360010800570191538002832000000
002011066766918200104081276834000000000014037599930400001004610005550005550005550000000000000000000100000001000000861490260000106956000000951102600001069560000009511000000000000000000000019300000000000000000000000006360010800570191538002832000000
0020020667669223003010011452480000000000025304999301000030000000055500000000055500000001000000010000008614902600001069560000009511026000010695600000095110063600108005701915380028320000
002011066766923100109055060651000000000014915518160100001005930005550005550004600004600008550000000100000001000000861490260000106956000000951102600001069560000009511100000000000000000000300000000000000000000000000006360010800570191538002832000000
0020020667669236003010011452480000000000025304999301000030000000055500000000055500000001000000010000008614902600001069560000009511026000010695600000095110063600108005701915380028320000
0020020667669303003010011452480000000000025304999301000030000000055500000000055500000001000000010000008614902600001069560000009511026000010695600000095110063600108005701915380028320000
0020020667670036003010011452480000000000025304999301000030000000055500000000055500000001000000010000008614902600001069560000009511026000010695600000095110063600108005701915380028320000
00200306676701100030400511076100000000000874035241080000301452000555000000000000000000010000000100000086149026000010695600000095110260000106956000000951100000000000000000000006360010800570191538002832000000
002011066767188200104164795499000000000022773801680400001006580005550005550005550000000000000000000100000001000000861490260000106956000000951102600001069560000009511000000000000000000000000000000000000000000000000006360010800570191538002832000000
002011066767188800117048119034000000000032578679040400001029150005550005550005550000000000000000000100000001000000861490260000106956000000951102600001069560000009511000000000000000000000000000000000000000000000000006360010800570191538002832000000
002011066767189300104089531507000000000027154540240400001004120005550005550005550000000000000000000100000001000000861490260000106956000000951102600001069560000009511000000000000000000000000000000000000000000000000006360010800570191538002832000000
0020020667671909003010011452480000000000025304999301000030000000055500000000055500000001000000010000008614902600001069560000009511026000010695600000095110063600108005701915380028320000
00200306676719170020401741839500000000001342099851080000200101000555000000000000000000010000000100000086149026000010695600000095110260000106956000000951100000000000000000000006360010800570191538002832000000
00200306676720400030400477593100000000001548098690080000300501000555000000000000000000010000000100000086149026000010695600000095110260000106956000000951100000000000000000000006360010800570191538002832000000
0020020667672092003010011452480000000000025304999301000030000000055500000000055500000001000000010000008614902600001069560000009511026000010695600000095110063600108005701915380028320000
0020020667672168003010011452480000000000025304999301000030000000055500000000055500000001000000010000008614902600001069560000009511026000010695600000095110063600108005701915380028320000
0020020667673400003010011452480000000000025304999301000030000000055500000000055500000001000000010000008614902600001069560000009511026000010695600000095110063600108005701915380028320000
00200306676737920030100111991300000000000454715657070100301618000555000000000000000000010000000100000086149026000010695600000095110260000106956000000951100000000000000000000006360010800570191538002832000000
005001066767550600301001145248000000000002530499930400001000150000
00300101000030005500305250000086149026000010695600000095110260000106956000000951106676755100000
00300108000030001100000000000086149026000010695600000095110260000106956000000951106676755100000
00300104000010002100116550000086149026000010695600000095110260000106956000000951106676755100000
00300107000030000100000000000086149026000010695600000095110260000106956000000951106676755100000
00300106130150000100000000000086149026000010695600000095110260000106956000000951106676755100000
00300106140150000100000000000086149026000010695600000095110260000106956000000951106676755100000
00300101000010000200011100000086149026000010695600000095110260000106956000000951106676755100000
00300106120150000100000000000086149026000010695600000095110260000106956000000951106676755100000
00300108000020000100000000000086149026000010695600000095110260000106956000000951106676755100000
00300107010030000100000000000086149026000010695600000095110260000106956000000951106676755100000
001001026000008614900406676755100260000106956000000951102600001069560000009511020350458000100120000
005001066767551200301001145248000000000002530499930400001000150000
001001026000008614900306676755150260000106956000000951102600001069560000009511020350458000100120000
02000100106676755400030100114524800000000000253049993026000010695600000095110019701000008614902600001069560000009511026000010695600000095110000
0210010300120000086149026000010695600000095110260000106956000000951106676755400000
0210010400270000086149026000010695600000095110260000106956000000951106676755400000
0210010800020000086149026000010695600000095110260000106956000000951106676755400000
0210010900010000086149026000010695600000095110260000106956000000951106676755400000
0210011000010000086149026000010695600000095110260000106956000000951106676755400000
0210011100010000086149026000010695600000095110260000106956000000951106676755400000
0210011800020000086149026000010695600000095110260000106956000000951106676755400000
0210012500090000086149026000010695600000095110260000106956000000951106676755400000
010001001026000010695600000095110000086149066767554000500000
001001026000008614900206676755450260000106956000000951100000000000000000000000020350458000100120000
001001026000008614900306676755480260000106956000000951100000000000000000000000020350458000100120000
001001026000008614900206676755520260000106956000000951100000000000000000000000020350458000100120000
010001001026000010695600000095110000086149066767555900400000
001001026000008614900106676755640000000106956000000000000000000000000000000000020350458000100120000
03400667649039000008614900005C06676490390667675510000008614904580I00001069560000106956010000001000460100000001000000010100000560005550000000010000000104000001800055500000000100000001040000002000450100000001000000010400000010004350000000010000000104000000100012000000000100000001061200001000000000000001000000010613000010000000000000010000000106140000100000000000000100000001070000001000000000000001000000010701000010000000000000010000000108000001200000000000000100000001
