1000020260000086238003063600113503259862800019110000
0450010000000002000000000106676006570000
001001026000008623800206676219240000000097995000000000000000000000000000000000000000000000000000000
010001001026000009799500000086100000086238066762193100100000
0350010667621942659479820000098800000001010000
010001001026000009799500000086100000086238066762194500200000
001001026000008623800306676219520260000097995000000861002600000979950000008610000000000000000010000
001001026000008623800406676219610260000097995000000861002600000979950000008610020350458000100110000
005001066762196200301001052495000000000006594798200400001000150000
001001026000008623800506676219680260000097995000000861002600000979950000008610020350458000100110000
002011066762309600104086227343000000000017609104080400001005350005550005550005550000000000000000000100000001000000862380260000097995000000861002600000979950000008610000000000000000000000000000000000000000000000000006360011350325986280001911000000
005001066762384300301001052495000000000006594798200400001000150000
00300104000010000100005550000086238026000009799500000086100260000097995000000861006676238470000
001001026000008623800406676238470260000097995000000861002600000979950000008610020350458000100010000
005001066762384800301001052495000000000006594798200400001000150000
001001026000008623800506676238540260000097995000000861002600000979950000008610020350458000100010000
002011066762426100109006965513000000000008613609680100001009350005550005550005550000000000000000000100000001000000862380260000097995000000861002600000979950000008610000000000000000000000000000000000000000000000000006360011350325986280001911000000
0020020667624534003010010524950000000000065947982001000030000000055500000000055500000001000000010000008623802600000979950000008610026000009799500000086100063600113503259862800019110000
0020020667624891003010010524950000000000065947982001000030000000055500000000055500000001000000010000008623802600000979950000008610026000009799500000086100063600113503259862800019110000
0020020667625180003010010524950000000000065947982001000030000000055500000000055500000001000000010000008623802600000979950000008610026000009799500000086100063600113503259862800019110000
002011066762518400104167511467000000000024258015440400001026750005550005550005550000000000000000000100000001000000862380260000097995000000861002600000979950000008610000000000000000000000000000000000000000000000000006360011350325986280001911000000
002011066762519500109128675684000000000005887522000100001010370005550005550005550000000000000000000100000001000000862380260000097995000000861002600000979950000008610000000000000000000000000000010000000000000000000106360011350325986280001911000000
002011066762525600104165909579000000000023765865680400001028870005550005550005550000000000000000000100000001000000862380260000097995000000861002600000979950000008610000000000000000000000000000000000000000000000000006360011350325986280001911000000
00200306676254240030400534922500000000001063335282080000300045000555000000000000000000010000000100000086238026000009799500000086100260000097995000000861000000000000000000000006360011350325986280001911000000
00200306676254340030400444678200000000002678988355080000302890000555000000000000000000010000000100000086238026000009799500000086100260000097995000000861000000000000000000000006360011350325986280001911000000
0020020667625474003010010524950000000000065947982001000030000000055500000000055500000001000000010000008623802600000979950000008610026000009799500000086100063600113503259862800019110000
002011066762553500109160691258000000000000481969360100001006250005550005550005550000000000000000000100000001000000862380260000097995000000861002600000979950000008610000000000000000000000000000000000000000000000000006360011350325986280001911000000
005001066762554700104156479291000000000027494014161023001000150000
002011066762554800104156479291000000000027494014160400001001010005550005550005550000000000000000000100000001000000862380260000097995000000861002600000979950000008610000000000000000000000000000000000000000000000000006360011350325986280001911000000
002011066762872100104152624759000000000024801147600400001023190005550005550004500004500008550000000100000001000000862380260000097995000000861002600000979950000008610100000000000000000000300000000000000000000000000006360011350325986280001911000000
005001066762873700301001158536000000000035668516380400001000150000
005001066762874000301001158536000000000035668516380400001000150000
00200306676287420030100115853600000000003566851638070000300340000555000000000000000000010000000100000086238026000009799500000086100260000097995000000861000000000000000000000006360011350325986280001911000000
0020020667629120003010010524950000000000065947982001000030000000055500000000055500000001000000010000008623802600000979950000008610026000009799500000086100063600113503259862800019110000
0020020667629126003010010524950000000000065947982001000030000000055500000000055500000001000000010000008623802600000979950000008610026000009799500000086100063600113503259862800019110000
002011066762926000104151872058000000000025928318160400001001010005550005550005550000000000000000000100000001000000862380260000097995000000861002600000979950000008610000000000000000000000000000000000000000000000000006360011350325986280001911000000
0020020667629695003010010524950000000000065947982001000030000000055500000000055500000001000000010000008623802600000979950000008610026000009799500000086100063600113503259862800019110000
0020020667629798003010010524950000000000065947982001000030000000055500000000055500000001000000010000008623802600000979950000008610026000009799500000086100063600113503259862800019110000
002011066762983100104151390088000000000025785646800400001002080005550005550005550000000000000000000100000001000000862380260000097995000000861002600000979950000008610000000000000000000000000000000000000000000000000006360011350325986280001911000000
0020020667629879003010010524950000000000065947982001000030000000055500000000055500000001000000010000008623802600000979950000008610026000009799500000086100063600113503259862800019110000
0020020667629952003010010524950000000000065947982001000030000000055500000000055500000001000000010000008623802600000979950000008610026000009799500000086100063600113503259862800019110000
0020020667629957003010010524950000000000065947982001000030000000055500000000055500000001000000010000008623802600000979950000008610026000009799500000086100063600113503259862800019110000
0020020667629964003010010524950000000000065947982001000030000000055500000000055500000001000000010000008623802600000979950000008610026000009799500000086100063600113503259862800019110000
002011066763022600104151790991000000000024564255440400001001980005550005550005550000000000000000000100000001000000862380260000097995000000861002600000979950000008610000000000000000000000000000000000000000000000000006360011350325986280001911000000
00200306676303910030400456544700000000000656812796080000301566000555000000000000000000010000000100000086238026000009799500000086100260000097995000000861000000000000000000000006360011350325986280001911000000
00200306676330720030400525109800000000001063171794080000300152000555000000000000000000010000000100000086238026000009799500000086100260000097995000000861000000000000000000000006360011350325986280001911000000
00200306676335300030400533988200000000001983458274080000300072000555000000000000000000010000000100000086238026000009799500000086100260000097995000000861000000000000000000000006360011350325986280001911000000
002011066763368900117048964028000000000017613349010400001013580005550005550005550000000000000000000100000001000000862380260000097995000000861002600000979950000008610000000000000000000000000000000000000000000000000006360011350325986280001911000000
0020020667633781003010010524950000000000065947982001000030000000055500000000055500000001000000010000008623802600000979950000008610026000009799500000086100063600113503259862800019110000
00200306676340190030400508085400000000000520198499080000300734000555000000000000000000010000000100000086238026000009799500000086100260000097995000000861000000000000000000000006360011350325986280001911000000
0020020667634622003010010524950000000000065947982001000030000000055500000000055500000001000000010000008623802600000979950000008610026000009799500000086100063600113503259862800019110000
0020020667634691003010010524950000000000065947982001000030000000055500000000055500000001000000010000008623802600000979950000008610026000009799500000086100063600113503259862800019110000
002011066763471300109128306468000000000003745449680100001011500005550005550005550000000000000000000100000001000000862380260000097995000000861002600000979950000008610000000000000000000000000000000000000000000000000006360011350325986280001911000000
0020020667637960003010010524950000000000065947982001000030000000055500000000055500000001000000010000008623802600000979950000008610026000009799500000086100063600113503259862800019110000
0020020667637974003010010524950000000000065947982001000030000000055500000000055500000001000000010000008623802600000979950000008610026000009799500000086100063600113503259862800019110000
0020020667637987003010010524950000000000065947982001000030000000055500000000055500000001000000010000008623802600000979950000008610026000009799500000086100063600113503259862800019110000
0020020667637999003010010524950000000000065947982001000030000000055500000000055500000001000000010000008623802600000979950000008610026000009799500000086100063600113503259862800019110000
00200306676380030030400396750900000000000988882523080000304327000555000000000000000000010000000100000086238026000009799500000086100260000097995000000861000000000000000000000006360011350325986280001911000000
002011066763801400104165074981000000000022763799760400001012820005550005550005550000000000000000000100000001000000862380260000097995000000861002600000979950000008610000000000000000000000019000000000000000000000000006360011350325986280001911000000
00200306676382950030400394300600000000000958390187080000302014000555000000000000000000010000000100000086238026000009799500000086100260000097995000000861000000000000000000000006360011350325986280001911000000
0020020667638436003010010524950000000000065947982001000030000000055500000000055500000001000000010000008623802600000979950000008610026000009799500000086100063600113503259862800019110000
005001066763865400304004250756000000000013841748271023003000150000
00200306676386560030400425075600000000001384174827080000300905000555000000000000000000010000000100000086238026000009799500000086100260000097995000000861000000000000000000000006360011350325986280001911000000
0020020667638825003010010524950000000000065947982001000030000000055500000000055500000001000000010000008623802600000979950000008610026000009799500000086100063600113503259862800019110000
005001066763897800104151409161000000000025911025360000000000150000
002011066763897900104151409161000000000025911025360400001002490005550005550003400000000000000000000100000001000000862380260000097995000000861002600000979950000008610000000000000000000000000000000000000000000000000006360011350325986280001911000000
002011066763897900104151409161000000000025911025360400001002490005550005550002150000000000000000000100000001000000862380260000097995000000861002600000979950000008610000000000000000000000000000000000000000000000000006360011350325986280001911000000
0020020667639175003010010524950000000000065947982001000030000000055500000000055500000001000000010000008623802600000979950000008610026000009799500000086100063600113503259862800019110000
002011066763929500104165144505000000000017695186640400001031390005550005550005550000000000000000000100000001000000862380260000097995000000861002600000979950000008610000000000000000000000000000000000000000000000000006360011350325986280001911000000
00200306676393980030400464293100000000002523578522080000303112000555000000000000000000010000000100000086238026000009799500000086100260000097995000000861000000000000000000000006360011350325986280001911000000
0020020667639625003010010524950000000000065947982001000030000000055500000000055500000001000000010000008623802600000979950000008610026000009799500000086100063600113503259862800019110000
00200306676399120030400292423700000000001962671948080000305621000555000000000000000000010000000100000086238026000009799500000086100260000097995000000861000000000000000000000006360011350325986280001911000000
00200306676399820030400497984500000000001548174418080000300356000555000000000000000000010000000100000086238026000009799500000086100260000097995000000861000000000000000000000006360011350325986280001911000000
0020020667640000003010010524950000000000065947982001000030000000055500000000055500000001000000010000008623802600000979950000008610026000009799500000086100063600113503259862800019110000
002011066764009300109165674891000000000005202965200100001019450005550005550005550000000000000000000100000001000000862380260000097995000000861002600000979950000008610000000000000000000000000000010000000000000000000306360011350325986280001911000000
0020020667640150003010010524950000000000065947982001000030000000055500000000055500000001000000010000008623802600000979950000008610026000009799500000086100063600113503259862800019110000
0020020667640297003010010524950000000000065947982001000030000000055500000000055500000001000000010000008623802600000979950000008610026000009799500000086100063600113503259862800019110000
0020020667640312003010010524950000000000065947982001000030000000055500000000055500000001000000010000008623802600000979950000008610026000009799500000086100063600113503259862800019110000
002011066764212600104165238569000000000018737045200400001018820005550005550005550000000000000000000100000001000000862380260000097995000000861002600000979950000008610000000000000000000000000000000000000000000000000006360011350325986280001911000000
00200306676421300030400497003100000000003533307942080000303187000555000000000000000000010000000100000086238026000009799500000086100260000097995000000861000000000000000000000006360011350325986280001911000000
00200306676421440030400505965100000000000252348569080000300887000555000000000000000000010000000100000086238026000009799500000086100260000097995000000861000000000000000000000006360011350325986280001911000000
00200306676422930030400522087700000000002678229011080000300133000555000000000000000000010000000100000086238026000009799500000086100260000097995000000861000000000000000000000006360011350325986280001911000000
0020020667642313003010010524950000000000065947982001000030000000055500000000055500000001000000010000008623802600000979950000008610026000009799500000086100063600113503259862800019110000
0020020667642327003010010524950000000000065947982001000030000000055500000000055500000001000000010000008623802600000979950000008610026000009799500000086100063600113503259862800019110000
0020020667642497003010010524950000000000065947982001000030000000055500000000055500000001000000010000008623802600000979950000008610026000009799500000086100063600113503259862800019110000
0020020667642711003010010524950000000000065947982001000030000000055500000000055500000001000000010000008623802600000979950000008610026000009799500000086100063600113503259862800019110000
002011066764277100104080324711000000000006507162890400001008870005550005550005550000000000000000000100000001000000862380260000097995000000861002600000979950000008610000000000000000000000019300000000000000000000000006360011350325986280001911000000
00200306676429150030400441530500000000002679695123080000301107000555000000000000000000010000000100000086238026000009799500000086100260000097995000000861000000000000000000000006360011350325986280001911000000
002011066764318000104156951673000000000024866176720400001021050005550005550005550000000000000000000100000001000000862380260000097995000000861002600000979950000008610000000000000000000000000000000000000000000000000006360011350325986280001911000000
00200306676432130030400459917100000000002523967674080000302064000555000000000000000000010000000100000086238026000009799500000086100260000097995000000861000000000000000000000006360011350325986280001911000000
00200306676432730030400471931200000000001545800370080000301154000555000000000000000000010000000100000086238026000009799500000086100260000097995000000861000000000000000000000006360011350325986280001911000000
002011066764328400104164152441000000000017650532560400001034230005550005550005550000000000000000000100000001000000862380260000097995000000861002600000979950000008610000000000000000000000000000000000000000000000000006360011350325986280001911000000
002011066764352300104085314196000000000019196810960400001005620005550005550005550000000000000000000100000001000000862380260000097995000000861002600000979950000008610000000000000000000000000000000000000000000000000006360011350325986280001911000000
002011066764381900104078698472000000000037557601470400001019510005550005550005550000000000000000000100000001000000862380260000097995000000861002600000979950000008610000000000000000000000019300000000000000000000000006360011350325986280001911000000
0020020667643834003010010524950000000000065947982001000030000000055500000000055500000001000000010000008623802600000979950000008610026000009799500000086100063600113503259862800019110000
002011066764680200109161527257000000000004477061840100001014980005550005550004500004500008550000000100000001000000862380260000097995000000861002600000979950000008610100000000000000000000300000000000000000000000000006360011350325986280001911000000
0020020667646811003010010524950000000000065947982001000030000000055500000000055500000001000000010000008623802600000979950000008610026000009799500000086100063600113503259862800019110000
005001066764681600301001120423000000000015731054260400001000150000
005001066764681900301001120423000000000015731054260400001000150000
00200306676468200030100112042300000000001573105426070000300899000555000000000000000000010000000100000086238026000009799500000086100260000097995000000861000000000000000000000006360011350325986280001911000000
005001066764683000301001025196000000000013815545710400001000150000
005001066764683300301001025196000000000013815545710400001000150000
00200306676468340030100102519600000000001381554571070000301452000555000000000000000000010000000100000086238026000009799500000086100260000097995000000861000000000000000000000006360011350325986280001911000000
0020020667647117003010010524950000000000065947982001000030000000055500000000055500000001000000010000008623802600000979950000008610026000009799500000086100063600113503259862800019110000
0020020667647361003010010524950000000000065947982001000030000000055500000000055500000001000000010000008623802600000979950000008610026000009799500000086100063600113503259862800019110000
0020020667647369003010010524950000000000065947982001000030000000055500000000055500000001000000010000008623802600000979950000008610026000009799500000086100063600113503259862800019110000
002011066764740200104081931808000000000002499743440400001007680005550005550005550000000000000000000100000001000000862380260000097995000000861002600000979950000008610000000000000000000000000000000000000000000000000006360011350325986280001911000000
0020020667647515003010010524950000000000065947982001000030000000055500000000055500000001000000010000008623802600000979950000008610026000009799500000086100063600113503259862800019110000
002011066764770100104011539313000000000035097718760400001021840005550005550005550000000000000000000100000001000000862380260000097995000000861002600000979950000008610000000000000000000000019300000000000000000000000006360011350325986280001911000000
002011066764816900109078922535000000000031334782160100001000510005550005550005550000000000000000000100000001000000862380260000097995000000861002600000979950000008610000000000000000000000000000000000000000000000000006360011350325986280001911000000
0020020667648293003010010524950000000000065947982001000030000000055500000000055500000001000000010000008623802600000979950000008610026000009799500000086100063600113503259862800019110000
002011066764856900104156682672000000000026790769360400001000840005550005550005550000000000000000000100000001000000862380260000097995000000861002600000979950000008610000000000000000000000000000000000000000000000000006360011350325986280001911000000
00200306676486560030400402587600000000000572482723080000301541000555000000000000000000010000000100000086238026000009799500000086100260000097995000000861000000000000000000000006360011350325986280001911000000
0020020667648781003010010524950000000000065947982001000030000000055500000000055500000001000000010000008623802600000979950000008610026000009799500000086100063600113503259862800019110000
002011066764878600104089252063000000000034881370320400001002540005550005550005550000000000000000000100000001000000862380260000097995000000861002600000979950000008610000000000000000000000000000000000000000000000000006360011350325986280001911000000
005001066764895300301001165851000000000008913868410400001000150000
005001066764895600301001165851000000000008913868410400001000150000
00200306676489570030100116585100000000000891386841070000300009000555000000000000000000010000000100000086238026000009799500000086100260000097995000000861000000000000000000000006360011350325986280001911000000
005001066765030400301001052495000000000006594798200400001000150000
00300101000010000700038850000086238026000009799500000086100260000097995000000861006676503080000
00300101000030003900216450000086238026000009799500000086100260000097995000000861006676503080000
00300104000010002100116550000086238026000009799500000086100260000097995000000861006676503080000
00300108000030001900000000000086238026000009799500000086100260000097995000000861006676503080000
00300107000030000400000000000086238026000009799500000086100260000097995000000861006676503080000
001001026000008623800406676503080260000097995000000861002600000979950000008610020350458000100110000
005001066765031000301001052495000000000006594798200400001000150000
001001026000008623800306676503130260000097995000000861002600000979950000008610020350458000100110000
001001026000008623800206676503190260000097995000000861002600000979950000008610020350458000100110000
010001001026000009799500000086100000086238066765032600400000
02000100106676503340030100105249500000000000659479820026000009799500000086100098801000008623802600000979950000008610026000009799500000086100000
0210010300190000086238026000009799500000086100260000097995000000861006676503340000
0210010400290000086238026000009799500000086100260000097995000000861006676503340000
0210010800040000086238026000009799500000086100260000097995000000861006676503340000
0210011800080000086238026000009799500000086100260000097995000000861006676503340000
0210012500050000086238026000009799500000086100260000097995000000861006676503340000
010001001026000009799500000086100000086238066765033500500000
001001026000008623800106676503410000000097995000000000000000000000000000000000020350458000100110000
03400667623854000008623800005C06676238540667650308000008623804580I000009799500000979950100000450005550000000010000000101000000100045010000000100000001040000019000555000000001000000010400000010004501000000010000000104000000100034000000000100000001040000001000215000000001000000010700000040000000000000010000000108000001900000000000000100000001
03400667621968000008623800005C06676219680667623847000008623804580V0000097995000009799504000000100055500000000100000001
