1000020260000086149003002185163227824251140034310000
001001026000008614900206676228600000000000000000000000000000000000000000000000020350458000100000000
010001000000000000000000000000000000086149066762287300100000
0350010667622878414292310000086600000001020000
010001000000000000000000000000000000086149066762287900200000
001001026000008614900306676228850000000000000000000000000000000000000000000000020350458000100000000
001001026000008614900406676228910000000000000000000000000000000000000000000000020350458000100000000
001001026000008614900506676229040000000000000000000000000000000000000000000000020350458000100000000
0450010000000000000000000506676258690000
002011066762729500104083691871000000000011928000720400001014580005550005550005550000000000000000000100000001000000861490000000000000000000000000000000000000000000000000000000000000000000000000000000000000000000000000218516322782425114003431000000
002011066762744200117001008112000000000023184367070400001078890005550005550005550000000000000000000100000001000000861490000000000000000000000000000000000000000000000000000000000000000000000000000000000000000000000000218516322782425114003431000000
00300104000010000200011100000086149000000000000000000000000000000000000000000000006676336240000
001001026000008614900406676336240000000000000000000000000000000000000000000000020350458000100100000
001001026000008614900306676336300000000000000000000000000000000000000000000000020350458000100100000
001001026000008614900406676336370000000000000000000000000000000000000000000000020350458000100000000
001001026000008614900506676336450000000000000000000000000000000000000000000000020350458000100000000
002011066763660000117007228262000000000038585714750400001091520005550005550005550000000000000000000100000001000000861490000000000000000000000000000000000000000000000000000000000000000000000000000000000000000000000000218516322782425114003431000000
00300104000010000100005550000086149000000000000000000000000000000000000000000000006676383520000
001001026000008614900406676383520000000000000000000000000000000000000000000000020350458000100100000
001001026000008614900506676383580000000000000000000000000000000000000000000000020350458000100100000
002011066764215500119008936372000000000036065620780400001019180005550005550005550000000000000000000100000001000000861490000000000000000000000000000000000000000000000000000000000000000000000000000000000000000000000000218516322782425114003431000000
005001066764216000119008936372000000000036065620780400001000800000
005001066764216100119008936372000000000036065620780100001002410000
002011066764217000104085305863000000000016972096720400001014860005550005550004600004600008550000000100000001000000861490000000000000000000000000000000000000000000000100000000000000000000300000000000000000000000000000218516322782425114003431000000
00300104000010000200011100000086149000000000000000000000000000000000000000000000006676439920000
001001026000008614900406676439920000000000000000000000000000000000000000000000020350458000100000000
001001026000008614900306676440070000000000000000000000000000000000000000000000020350458000100000000
010001000000000000000000000000000000086149066764401400500000
001001026000008614900206676440230000000000000000000000000000000000000000000000020350458000100000000
010001000000000000000000000000000000086149066764402900400000
001001026000008614900106676440370000000000000000000000000000000000000000000000020350458000100000000
03400667622904000008614900005C06676229040667633624000008614904580I0000000000000000000004000000300055500000000100000001
03400667638358000008614900005C06676383580667643992000008614904580V000000000000000000000400000010005550000000010000000104000000100046010000000100000001
