1000020260000086027003002185163227824151250048500000
001001026000008602700206676498360000000000000000000000000000000000000000000000000000000000000000000
010001000000000000000000000000000000086027066764985900100000
0350010667649864283805890000000300000001020000
010001000000000000000000000000000000086027066764986400200000
001001026000008602700306676498710000000000000000000000000000000000000000000000000000000000000000000
001001026000008602700406676498790000000000000000000000000000000000000000000000020360458100100100000
002011066765008400117028004461000000000024396888650400001066410004300004300004300000000000000000000100000001000000860270000000000000000000000000000000000000000000000000000000000000000000000000000000000000000000000000218516322782415125004850000000
002011066765035100104165914467000000000023351962320400001104430004300004300004300000000000000000000100000001000000860270000000000000000000000000000000000000000000000000000000000000000000000000000000000000000000000000218516322782415125004850000000
00300104000010000200008600000086027000000000000000000000000000000000000000000000006676504750000
001001026000008602700506676504750000000000000000000000000000000000000000000000020360458100100100000
002011066765217000104086354851000000000023601086160400001012030004300004300004300000000000000000000100000001000000860270000000000000000000000000000000000000000000000000000000000000000000000000000000000000000000000000218516322782415125004850000000
00300104000010000100004300000086027000000000000000000000000000000000000000000000006676526020000
001001026000008602700406676526020000000000000000000000000000000000000000000000020360458100100000000
001001026000008602700506676526090000000000000000000000000000000000000000000000020360458100100000000
001001026000008602700406676552140000000000000000000000000000000000000000000000020360458100100100000
001001026000008602700506676555720000000000000000000000000000000000000000000000020360458100100100000
002011066765620300104070854297000000000019961545170400001024680004300004300004300000000000000000000100000001000000860270000000000000000000000000000000000000000000000000000000000000000000019300000000000000000000000000218516322782415125004850000000
005001066765727800304005270025000000000019829417940800003002140000
005001066765728100304005270025000000000019829417940800003002140000
00300104000010000100004300000086027000000000000000000000000000000000000000000000006676580770000
001001026000008602700406676580770000000000000000000000000000000000000000000000020360458100100000000
001001026000008602700306676580820000000000000000000000000000000000000000000000020360458100100000000
001001026000008602700406676580890000000000000000000000000000000000000000000000020360458100100000000
001001026000008602700506676580960000000000000000000000000000000000000000000000020360458100100000000
001001026000008602700406676596680000000000000000000000000000000000000000000000020360458100100100000
001001026000008602700506676610030000000000000000000000000000000000000000000000020360458100100100000
002011066766181900104164166203000000000014968569040400001015750004300004300004300000000000000000000100000001000000860270000000000000000000000000000000000000000000000000000000000000000000000000000000000000000000000000218516322782415125004850000000
002011066766290000104163328374000000000018613435600400001016520004300004300001450000000000000000000100000001000000860270000000000000000000000000000000000000000000000000000000000000000000000000000000000000000000000000218516322782415125004850000000
002011066766290000104163328374000000000018613435600400001016520004300004300002850000000000000000000100000001000000860270000000000000000000000000000000000000000000000000000000000000000000000000000000000000000000000000218516322782415125004850000000
002011066766306900109166387771000000000008284398800100001022630004300004300004300000000000000000000100000001000000860270000000000000000000000000000000000000000000000000000000000000000000000000010000000000000000000100218516322782415125004850000000
002011066766328300104086090429000000000023782131920400001009130004300004300004300000000000000000000100000001000000860270000000000000000000000000000000000000000000000000000000000000000000000000000000000000000000000000218516322782415125004850000000
00300104000010000300012900000086027000000000000000000000000000000000000000000000006676634240000
00300101000010000100004300000086027000000000000000000000000000000000000000000000006676634240000
001001026000008602700406676634240000000000000000000000000000000000000000000000020360458100100000000
001001026000008602700506676634310000000000000000000000000000000000000000000000020360458100100000000
002011066766386100117029209848000000000001732575210400001044390004300004300004300000000000000000000100000001000000860270000000000000000000000000000000000000000000000000000000000000000000000000000000000000000000000000218516322782415125004850000000
002011066766387800104164276688000000000017694434000400001032270004300004300004300000000000000000000100000001000000860270000000000000000000000000000000000000000000000000000000000000000000000000000000000000000000000000218516322782415125004850000000
002011066766388500117050818734000000000024569727090400001030840004300004300004300000000000000000000100000001000000860270000000000000000000000000000000000000000000000000000000000000000000000000000000000000000000000000218516322782415125004850000000
00300104000010000300012900000086027000000000000000000000000000000000000000000000006676658720000
001001026000008602700406676658720000000000000000000000000000000000000000000000020360458100100100000
001001026000008602700506676665470000000000000000000000000000000000000000000000020360458100100100000
002011066766658600104156691884000000000027455491280400001001770004300004300004300000000000000000000100000001000000860270000000000000000000000000000000000000000000000000000000000000000000000000000000000000000000000000218516322782415125004850000000
002011066766659200104152143361000000000023859600080400001000510004300004300004300000000000000000000100000001000000860270000000000000000000000000000000000000000000000000000000000000000000000000000000000000000000000000218516322782415125004850000000
002011066766659800104088688828000000000030193488080400001003240004300004300004300000000000000000000100000001000000860270000000000000000000000000000000000000000000000000000000000000000000000000000000000000000000000000218516322782415125004850000000
002011066766660600104079085385000000000012718181090400001014670004300004300004300000000000000000000100000001000000860270000000000000000000000000000000000000000000000000000000000000000000019300000000000000000000000000218516322782415125004850000000
002011066766791000109166397823000000000006677154000100001051280004300004300004300000000000000000000100000001000000860270000000000000000000000000000000000000000000000000000000000000000000019000010000000000000000000200218516322782415125004850000000
002011066766861200104165408341000000000019405540560400001030690004300004300004300000000000000000000100000001000000860270000000000000000000000000000000000000000000000000000000000000000000000000000000000000000000000000218516322782415125004850000000
005001066766869400000000000000000000000023721145040000000000150000
002011066766869600104089095618000000000023721145040400001002050004300004300004300000000000000000000100000001000000860270000000000000000000000000000000000000000000000000000000000000000000000000000000000000000000000000218516322782415125004850000000
00300104000010000600025800000086027000000000000000000000000000000000000000000000006676691360000
00300101000010000100004300000086027000000000000000000000000000000000000000000000006676691360000
001001026000008602700406676691360000000000000000000000000000000000000000000000020360458100100000000
001001026000008602700506676691430000000000000000000000000000000000000000000000020360458100100000000
002011066766960200104164568786000000000024053264080400001027190004300004300004300000000000000000000100000001000000860270000000000000000000000000000000000000000000000000000000000000000000000000000000000000000000000000218516322782415125004850000000
002011066767023500104164506217000000000023121319120400001022490004300004300004300000000000000000000100000001000000860270000000000000000000000000000000000000000000000000000000000000000000000000000000000000000000000000218516322782415125004850000000
00300104000010000200008600000086027000000000000000000000000000000000000000000000006676713590000
001001026000008602700406676713590000000000000000000000000000000000000000000000020360458100100100000
001001026000008602700506676718770000000000000000000000000000000000000000000000020360458100100100000
002011066767188700104158611632000000000024712630480400001059400004300004300004300000000000000000000100000001000000860270000000000000000000000000000000000000000000000000000000000000000000000000000000000000000000000000218516322782415125004850000000
002011066767189300104163328374000000000018613435600400001016530004300004300004300000000000000000000100000001000000860270000000000000000000000000000000000000000000000000000000000000000000000000000000000000000000000000218516322782415125004850000000
002011066767202200104163872074000000000022932529360400001090290004300004300004300000000000000000000100000001000000860270000000000000000000000000000000000000000000000000000000000000000000000000000000000000000000000000218516322782415125004850000000
002011066767204500104165184817000000000022914378960400001009660004300004300004300000000000000000000100000001000000860270000000000000000000000000000000000000000000000000000000000000000000000000000000000000000000000000218516322782415125004850000000
002011066767339500104088293581000000000015296822480400001007600004300004300004300000000000000000000100000001000000860270000000000000000000000000000000000000000000000000000000000000000000000000000000000000000000000000218516322782415125004850000000
002011066767340000104164140531000000000024237796560400001020430004300004300004300000000000000000000100000001000000860270000000000000000000000000000000000000000000000000000000000000000000000000000000000000000000000000218516322782415125004850000000
00300104000010000600025800000086027000000000000000000000000000000000000000000000006676740020000
001001026000008602700406676740020000000000000000000000000000000000000000000000020360458100100000000
001001026000008602700506676740090000000000000000000000000000000000000000000000020360458100100000000
001001026000008602700406676759830000000000000000000000000000000000000000000000020360458100100100000
001001026000008602700506676773380000000000000000000000000000000000000000000000020360458100100100000
002011066767736600117057506711000000000011208505610400001022570004300004300004300000000000000000000100000001000000860270000000000000000000000000000000000000000000000000000000000000000000000000000000000000000000000000218516322782415125004850000000
002011066767737200117058112041000000000002532164730400001022170004300004300004300000000000000000000100000001000000860270000000000000000000000000000000000000000000000000000000000000000000000000000000000000000000000000218516322782415125004850000000
002011066767737700104150862172000000000025676304080400001002790004300004300004300000000000000000000100000001000000860270000000000000000000000000000000000000000000000000000000000000000000000000000000000000000000000000218516322782415125004850000000
002011066767739200104082723788000000000002862457040400001009700004300004300004300000000000000000000100000001000000860270000000000000000000000000000000000000000000000000000000000000000000000000000000000000000000000000218516322782415125004850000000
002011066767891000109166387771000000000008284398800100001022640004300004300004300000000000000000000100000001000000860270000000000000000000000000000000000000000000000000000000000000000000000000010000000000000000000100218516322782415125004850000000
002011066767891700109063327709000000000011396780240100001016830004300004300004300000000000000000000100000001000000860270000000000000000000000000000000000000000000000000000000000000000000000000000000000000000000000000218516322782415125004850000000
00300104000010000400017200000086027000000000000000000000000000000000000000000000006676797830000
00300101000010000200008600000086027000000000000000000000000000000000000000000000006676797830000
001001026000008602700406676797830000000000000000000000000000000000000000000000020360458100100000000
001001026000008602700306676797880000000000000000000000000000000000000000000000020360458100100000000
010001000000000000000000000000000000086027066768036300500000
001001026000008602700206676803710000000000000000000000000000000000000000000000020360458100100000000
010001000000000000000000000000000000086027066768037600400000
001001026000008602700106676803850000000000000000000000000000000000000000000000020360458100100000000
03400667649879000008602700004T06676498790667650475000008602704581V0000000000000000000004000000200043000000000100000001
03400667650475000008602700005C06676504750667652602000008602704581V0000000000000000000004000002000043000000000100000001
