1000020260000086065003025243604634338634320028980000
001001026000008606500206676217980000000000000000000000000000000000000000000000020320457700100100000
010001000000000000000000000000000000086065066762181400100000
0350010667621819687409160000114900000001020000
010001000000000000000000000000000000086065066762182000200000
001001026000008606500306676218270000000000000000000000000000000000000000000000020320457700100100000
001001026000008606500406676234470000000000000000000000000000000000000000000000020320457700100000000
001001026000008606500506676234540000000000000000000000000000000000000000000000020320457700100000000
002011066762346900104083157085000000000012670393040400001006610005550005550005550000000000000000000100000001000000860650000000000000000000000000000000000000000000000000000000000000000000000000000000000000000000000002524360463433863432002898000000
002011066762366800104165747481000000000023159255760400001045940005550005550005550000000000000000000100000001000000860650000000000000000000000000000000000000000000000000000000000000000000000000000000000000000000000002524360463433863432002898000000
002011066762388400104081774974000000000000567235280400001011570005550005550005550000000000000000000100000001000000860650000000000000000000000000000000000000000000000000000000000000000000000000000000000000000000000002524360463433863432002898000000
002011066762419500109055023381000000000018718457040100001000800005550005550005550000000000000000000100000001000000860650000000000000000000000000000000000000000000000000000000000000000000000000000000000000000000000002524360463433863432002898000000
002011066762442000104165579099000000000024061228240400001078300005550005550005550000000000000000000100000001000000860650000000000000000000000000000000000000000000000000000000000000000000000000000000000000000000000002524360463433863432002898000000
00300104000010000400022200000086065000000000000000000000000000000000000000000000006676254050000
00300101000010000100005550000086065000000000000000000000000000000000000000000000006676254050000
001001026000008606500406676254050000000000000000000000000000000000000000000000020320457700100100000
001001026000008606500306676254170000000000000000000000000000000000000000000000020320457700100100000
001001026000008606500206676254220000000000000000000000000000000000000000000000020320457700100100000
010001000000000000000000000000000000086065066762542700400000
010001000000000000000000000000000000086065066762543300500000
010001000000000000000000000000000000086065066762566500100000
0350010667625670687409160000114900000002020000
010001000000000000000000000000000000086065066762567000200000
001001026000008606500306676256780000000000000000000000000000000000000000000000020350458000100100000
001001026000008606500406676256860000000000000000000000000000000000000000000000020350458000100100000
001001026000008606500506676256950000000000000000000000000000000000000000000000020350458000100100000
005001066762728900104086975307000000000017364677840400001000360000
002011066762812800104151465649000000000025247798480400001001190005550005550005550000000000000000000100000001000000860650000000000000000000000000000000000000000000000000000000000000000000000000000000000000000000000002524360463433863432002898000000
002011066762820300104087669978000000000015955894480400001005560005550005550003000003000008550000000100000001000000860650000000000000000000000000000000000000000000000100000000000000000000300000000000000000000000000002524360463433863432002898000000
00300104000010000200011100000086065000000000000000000000000000000000000000000000006676294820000
001001026000008606500406676294820000000000000000000000000000000000000000000000020350458000100000000
001001026000008606500506676306660000000000000000000000000000000000000000000000020350458000100000000
005001066763157800104164916806000000000024338637520400001000800000
002011066763241800104165192488000000000014896674000400001027890005550005550001700000000000000000000100000001000000860650000000000000000000000000000000000000000000000000000000000000000000000000000000000000000000000002524360463433863432002898000000
002011066763241800104165192488000000000014896674000400001027890005550005550003850000000000000000000100000001000000860650000000000000000000000000000000000000000000000000000000000000000000000000000000000000000000000002524360463433863432002898000000
005001066763254100304005317072000000000035331600220800003002140000
00300104000010000100005550000086065000000000000000000000000000000000000000000000006676339370000
001001026000008606500406676339370000000000000000000000000000000000000000000000020350458000100100000
001001026000008606500506676347220000000000000000000000000000000000000000000000020350458000100100000
002011066763571100104082918261000000000003885922000400001003810005550005550004500004500008550000000100000001000000860650000000000000000000000000000000000000000000000100000000000000000000300000000000000000000000000002524360463433863432002898000000
002011066763643500117056551306000000000039028296860400001013460005550005550005550000000000000000000100000001000000860650000000000000000000000000000000000000000000000000000000000000000000000000000000000000000000000002524360463433863432002898000000
002011066763746600104085464831000000000019177081040400001010070005550005550005550000000000000000000100000001000000860650000000000000000000000000000000000000000000000000000000000000000000000000000000000000000000000002524360463433863432002898000000
00300104000010000300016650000086065000000000000000000000000000000000000000000000006676385920000
001001026000008606500406676385920000000000000000000000000000000000000000000000020350458000100000000
001001026000008606500506676393890000000000000000000000000000000000000000000000020350458000100000000
002011066764065100104087394511000000000017096313040400001002810005550005550003090000000000000000000100000001000000860650000000000000000000000000000000000000000000000000000000000000000000000000000000000000000000000002524360463433863432002898000000
002011066764065100104087394511000000000017096313040400001002810005550005550002460000000000000000000100000001000000860650000000000000000000000000000000000000000000000000000000000000000000000000000000000000000000000002524360463433863432002898000000
00300104000010000100005550000086065000000000000000000000000000000000000000000000006676433520000
001001026000008606500406676433520000000000000000000000000000000000000000000000020350458000100100000
001001026000008606500506676443160000000000000000000000000000000000000000000000020350458000100100000
002011066764437700104163142114000000000017617641680400001036710005550005550004500004500008550000000100000001000000860650000000000000000000000000000000000000000000000100000000000000000000300000000000000000000000000002524360463433863432002898000000
002011066764514300117049040581000000000019252908850400001016230005550005550005550000000000000000000100000001000000860650000000000000000000000000000000000000000000000000000000000000000000000000000000000000000000000002524360463433863432002898000000
00300104000010000200011100000086065000000000000000000000000000000000000000000000006676478410000
001001026000008606500406676478410000000000000000000000000000000000000000000000020350458000100000000
001001026000008606500306676478450000000000000000000000000000000000000000000000020350458000100000000
001001026000008606500206676478510000000000000000000000000000000000000000000000020350458000100000000
010001000000000000000000000000000000086065066764785600400000
010001000000000000000000000000000000086065066764786200500000
001001026000008606500106676478740000000000000000000000000000000000000000000000020350458000100000000
03400667623454000008606500005C06676234540667625405000008606504577I000000000000000000000100000010005550000000010000000104000000400055500000000100000001
03400667625695000008606500005C06676256950667629482000008606504580V000000000000000000000400000010003001000000010000000104000000400055500000000100000001
