1000020260000086117003002185163227824222960030450000
001001026000008611700206676593490000000000000000000000000000000000000000000000000000000000000000000
010001000000000000000000000000000000086117066765936800100000
0350010667659373871326230000010300000001020000
010001000000000000000000000000000000086117066765937300200000
001001026000008611700306676593800000000000000000000000000000000000000000000000000000000000000000000
001001026000008611700406676593870000000000000000000000000000000000000000000000020350458000100000000
001001026000008611700506676596350000000000000000000000000000000000000000000000020350458000100000000
002011066766011600104152462392000000000024922632400400001062700005550005550005550000000000000000000100000001000000861170000000000000000000000000000000000000000000000000000000000000000000000000000000000000000000000000218516322782422296003045000000
002011066766012300104165414197000000000016300429520400001032560005550005550004500004500008550000000100000001000000861170000000000000000000000000000000000000000000000100000000000000000000300000000000000000000000000000218516322782422296003045000000
002011066766037600104152615784000000000027804204240400001013890005550005550005550000000000000000000100000001000000861170000000000000000000000000000000000000000000000000000000000000000000000000000000000000000000000000218516322782422296003045000000
002011066766168600104165742755000000000022776994000400001040110005550005550005550000000000000000000100000001000000861170000000000000000000000000000000000000000000000000000000000000000000000000000000000000000000000000218516322782422296003045000000
002011066766182700104150461577000000000025450435280400001005330005550005550005550000000000000000000100000001000000861170000000000000000000000000000000000000000000000000000000000000000000000000000000000000000000000000218516322782422296003045000000
00300104000010000500027750000086117000000000000000000000000000000000000000000000006676630510000
001001026000008611700406676630510000000000000000000000000000000000000000000000020350458000100100000
001001026000008611700506676648130000000000000000000000000000000000000000000000020350458000100100000
002011066766502100117038991162000000000022859529070400001036680005550005550005550000000000000000000100000001000000861170000000000000000000000000000000000000000000000000000000000000000000000000000000000000000000000000218516322782422296003045000000
002011066766526200117047513316000000000032058514540400001029250005550005550004800000000000000000000100000001000000861170000000000000000000000000000000000000000000000000000000000000000000000000000000000000000000000000218516322782422296003045000000
002011066766526200117047513316000000000032058514540400001029250005550005550000750000000000000000000100000001000000861170000000000000000000000000000000000000000000000000000000000000000000000000000000000000000000000000218516322782422296003045000000
002011066766541700104164797807000000000022911358160400001009830005550005550005550000000000000000000100000001000000861170000000000000000000000000000000000000000000000000000000000000000000000000000000000000000000000000218516322782422296003045000000
002011066766558200109009208901000000000001456958160100001005320005550005550005550000000000000000000100000001000000861170000000000000000000000000000000000000000000000000000000000000000000000000000000000000000000000000218516322782422296003045000000
002011066766653200104087664151000000000017106197200400001007460005550005550005550000000000000000000100000001000000861170000000000000000000000000000000000000000000000000000000000000000000000000000000000000000000000000218516322782422296003045000000
002011066766692800104089135342000000000033259118800400001002250005550005550005550000000000000000000100000001000000861170000000000000000000000000000000000000000000000000000000000000000000000000000000000000000000000000218516322782422296003045000000
002011066766708800117031619128000000000000349758450400001036900005550005550005550000000000000000000100000001000000861170000000000000000000000000000000000000000000000000000000000000000000000000000000000000000000000000218516322782422296003045000000
00300104000010000600033300000086117000000000000000000000000000000000000000000000006676686580000
00300101000010000100005550000086117000000000000000000000000000000000000000000000006676686580000
001001026000008611700406676686580000000000000000000000000000000000000000000000020350458000100000000
001001026000008611700506676694260000000000000000000000000000000000000000000000020350458000100000000
002011066766943900104089301358000000000031530286800400001000700005550005550005550000000000000000000100000001000000861170000000000000000000000000000000000000000000000000000000000000000000000000000000000000000000000000218516322782422296003045000000
005001066766944400304005047555000000000002518103290800003002140000
002011066766947100117052879511000000000017922781070400001014750005550005550005550000000000000000000100000001000000861170000000000000000000000000000000000000000000000000000000000000000000000000000000000000000000000000218516322782422296003045000000
002011066766987900109106903544000000000013117668560100001009240005550005550005550000000000000000000100000001000000861170000000000000000000000000000000000000000000000000000000000000000000000000000000000000000000000000218516322782422296003045000000
00300104000010000200011100000086117000000000000000000000000000000000000000000000006676724270000
00300101000010000100005550000086117000000000000000000000000000000000000000000000006676724270000
001001026000008611700406676724270000000000000000000000000000000000000000000000020350458000100100000
001001026000008611700506676743210000000000000000000000000000000000000000000000020350458000100100000
002011066767466700104089081862000000000028263117520400001005480005550005550005550000000000000000000100000001000000861170000000000000000000000000000000000000000000000000000000000000000000000000000000000000000000000000218516322782422296003045000000
005001066767603100104079902162000000000025325382310400001000340000
00300104000010000100005550000086117000000000000000000000000000000000000000000000006676773960000
001001026000008611700406676773960000000000000000000000000000000000000000000000020350458000100000000
001001026000008611700506676783200000000000000000000000000000000000000000000000020350458000100000000
002011066767834100104166727253000000000024240489680400001060900005550005550004500004500008550000000100000001000000861170000000000000000000000000000000000000000000000100000000000000000000300000000000000000000000000000218516322782422296003045000000
00300104000010000100005550000086117000000000000000000000000000000000000000000000006676805350000
001001026000008611700406676805350000000000000000000000000000000000000000000000020350458000100100000
001001026000008611700306676805410000000000000000000000000000000000000000000000020350458000100100000
010001000000000000000000000000000000086117066768054800500000
001001026000008611700206676805570000000000000000000000000000000000000000000000020350458000100100000
010001000000000000000000000000000000086117066768056200400000
001001026000008611700106676805710000000000000000000000000000000000000000000000020350458000100100000
03400667659635000008611700005C06676596350667663051000008611704580I000000000000000000000400000060005550000000010000000104000000200045010000000100000001
03400667664813000008611700005C06676648130667668658000008611704580V000000000000000000000100000010005550000000010000000104000000600055500000000100000001040000001000480000000001000000010400000010000750000000010000000104000000100007500000000100000001040000001000075000000001000000010400000010000750000000010000000104000000100007500000000100000001
