1000020260000086152003063600108005701966480020520000
0450010000000002000000000106676002840000
0450010000000002000000000106676015720000
001001026000008615200206676185480000000000000000000000000000000000000000000000000000000000000000000
010001000000000000000000000000000000086152066761857400100000
0350010667618579114041010000061200000001020000
010001000000000000000000000000000000086152066761857900200000
001001026000008615200306676185850000000000000000000000000000000000000000000000000000000000000000000
001001026000008615200406676218140000000000000000000000000000000000000000000000020290457400100100000
001001026000008615200506676218190000000000000000000000000000000000000000000000020290457400100100000
002011066762186900103095090284000000000030519424720450001000160004650004650004650000000000000000000100000001000000861520000000000000000000000000000000000000000000000000000000000000000000019300000000000000000000000006360010800570196648002052000000
002011066762187400104165527137000000000024074048720400001042150004650004650004600004600008550000000100000001000000861520000000000000000000000000000000000000000000000100000000000000000000300000000000000000000000000006360010800570196648002052000000
002011066762253900104152153616000000000025356665040400001000790004650004650004650000000000000000000100000001000000861520000000000000000000000000000000000000000000000000000000000000000000000000000000000000000000000006360010800570196648002052000000
002011066762258600104164627911000000000023074135760400001011570004650004650004650000000000000000000100000001000000861520000000000000000000000000000000000000000000000000000000000000000000000000000000000000000000000006360010800570196648002052000000
002011066762294100104084827815000000000014860017360400001001240004650004650004650000000000000000000100000001000000861520000000000000000000000000000000000000000000000000000000000000000000000000000000000000000000000006360010800570196648002052000000
00300104500010000100004650000086152000000000000000000000000000000000000000000000006676238940000
00300104000010000400018600000086152000000000000000000000000000000000000000000000006676238940000
001001026000008615200406676238940000000000000000000000000000000000000000000000020290457400100000000
001001026000008615200506676239010000000000000000000000000000000000000000000000020290457400100000000
002011066762504700104164082451000000000023286910160400001024520004650004650004650000000000000000000100000001000000861520000000000000000000000000000000000000000000000000000000000000000000000000000000000000000000000006360010800570196648002052000000
00300104000010000100004650000086152000000000000000000000000000000000000000000000006676267430000
001001026000008615200406676267430000000000000000000000000000000000000000000000020290457400100100000
001001026000008615200506676267490000000000000000000000000000000000000000000000020290457400100100000
002011066762804400104150476108000000000025702592720400001003580004650004650004650000000000000000000100000001000000861520000000000000000000000000000000000000000000000000000000000000000000000000000000000000000000000006360010800570196648002052000000
002011066762805700117057503755000000000011201435690400001023330004650004650004600004600008550000000100000001000000861520000000000000000000000000000000000000000000000100000000000000000000300000000000000000000000000006360010800570196648002052000000
002011066762812600104088191656000000000015913093840400001003090004650004650004650000000000000000000100000001000000861520000000000000000000000000000000000000000000000000000000000000000000000000000000000000000000000006360010800570196648002052000000
005001066762823400304005335402000000000019832245140800003002140000
002011066762824600117055908782000000000013916694970400001003450004650004650004650000000000000000000100000001000000861520000000000000000000000000000000000000000000000000000000000000000000000000000000000000000000000006360010800570196648002052000000
002011066762825100117057381307000000000015285057350400001014760004650004650004650000000000000000000100000001000000861520000000000000000000000000000000000000000000000000000000000000000000000000000000000000000000000006360010800570196648002052000000
002011066762891400104083712755000000000002023908500400001007010004650004650004650000000000000000000100000001000000861520000000000000000000000000000000000000000000000000000000000000000000000000000000000000000000000006360010800570196648002052000000
005001066762923500104165792027000000000022939674321023001002300000
005001066762924200104165792027000000000022939674320400001000150000
002011066762924300104165792027000000000022939674320400001026670004650004650004650000000000000000000100000001000000861520000000000000000000000000000000000000000000000000000000000000000000000000000000000000000000000006360010800570196648002052000000
002011066762924800104162743271000000000025190623440400001007150004650004650004650000000000000000000100000001000000861520000000000000000000000000000000000000000000000000000000000000000000000000000000000000000000000006360010800570196648002052000000
00300104000010000800037200000086152000000000000000000000000000000000000000000000006676305040000
001001026000008615200406676305040000000000000000000000000000000000000000000000020290457400100000000
001001026000008615200506676305100000000000000000000000000000000000000000000000020290457400100000000
002011066763202200117006040731000000000017761515550400001022350004650004650004650000000000000000000100000001000000861520000000000000000000000000000000000000000000000000000000000000000000000000000000000000000000000006360010800570196648002052000000
002011066763271200104078257948000000000041960375470400001015570004650004650004650000000000000000000100000001000000861520000000000000000000000000000000000000000000000000000000000000000000019300000000000000000000000006360010800570196648002052000000
00300104000010000200009300000086152000000000000000000000000000000000000000000000006676339630000
001001026000008615200406676339630000000000000000000000000000000000000000000000020290457400100100000
001001026000008615200506676339690000000000000000000000000000000000000000000000020290457400100100000
002011066763501000109054856311000000000018748606160100001000900004650004650004650000000000000000000100000001000000861520000000000000000000000000000000000000000000000000000000000000000000000000000000000000000000000006360010800570196648002052000000
002011066763502900109007290251000000000012684265680100001013720004650004650004600004600008550000000100000001000000861520000000000000000000000000000000000000000000000100000000000000000000300000010000000000000000000106360010800570196648002052000000
002011066763505700104152648267000000000026734628560400001060560004650004650004600004600008550000000100000001000000861520000000000000000000000000000000000000000000000100000000000000000000300000000000000000000000000006360010800570196648002052000000
002011066763506300117059558484000000000013949807930400001021390004650004650004600004600008550000000100000001000000861520000000000000000000000000000000000000000000000100000000000000000000300000000000000000000000000006360010800570196648002052000000
002011066763509200104151249075000000000023822851280400001001150004650004650004650000000000000000000100000001000000861520000000000000000000000000000000000000000000000000000000000000000000000000000000000000000000000006360010800570196648002052000000
002011066763533200117033227588000000000009154384690400001017540004650004650004650000000000000000000100000001000000861520000000000000000000000000000000000000000000000000000000000000000000000000000000000000000000000006360010800570196648002052000000
00300101000010000200009300000086152000000000000000000000000000000000000000000000006676375200000
00300104000010000400018600000086152000000000000000000000000000000000000000000000006676375200000
001001026000008615200406676375200000000000000000000000000000000000000000000000020290457400100000000
001001026000008615200506676375270000000000000000000000000000000000000000000000020290457400100000000
002011066764046200109160690553000000000000159176400100001000580004650004650004650000000000000000000100000001000000861520000000000000000000000000000000000000000000000000000000000000000000000000000000000000000000000006360010800570196648002052000000
00300101000010000100004650000086152000000000000000000000000000000000000000000000006676412970000
001001026000008615200406676412970000000000000000000000000000000000000000000000020290457400100100000
001001026000008615200506676413030000000000000000000000000000000000000000000000020290457400100100000
002011066764247100104157048021000000000026802317520400001102760004650004650004650000000000000000000100000001000000861520000000000000000000000000000000000000000000000000000000000000000000000000000000000000000000000006360010800570196648002052000000
002011066764248800104085539023000000000018584497360400001004830004650004650004650000000000000000000100000001000000861520000000000000000000000000000000000000000000000000000000000000000000000000000000000000000000000006360010800570196648002052000000
00300104000010000200009300000086152000000000000000000000000000000000000000000000006676445750000
001001026000008615200406676445750000000000000000000000000000000000000000000000020290457400100000000
001001026000008615200506676445820000000000000000000000000000000000000000000000020290457400100000000
002011066764723100117037007582000000000021248917860400001029320004650004650004650000000000000000000100000001000000861520000000000000000000000000000000000000000000000000000000000000000000000000000000000000000000000006360010800570196648002052000000
00300104000010000100004650000086152000000000000000000000000000000000000000000000006676479710000
001001026000008615200406676479710000000000000000000000000000000000000000000000020290457400100100000
001001026000008615200506676479770000000000000000000000000000000000000000000000020290457400100100000
002011066764960100104163858276000000000023395638480400001056410004650004650004600004600008550000000100000001000000861520000000000000000000000000000000000000000000000100000000000000000000300000000000000000000000000006360010800570196648002052000000
002011066764964700104151662411000000000025836675280400001047430004650004650004600004600008550000000100000001000000861520000000000000000000000000000000000000000000000100000000000000000000300000000000000000000000000006360010800570196648002052000000
002011066765146600104077942302000000000026264565020400001015010004650004650004650000000000000000000100000001000000861520000000000000000000000000000000000000000000000000000000000000000000019300000000000000000000000006360010800570196648002052000000
00300104000010000300013950000086152000000000000000000000000000000000000000000000006676522080000
001001026000008615200406676522080000000000000000000000000000000000000000000000020290457400100000000
001001026000008615200306676522120000000000000000000000000000000000000000000000020290457400100000000
010001000000000000000000000000000000086152066765221800500000
001001026000008615200206676522320000000000000000000000000000000000000000000000020290457400100000000
010001000000000000000000000000000000086152066765223600400000
001001026000008615200106676522430000000000000000000000000000000000000000000000020290457400100000000
03400667623901000008615200005C06676239010667626743000008615204574I0000000000000000000004000000400046500000000100000001
03400667621819000008615200005C06676218190667623894000008615204574V000000000000000000000400000150004650000000010000000104000000600046010000000100000001045000001000465000000001000000010450000010004650000000010000000104500000100046500000000100000001
