1000020260000086046003002185163227824212750032200000
001001026000008604600206676419860000000000000000000000000000000000000000000000000000000000000000000
010001000000000000000000000000000000086046066764200100100000
0350010667642006252747750000017300000001020000
010001000000000000000000000000000000086046066764200600200000
001001026000008604600306676420140000000000000000000000000000000000000000000000000000000000000000000
001001026000008604600406676420200000000000000000000000000000000000000000000000020350458000100000000
001001026000008604600506676420280000000000000000000000000000000000000000000000020350458000100000000
002011066764216500109063743559000000000011631580880100001018360005550005550004100004100008550000000100000001000000860460000000000000000000000000000000000000000000000100000000000000000000300000000000000000000000000000218516322782421275003220000000
002011066764343900104087301113000000000015857186000400001004050005550005550005550000000000000000000100000001000000860460000000000000000000000000000000000000000000000000000000000000000000000000000000000000000000000000218516322782421275003220000000
002011066764400900104165402687000000000019651144400400001028460005550005550005550000000000000000000100000001000000860460000000000000000000000000000000000000000000000000000000000000000000000000000000000000000000000000218516322782421275003220000000
002011066764695100104165281651000000000024297731280400001020090005550005550005550000000000000000000100000001000000860460000000000000000000000000000000000000000000000000000000000000000000000000000000000000000000000000218516322782421275003220000000
002011066764865600117057859274000000000007537115130400001007050005550005550005550000000000000000000100000001000000860460000000000000000000000000000000000000000000000000000000000000000000000000000000000000000000000000218516322782421275003220000000
002011066765126700104166736139000000000018684140240400001111420005550005550004500004500008550000000100000001000000860460000000000000000000000000000000000000000000000100000000000000000000300000000000000000000000000000218516322782421275003220000000
002011066765130900109126001902000000000003018668240100001011020005550005550002250002250008550000000100000001000000860460000000000000000000000000000000000000000000000100000000000000000000300000010000000000000000001100218516322782421275003220000000
002011066765131800117056761301000000000039088583580400001010810005550005550004500004500008550000000100000001000000860460000000000000000000000000000000000000000000000100000000000000000000300000000000000000000000000000218516322782421275003220000000
002011066765134000104158766563000000000024987664080400001038270005550005550004500004500008550000000100000001000000860460000000000000000000000000000000000000000000000100000000000000000000300000000000000000000000000000218516322782421275003220000000
002011066765136800104165194677000000000018612017360400001053760005550005550005550000000000000000000100000001000000860460000000000000000000000000000000000000000000000000000000000000000000000000000000000000000000000000218516322782421275003220000000
002011066765157100104163925577000000000024075528400400001055870005550005550000000000000008550000000100000001000000860460000000000000000000000000000000000000000000000100000000000000000000300000000000000000000000000000218516322782421275003220000000
005001066765205800104150221614000000000025335813840400001000360000
005001066765206200104150221614000000000025335813841023001000150000
005001066765206600104150221614000000000025335813841022001000150000
002011066765207200104150221614000000000025335813840400001003450005550005550005550000000000000000000100000001000000860460000000000000000000000000000000000000000000000000000000000000000000000000000000000000000000000000218516322782421275003220000000
002011066765208100104164103856000000000023083848400400001058940005550005550005550000000000000000000100000001000000860460000000000000000000000000000000000000000000000000000000000000000000000000000000000000000000000000218516322782421275003220000000
002011066765321400104151374961000000000023865849040400001000520005550005550005550000000000000000000100000001000000860460000000000000000000000000000000000000000000000000000000000000000000000000000000000000000000000000218516322782421275003220000000
002011066765728600104089252578000000000034919550160400001003720005550005550005550000000000000000000100000001000000860460000000000000000000000000000000000000000000000000000000000000000000000000000000000000000000000000218516322782421275003220000000
002011066765789500104156638185000000000024887120080400001001240005550005550005550000000000000000000100000001000000860460000000000000000000000000000000000000000000000000000000000000000000000000000000000000000000000000218516322782421275003220000000
002011066765790200104165238976000000000016574805200400001012610005550005550005550000000000000000000100000001000000860460000000000000000000000000000000000000000000000000000000000000000000000000000000000000000000000000218516322782421275003220000000
005001066765798600000000000000000000000017654359760000000000150000
002011066765799700104164134158000000000017654359760400001009150005550005550005550000000000000000000100000001000000860460000000000000000000000000000000000000000000000000000000000000000000000000000000000000000000000000218516322782421275003220000000
00300101000010000200011100000086046000000000000000000000000000000000000000000000006676598760000
00300104000010001600088800000086046000000000000000000000000000000000000000000000006676598760000
001001026000008604600406676598760000000000000000000000000000000000000000000000020350458000100100000
001001026000008604600306676598810000000000000000000000000000000000000000000000020350458000100100000
010001000000000000000000000000000000086046066765988800500000
001001026000008604600206676600030000000000000000000000000000000000000000000000020350458000100100000
010001000000000000000000000000000000086046066766000800400000
001001026000008604600106676600170000000000000000000000000000000000000000000000020350458000100100000
03400667642028000008604600005C06676420280667659876000008604604580I000000000000000000000100000010004101000000010000000101000000100022510000000100000001040000012000555000000001000000010400000030004501000000010000000104000000100000010000000100000001
