1000020260000086107003063600107447260289070027420000
001001026000008610700206676662170000000000000000000000000000000000000000000000000000000000000000000
010001000000000000000000000000000000086107066766623100100000
0350010667666236253116560000018600000001020000
010001000000000000000000000000000000086107066766623600200000
001001026000008610700306676662430000000000000000000000000000000000000000000000000000000000000000000
001001026000008610700406676662490000000000000000000000000000000000000000000000020340457900100000000
001001026000008610700506676662560000000000000000000000000000000000000000000000020340457900100000000
001001026000008610700406676662660000000000000000000000000000000000000000000000020340457900100100000
001001026000008610700506676662730000000000000000000000000000000000000000000000020340457900100100000
005001066766668500000000000000000000000030396488400000000000150000
002011066766668700109077889186000000000030396488400100001001360004300004300004300000000000000000000100000001000000861070000000000000000000000000000000000000000000000000000000000000000000000000000000000000000000000006360010744726028907002742000000
002011066766669200104151076952000000000025750966480400001002750004300004300004300000000000000000000100000001000000861070000000000000000000000000000000000000000000000000000000000000000000000000000000000000000000000006360010744726028907002742000000
002011066766670700104079210661000000000036687494150400001010800004300004300004300000000000000000000100000001000000861070000000000000000000000000000000000000000000000000000000000000000000019300000000000000000000000006360010744726028907002742000000
002011066766673500104089400984000000000033536794320400001001450004300004300004300000000000000000000100000001000000861070000000000000000000000000000000000000000000000000000000000000000000000000000000000000000000000006360010744726028907002742000000
002011066766682200109006881549000000000009122722000100001007930004300004300004300000000000000000000100000001000000861070000000000000000000000000000000000000000000000000000000000000000000000000000000000000000000000006360010744726028907002742000000
002011066766726600117048030874000000000013348472220400001021030004300004300004300000000000000000000100000001000000861070000000000000000000000000000000000000000000000000000000000000000000000000000000000000000000000006360010744726028907002742000000
002011066766776200104165278791000000000022992243920400001024140004300004300004300000000000000000000100000001000000861070000000000000000000000000000000000000000000000000000000000000000000000000000000000000000000000006360010744726028907002742000000
00300101000010000200008600000086107000000000000000000000000000000000000000000000006676684260000
00300104000010000500021500000086107000000000000000000000000000000000000000000000006676684260000
001001026000008610700406676684260000000000000000000000000000000000000000000000020340457900100000000
001001026000008610700506676684320000000000000000000000000000000000000000000000020340457900100000000
002011066766962000104084528028000000000018569367760400001002110004300004300004300000000000000000000100000001000000861070000000000000000000000000000000000000000000000000000000000000000000000000000000000000000000000006360010744726028907002742000000
002011066766968800104150673663000000000024573860560400001001570004300004300004300000000000000000000100000001000000861070000000000000000000000000000000000000000000000000000000000000000000000000000000000000000000000006360010744726028907002742000000
002011066766981600104152632557000000000027709783760400001010760004300004300004300000000000000000000100000001000000861070000000000000000000000000000000000000000000000000000000000000000000000000000000000000000000000006360010744726028907002742000000
002011066766984000109081480068000000000008325834960100001001050004300004300004250004250008550000000100000001000000861070000000000000000000000000000000000000000000000100000000000000000000300000000000000000000000000006360010744726028907002742000000
002011066766990100109067343415000000000015440118480100001006240004300004300004300000000000000000000100000001000000861070000000000000000000000000000000000000000000000000000000000000000000000000000000000000000000000006360010744726028907002742000000
00300104000010000300012900000086107000000000000000000000000000000000000000000000006676711220000
00300101000010000200008600000086107000000000000000000000000000000000000000000000006676711220000
001001026000008610700406676711220000000000000000000000000000000000000000000000020340457900100100000
001001026000008610700506676712850000000000000000000000000000000000000000000000020340457900100100000
002011066767142600104157417336000000000024832103120400001026580004300004300004250004250008550000000100000001000000861070000000000000000000000000000000000000000000000100000000000000000000300000000000000000000000000006360010744726028907002742000000
002011066767143300104084212241000000000009139597520400001001320004300004300004300000000000000000000100000001000000861070000000000000000000000000000000000000000000000000000000000000000000000000000000000000000000000006360010744726028907002742000000
002011066767143800104151724644000000000025831660240400001000990004300004300004300000000000000000000100000001000000861070000000000000000000000000000000000000000000000000000000000000000000000000000000000000000000000006360010744726028907002742000000
002011066767144400104165628121000000000024331699920400001071100004300004300004300000000000000000000100000001000000861070000000000000000000000000000000000000000000000000000000000000000000000000000000000000000000000006360010744726028907002742000000
002011066767145200109001009347000000000012471703760100001043920004300004300004300000000000000000000100000001000000861070000000000000000000000000000000000000000000000000000000000000000000000000010000000000000000000106360010744726028907002742000000
002011066767145700104164371036000000000024356818640400001063740004300004300004300000000000000000000100000001000000861070000000000000000000000000000000000000000000000000000000000000000000000000000000000000000000000006360010744726028907002742000000
002011066767147500104162662521000000000026753946320400001031410004300004300001450001450008550000000100000001000000861070000000000000000000000000000000000000000000000100000000000000000000300000000000000000000000000006360010744726028907002742000000
002011066767148200104165581891000000000017690724560400001063490004300004300000000000000008550000000100000001000000861070000000000000000000000000000000000000000000000100000000000000000000300000000000000000000000000006360010744726028907002742000000
002011066767148700117034418077000000000004529587090400001019510004300004300004300000000000000000000100000001000000861070000000000000000000000000000000000000000000000000000000000000000000000000000000000000000000000006360010744726028907002742000000
005001066767149500104153156406000000000027791383760400001000340000
002011066767150100104156355426000000000027483994320400001000780004300004300004250004250008550000000100000001000000861070000000000000000000000000000000000000000000000100000000000000000000300000000000000000000000000006360010744726028907002742000000
002011066767150800104153250471000000000029451871440400001050210004300004300000000000000008550000000100000001000000861070000000000000000000000000000000000000000000000100000000000000000000300000000000000000000000000006360010744726028907002742000000
002011066767151200104164151869000000000019373929680400001151510004300004300004300000000000000000000100000001000000861070000000000000000000000000000000000000000000000000000000000000000000000000000000000000000000000006360010744726028907002742000000
002011066767154400104166739421000000000024264034000400001018600004300004300000000000000008550000000100000001000000861070000000000000000000000000000000000000000000000100000000000000000000300000000000000000000000000006360010744726028907002742000000
002011066767155000109166255931000000000005452642000100001010300004300004300004300000000000000000000100000001000000861070000000000000000000000000000000000000000000000000000000000000000000000000000000000000000000000006360010744726028907002742000000
002011066767155800117054590771000000000012720535710400001015780004300004300004300000000000000000000100000001000000861070000000000000000000000000000000000000000000000000000000000000000000000000000000000000000000000006360010744726028907002742000000
002011066767156400109051120985000000000008000266960100001010970004300004300000000000000008550000000100000001000000861070000000000000000000000000000000000000000000000100000000000000000000300000000000000000000000000006360010744726028907002742000000
002011066767159800104165394714000000000018614459600400001061290004300004300002250002250008550000000100000001000000861070000000000000000000000000000000000000000000000100000000000000000000300000000000000000000000000006360010744726028907002742000000
002011066767177700104086490036000000000015788160720400001009220004300004300004300000000000000000000100000001000000861070000000000000000000000000000000000000000000000000000000000000000000000000000000000000000000000006360010744726028907002742000000
002011066767178200104089650603000000000030136115920400001002320004300004300004300000000000000000000100000001000000861070000000000000000000000000000000000000000000000000000000000000000000000000000000000000000000000006360010744726028907002742000000
002011066767206200104158205529000000000026291269840400001025820004300004300000000000000008550000000100000001000000861070000000000000000000000000000000000000000000000100000000000000000000300000000000000000000000000006360010744726028907002742000000
005001066767250000117060880513000000000027356919610100001002410000
002011066767250000117060880513000000000027356919610400001014120004300004300004300000000000000000000100000001000000861070000000000000000000000000000000000000000000000000000000000000000000000000000000000000000000000006360010744726028907002742000000
002011066767312100104078339481000000000014438104590400001029370004300004300004300000000000000000000100000001000000861070000000000000000000000000000000000000000000000000000000000000000000019300000000000000000000000006360010744726028907002742000000
002011066767313700117033052214000000000004937923110400001011380004300004300004300000000000000000000100000001000000861070000000000000000000000000000000000000000000000000000000000000000000000000000000000000000000000006360010744726028907002742000000
002011066767318300109106235894000000000009673918160100001007580004300004300004300000000000000000000100000001000000861070000000000000000000000000000000000000000000000000000000000000000000000000000000000000000000000006360010744726028907002742000000
00300104000010002000086000000086107000000000000000000000000000000000000000000000006676733460000
00300101000010000400017200000086107000000000000000000000000000000000000000000000006676733460000
001001026000008610700406676733460000000000000000000000000000000000000000000000020340457900100000000
001001026000008610700506676733520000000000000000000000000000000000000000000000020340457900100000000
002011066767403300104086057928000000000015213069520400001007070004300004300004300000000000000000000100000001000000861070000000000000000000000000000000000000000000000000000000000000000000000000000000000000000000000006360010744726028907002742000000
002011066767425000117013357605000000000036317418810400001091270004300004300004300000000000000000000100000001000000861070000000000000000000000000000000000000000000000000000000000000000000000000000000000000000000000006360010744726028907002742000000
002011066767435900104152744266000000000027787338960400001041250004300004300004300000000000000000000100000001000000861070000000000000000000000000000000000000000000000000000000000000000000000000000000000000000000000006360010744726028907002742000000
002011066767532200109109161255000000000018473564880100001000650004300004300004300000000000000000000100000001000000861070000000000000000000000000000000000000000000000000000000000000000000000000000000000000000000000006360010744726028907002742000000
00300104000010000300012900000086107000000000000000000000000000000000000000000000006676761930000
00300101000010000100004300000086107000000000000000000000000000000000000000000000006676761930000
001001026000008610700406676761930000000000000000000000000000000000000000000000020340457900100100000
001001026000008610700506676763530000000000000000000000000000000000000000000000020340457900100100000
002011066767660500109079395199000000000029985657040100001000850004300004300004300000000000000000000100000001000000861070000000000000000000000000000000000000000000000000000000000000000000000000000000000000000000000006360010744726028907002742000000
002011066767661400109068218827000000000014600540880100001004180004300004300004300000000000000000000100000001000000861070000000000000000000000000000000000000000000000000000000000000000000000000000000000000000000000006360010744726028907002742000000
002011066767662000104163176892000000000018612567760400001012600004300004300004300000000000000000000100000001000000861070000000000000000000000000000000000000000000000000000000000000000000000000000000000000000000000006360010744726028907002742000000
002011066767662500104153200316000000000029466688720400001052640004300004300004300000000000000000000100000001000000861070000000000000000000000000000000000000000000000000000000000000000000000000000000000000000000000006360010744726028907002742000000
002011066767664000104086226241000000000017957753040400001003990004300004300004300000000000000000000100000001000000861070000000000000000000000000000000000000000000000000000000000000000000000000000000000000000000000006360010744726028907002742000000
002011066767665800104162565674000000000026759411920400001031150004300004300004300000000000000000000100000001000000861070000000000000000000000000000000000000000000000000000000000000000000000000000000000000000000000006360010744726028907002742000000
002011066767666500104160808006000000000024900544720400001072960004300004300000000000000008550000000100000001000000861070000000000000000000000000000000000000000000000100000000000000000000300000000000000000000000000006360010744726028907002742000000
002011066767667200109064229298000000000009749755600100001015430004300004300000000000000008550000000100000001000000861070000000000000000000000000000000000000000000000100000000000000000000300000000000000000000000000006360010744726028907002742000000
002011066767667700104152572491000000000024944714960400001021940004300004300004100004100008550000000100000001000000861070000000000000000000000000000000000000000000000100000000000000000000300000000000000000000000000006360010744726028907002742000000
002011066767669400104161881289000000000025160927440400001024710004300004300004100004100008550000000100000001000000861070000000000000000000000000000000000000000000000100000000000000000000300000000000000000000000000006360010744726028907002742000000
002011066767689000104086281101000000000016955820240400001009040004300004300004300000000000000000000100000001000000861070000000000000000000000000000000000000000000000000000000000000000000000000000000000000000000000006360010744726028907002742000000
002011066767712400104081660871000000000002736927440400001008870004300004300004300000000000000000000100000001000000861070000000000000000000000000000000000000000000000000000000000000000000000000000000000000000000000006360010744726028907002742000000
002011066767780500104166011721000000000024416671440400001022760004300004300004300000000000000000000100000001000000861070000000000000000000000000000000000000000000000000000000000000000000000000000000000000000000000006360010744726028907002742000000
002011066767824300104166544531000000000024156803280400001016550004300004300004300000000000000000000100000001000000861070000000000000000000000000000000000000000000000000000000000000000000000000000000000000000000000006360010744726028907002742000000
002011066767843100104167161652000000000023157072080400001087510004300004300004300000000000000000000100000001000000861070000000000000000000000000000000000000000000000000000000000000000000000000000000000000000000000006360010744726028907002742000000
00300101000010000300012900000086107000000000000000000000000000000000000000000000006676787380000
00300104000010001200051600000086107000000000000000000000000000000000000000000000006676787380000
001001026000008610700406676787380000000000000000000000000000000000000000000000020340457900100000000
001001026000008610700506676787450000000000000000000000000000000000000000000000020340457900100000000
001001026000008610700406676808980000000000000000000000000000000000000000000000020340457900100100000
002011066768114400109072130769000000000028117950160100001005030004300004300000000000000008550000000100000001000000861070000000000000000000000000000000000000000000000100000000000000000000300000000000000000000000000006360010744726028907002742000000
002011066768116400104163977542000000000024382114000400001031040004300004300004300000000000000000000100000001000000861070000000000000000000000000000000000000000000000000000000000000000000000000000000000000000000000006360010744726028907002742000000
002011066768117200104162742291000000000025160156880400001041950004300004300004300000000000000000000100000001000000861070000000000000000000000000000000000000000000000000000000000000000000000000000000000000000000000006360010744726028907002742000000
002011066768118000109076560792000000000028025802960100001000420004300004300004300000000000000000000100000001000000861070000000000000000000000000000000000000000000000000000000000000000000000000000000000000000000000006360010744726028907002742000000
002011066768142100104081707614000000000001834954960400001011110004300004300004300000000000000000000100000001000000861070000000000000000000000000000000000000000000000000000000000000000000000000000000000000000000000006360010744726028907002742000000
002011066768172600109123321965000000000012305621200100001004090004300004300000000000000008550000000100000001000000861070000000000000000000000000000000000000000000000100000000000000000000300000000000000000000000000006360010744726028907002742000000
00300101000010000300012900000086107000000000000000000000000000000000000000000000006676817730000
00300104000010000300012900000086107000000000000000000000000000000000000000000000006676817730000
001001026000008610700506676817730000000000000000000000000000000000000000000000020340457900100100000
002011066768264500104151191638000000000024723300560400001000820004300004300004300000000000000000000100000001000000861070000000000000000000000000000000000000000000000000000000000000000000000000000000000000000000000006360010744726028907002742000000
00300104000010000100004300000086107000000000000000000000000000000000000000000000006676834480000
001001026000008610700406676834480000000000000000000000000000000000000000000000020340457900100000000
001001026000008610700506676834550000000000000000000000000000000000000000000000020340457900100000000
001001026000008610700406676855400000000000000000000000000000000000000000000000020340457900100100000
001001026000008610700506676855470000000000000000000000000000000000000000000000020340457900100100000
002011066768566400104156235781000000000028518423760400001053120004300004300004050000000000000000000100000001000000861070000000000000000000000000000000000000000000000000000000000000000000000000000000000000000000000006360010744726028907002742000000
002011066768566400104156235781000000000028518423760400001053120004300004300000250000000000000000000100000001000000861070000000000000000000000000000000000000000000000000000000000000000000000000000000000000000000000006360010744726028907002742000000
002011066768584600104165630752000000000023001792720400001030890004300004300004300000000000000000000100000001000000861070000000000000000000000000000000000000000000000000000000000000000000000000000000000000000000000006360010744726028907002742000000
00300104000010000200008600000086107000000000000000000000000000000000000000000000006677015820000
001001026000008610700406677015820000000000000000000000000000000000000000000000020340457900100000000
001001026000008610700306677015880000000000000000000000000000000000000000000000020340457900100000000
010001000000000000000000000000000000086107066770243300500000
001001026000008610700206677024440000000000000000000000000000000000000000000000020340457900100000000
010001000000000000000000000000000000086107066770244800400000
001001026000008610700106677024560000000000000000000000000000000000000000000000020340457900100000000
03400667666273000008610700005C06676662730667668426000008610704579V0000000000000000000001000000700043000000000100000001040000028000430000000001000000010400000280004300000000010000000104000002800043000000000100000001040000028000430000000001000000010400000280004300000000010000000104000002800043000000000100000001
