1000020260000086122003063600113503259866480032640000
001001026000008612200206676196060000000000000000000000000000000000000000000000000000000000000000000
010001000000000000000000000000000000086122066761962600100000
0350010667619633872249110000007100000001020000
010001000000000000000000000000000000086122066761963300200000
001001026000008612200306676196400000000000000000000000000000000000000000000000000000000000000000000
001001026000008612200406676196460000000000000000000000000000000000000000000000020290457400100000000
001001026000008612200506676208770000000000000000000000000000000000000000000000020290457400100000000
005001066762088300104162052791000000000025039114961023001002300000
002011066762088600104162052791000000000025039114960400001033960004650004650004650000000000000000000100000001000000861220000000000000000000000000000000000000000000000000000000000000000000000000000000000000000000000006360011350325986648003264000000
002011066762239000104166543713000000000023352738000400001012630004650004650004650000000000000000000100000001000000861220000000000000000000000000000000000000000000000000000000000000000000000000000000000000000000000006360011350325986648003264000000
00300104000010000200009300000086122000000000000000000000000000000000000000000000006676231650000
001001026000008612200406676231650000000000000000000000000000000000000000000000020290457400100100000
001001026000008612200506676231940000000000000000000000000000000000000000000000020290457400100100000
002011066762328700117057132129000000000006490036010400001012670004650004650002430000000000000000000100000001000000861220000000000000000000000000000000000000000000000000000000000000000000000000000000000000000000000006360011350325986648003264000000
002011066762328700117057132129000000000006490036010400001012670004650004650002220000000000000000000100000001000000861220000000000000000000000000000000000000000000000000000000000000000000000000000000000000000000000006360011350325986648003264000000
002011066762329500104164629467000000000022781945040400001013100004650004650004650000000000000000000100000001000000861220000000000000000000000000000000000000000000000000000000000000000000000000000000000000000000000006360011350325986648003264000000
002011066762331400104151307245000000000024567242960400001077480004650004650004600004600008550000000100000001000000861220000000000000000000000000000000000000000000000100000000000000000000300000000000000000000000000006360011350325986648003264000000
002011066762332200104088842241000000000029347052240400001005660004650004650004650000000000000000000100000001000000861220000000000000000000000000000000000000000000000000000000000000000000000000000000000000000000000006360011350325986648003264000000
002011066762333700104165097035000000000024305211600400001012840004650004650004650000000000000000000100000001000000861220000000000000000000000000000000000000000000000000000000000000000000000000000000000000000000000006360011350325986648003264000000
002011066762461400104151355533000000000025785467600400001000670004650004650004650000000000000000000100000001000000861220000000000000000000000000000000000000000000000000000000000000000000000000000000000000000000000006360011350325986648003264000000
00300104000010000600027900000086122000000000000000000000000000000000000000000000006676261160000
001001026000008612200406676261160000000000000000000000000000000000000000000000020290457400100000000
001001026000008612200506676271030000000000000000000000000000000000000000000000020290457400100000000
002011066762710700104152049169000000000025852915920400001002350004650004650004650000000000000000000100000001000000861220000000000000000000000000000000000000000000000000000000000000000000000000000000000000000000000006360011350325986648003264000000
002011066762795900117039176951000000000022860858830400001023040004650004650004650000000000000000000100000001000000861220000000000000000000000000000000000000000000000000000000000000000000000000000000000000000000000006360011350325986648003264000000
002011066762869800117039477675000000000009241718770400001020320004650004650004650000000000000000000100000001000000861220000000000000000000000000000000000000000000000000000000000000000000000000000000000000000000000006360011350325986648003264000000
002011066762871300104079338585000000000012900005530400001016530004650004650004650000000000000000000100000001000000861220000000000000000000000000000000000000000000000000000000000000000000019300000000000000000000000006360011350325986648003264000000
00300104000010000400018600000086122000000000000000000000000000000000000000000000006676297890000
001001026000008612200406676297890000000000000000000000000000000000000000000000020290457400100100000
001001026000008612200506676305780000000000000000000000000000000000000000000000020290457400100100000
002011066763071300109129006417000000000012359012560100001001740004650004650004650000000000000000000100000001000000861220000000000000000000000000000000000000000000000000000000000000000000000000000000000000000000000006360011350325986648003264000000
002011066763119200103094787401000000000030831872720450001001510004650004650004650000000000000000000100000001000000861220000000000000000000000000000000000000000000000000000000000000000000000000000000000000000000000006360011350325986648003264000000
002011066763120500104150034581000000000024542674640400001004610004650004650004500004500008550000000100000001000000861220000000000000000000000000000000000000000000000100000000000000000000300000000000000000000000000006360011350325986648003264000000
002011066763135700104088180131000000000017335168720400001002550004650004650004650000000000000000000100000001000000861220000000000000000000000000000000000000000000000000000000000000000000000000000000000000000000000006360011350325986648003264000000
002011066763256200109127898876000000000005861799120100001002430004650004650004650000000000000000000100000001000000861220000000000000000000000000000000000000000000000000000000000000000000000000000000000000000000000006360011350325986648003264000000
00300101000010000200009300000086122000000000000000000000000000000000000000000000006676336910000
00300104500010000100004650000086122000000000000000000000000000000000000000000000006676336910000
00300104000010000200009300000086122000000000000000000000000000000000000000000000006676336910000
001001026000008612200406676336910000000000000000000000000000000000000000000000020290457400100000000
001001026000008612200306676336960000000000000000000000000000000000000000000000020290457400100000000
001001026000008612200406676343320000000000000000000000000000000000000000000000020290457400100000000
001001026000008612200506676343390000000000000000000000000000000000000000000000020290457400100000000
001001026000008612200406676345150000000000000000000000000000000000000000000000020290457400100100000
001001026000008612200306676345190000000000000000000000000000000000000000000000020290457400100100000
001001026000008612200406676352590000000000000000000000000000000000000000000000020290457400100000000
001001026000008612200506676353450000000000000000000000000000000000000000000000020290457400100000000
005001066763632800304004998645000000000015459656180800003002140000
005001066763679200304004565609000000000011101269220800003002140000
005001066763705400304004364441000000000005818496350800003002140000
005001066763705700304004364441000000000005818496350800003002140000
002011066763742000104152712178000000000027876780240400001058700004650004650004650000000000000000000100000001000000861220000000000000000000000000000000000000000000000000000000000000000000000000000000000000000000000006360011350325986648003264000000
002011066763744800104088191656000000000015913093840400001003100004650004650004650000000000000000000100000001000000861220000000000000000000000000000000000000000000000000000000000000000000000000000000000000000000000006360011350325986648003264000000
00300104000010000200009300000086122000000000000000000000000000000000000000000000006676384360000
001001026000008612200406676384360000000000000000000000000000000000000000000000020290457400100100000
001001026000008612200506676389780000000000000000000000000000000000000000000000020290457400100100000
002011066763914200104088311856000000000015868168400400001005490004650004650004650000000000000000000100000001000000861220000000000000000000000000000000000000000000000000000000000000000000000000000000000000000000000006360011350325986648003264000000
002011066763924500104152083685000000000023976871120400001001120004650004650004650000000000000000000100000001000000861220000000000000000000000000000000000000000000000000000000000000000000000000000000000000000000000006360011350325986648003264000000
00300104000010000200009300000086122000000000000000000000000000000000000000000000006676413420000
001001026000008612200406676413420000000000000000000000000000000000000000000000020290457400100000000
001001026000008612200506676428380000000000000000000000000000000000000000000000020290457400100000000
002011066764296000104151118981000000000025987323600400001001810004650004650004650000000000000000000100000001000000861220000000000000000000000000000000000000000000000000000000000000000000000000000000000000000000000006360011350325986648003264000000
002011066764316400104081542909000000000027349298970400001004110004650004650003800000000000000000000100000001000000861220000000000000000000000000000000000000000000000000000000000000000000019300000000000000000000000006360011350325986648003264000000
002011066764316400104081542909000000000027349298970400001004110004650004650000850000000000000000000100000001000000861220000000000000000000000000000000000000000000000000000000000000000000019300000000000000000000000006360011350325986648003264000000
002011066764397200104161728031000000000030163385040400001060760004650004650004650000000000000000000100000001000000861220000000000000000000000000000000000000000000000000000000000000000000000000000000000000000000000006360011350325986648003264000000
002011066764462300104089048971000000000029383488720400001002240004650004650004650000000000000000000100000001000000861220000000000000000000000000000000000000000000000000000000000000000000000000000000000000000000000006360011350325986648003264000000
00300104000010000400018600000086122000000000000000000000000000000000000000000000006676457120000
001001026000008612200406676457120000000000000000000000000000000000000000000000020290457400100100000
001001026000008612200506676463030000000000000000000000000000000000000000000000020290457400100100000
001001026000008612200406676485580000000000000000000000000000000000000000000000020290457400100000000
001001026000008612200306676485640000000000000000000000000000000000000000000000020290457400100000000
010001000000000000000000000000000000086122066764857000500000
001001026000008612200206676485860000000000000000000000000000000000000000000000020290457400100000000
010001000000000000000000000000000000086122066764859300400000
001001026000008612200106676486020000000000000000000000000000000000000000000000020290457400100000000
03400667620877000008612200005C06676208770667623165000008612204574I0000000000000000000004000001100046500000000100000001
03400667623194000008612200005C06676231940667626116000008612204574V0000000000000000000004000000100046010000000100000001040000007000465000000001000000010400000010002220000000010000000104000000100024300000000100000001040000001000243000000001000000010400000010002430000000010000000104000000100024300000000100000001
