1000020260000086040003002185163227824143560033010000
001001026000008604000206676506340000000000000000000000000000000000000000000000000000000000000000000
010001000000000000000000000000000000086040066765065500100000
0350010667650660356965780000007100000001020000
010001000000000000000000000000000000086040066765066000200000
001001026000008604000306676506670000000000000000000000000000000000000000000000000000000000000000000
001001026000008604000406676506760000000000000000000000000000000000000000000000020330457800100100000
001001026000008604000506676541820000000000000000000000000000000000000000000000020330457800100100000
002011066765455000104152592881000000000026163817680400001048710004300004300004300000000000000000000100000001000000860400000000000000000000000000000000000000000000000000000000000000000000000000000000000000000000000000218516322782414356003301000000
002011066765494300104157320316000000000026779449040400001002940004300004300004300000000000000000000100000001000000860400000000000000000000000000000000000000000000000000000000000000000000000000000000000000000000000000218516322782414356003301000000
002011066765544400104156691221000000000027451738320400001001470004300004300004300000000000000000000100000001000000860400000000000000000000000000000000000000000000000000000000000000000000000000000000000000000000000000218516322782414356003301000000
00300104000010000300012900000086040000000000000000000000000000000000000000000000006676566660000
001001026000008604000406676566660000000000000000000000000000000000000000000000020330457800100000000
001001026000008604000506676566730000000000000000000000000000000000000000000000020330457800100000000
002011066765859800104088182193000000000017357858000400001003940004300004300004300000000000000000000100000001000000860400000000000000000000000000000000000000000000000000000000000000000000000000000000000000000000000000218516322782414356003301000000
00300104000010000100004300000086040000000000000000000000000000000000000000000000006676607310000
001001026000008604000406676607310000000000000000000000000000000000000000000000020330457800100100000
001001026000008604000506676617420000000000000000000000000000000000000000000000020330457800100100000
002011066766181800117036154281000000000006123011880400001044000004300004300004250004250008550000000100000001000000860400000000000000000000000000000000000000000000000100000000000000000000300000000000000000000000000000218516322782414356003301000000
002011066766183100104152635904000000000027721004240400001036550004300004300004300000000000000000000100000001000000860400000000000000000000000000000000000000000000000000000000000000000000000000000000000000000000000000218516322782414356003301000000
002011066766183700109106718968000000000010472507600100001003170004300004300004300000000000000000000100000001000000860400000000000000000000000000000000000000000000000000000000000000000000000000000000000000000000000000218516322782414356003301000000
002011066766184300104088093492000000000016668050640400001007200004300004300004300000000000000000000100000001000000860400000000000000000000000000000000000000000000000000000000000000000000000000000000000000000000000000218516322782414356003301000000
00300104000010000300012900000086040000000000000000000000000000000000000000000000006676637410000
00300101000010000100004300000086040000000000000000000000000000000000000000000000006676637410000
001001026000008604000406676637410000000000000000000000000000000000000000000000020330457800100000000
001001026000008604000506676637480000000000000000000000000000000000000000000000020330457800100000000
002011066766472100117022253914000000000017252911260400001040460004300004300004300000000000000000000100000001000000860400000000000000000000000000000000000000000000000000000000000000000000000000000000000000000000000000218516322782414356003301000000
002011066766559500109067343229000000000015314658000100001020070004300004300004300000000000000000000100000001000000860400000000000000000000000000000000000000000000000000000000000000000000000000010000000000000000000100218516322782414356003301000000
002011066766646400104017031133000000000011331017650400001061680004300004300004300000000000000000000100000001000000860400000000000000000000000000000000000000000000000000000000000000000000000000000000000000000000000000218516322782414356003301000000
005001066766697800117008381803000000000038660707390400001000360000
002011066766700100117008381803000000000038660707390400001032840004300004300004300000000000000000000100000001000000860400000000000000000000000000000000000000000000000000000000000000000000000000000000000000000000000000218516322782414356003301000000
00300104000010000300012900000086040000000000000000000000000000000000000000000000006676679220000
00300101000010000100004300000086040000000000000000000000000000000000000000000000006676679220000
001001026000008604000406676679220000000000000000000000000000000000000000000000020330457800100100000
002011066766908200109126767506000000000004062075600100001026700004300004300004300000000000000000000100000001000000860400000000000000000000000000000000000000000000000000000000000000000000019000010000000000000000000200218516322782414356003301000000
00300101000010000100004300000086040000000000000000000000000000000000000000000000006676690890000
001001026000008604000506676690890000000000000000000000000000000000000000000000020330457800100100000
002011066766909400104087494043000000000016616571600400001001520004300004300000000000000008550000000100000001000000860400000000000000000000000000000000000000000000000100000000000000000000300000000000000000000000000000218516322782414356003301000000
002011066766910800104165054425000000000023062060240400001025920004300004300004300000000000000000000100000001000000860400000000000000000000000000000000000000000000000000000000000000000000000000000000000000000000000000218516322782414356003301000000
002011066766971100104152704779000000000024797694160400001035810004300004300004300000000000000000000100000001000000860400000000000000000000000000000000000000000000000000000000000000000000000000000000000000000000000000218516322782414356003301000000
002011066766971700104165627662000000000024097523920400001013440004300004300004300000000000000000000100000001000000860400000000000000000000000000000000000000000000000000000000000000000000000000000000000000000000000000218516322782414356003301000000
002011066767003700117046125703000000000002270769370400001017550004300004300004300000000000000000000100000001000000860400000000000000000000000000000000000000000000000000000000000000000000000000000000000000000000000000218516322782414356003301000000
00300104000010000500021500000086040000000000000000000000000000000000000000000000006676732690000
001001026000008604000406676732690000000000000000000000000000000000000000000000020330457800100000000
001001026000008604000306676732750000000000000000000000000000000000000000000000020330457800100000000
001001026000008604000206676737370000000000000000000000000000000000000000000000020330457800100000000
010001000000000000000000000000000000086040066767374900400000
010001000000000000000000000000000000086040066767375400500000
001001026000008604000106676737690000000000000000000000000000000000000000000000020330457800100000000
03400667656673000008604000005C06676566730667660731000008604004578I0000000000000000000004000000400043000000000100000001
03400667654182000008604000005C06676541820667656666000008604004578V00000000000000000000040000009000430000000001000000010400000090004300000000010000000104000000900043000000000100000001
