1000020260000086202003002185163227835955560035020000
001001026000008620200206676166280000000000000000000000000000000000000000000000020390458400100000000
010001000000000000000000000000000000086202066761664400100000
0350010667616649844804420000115400000001020000
010001000000000000000000000000000000086202066761664900200000
001001026000008620200306676166560000000000000000000000000000000000000000000000020390458400100000000
001001026000008620200406676205680000000000000000000000000000000000000000000000020390458400100000000
001001026000008620200506676205750000000000000000000000000000000000000000000000020390458400100000000
002011066762255600104165747587000000000023187623120400001024200005550005550005550000000000000000000100000001000000862020000000000000000000000000000000000000000000000000000000000000000000000000000000000000000000000000218516322783595556003502000000
002011066762256200104084552085000000000018603341520400001008470005550005550005550000000000000000000100000001000000862020000000000000000000000000000000000000000000000000000000000000000000000000000000000000000000000000218516322783595556003502000000
00300104000010000200011100000086202000000000000000000000000000000000000000000000006676251830000
001001026000008620200406676251830000000000000000000000000000000000000000000000020390458400100100000
002011066762518600104165632071000000000023124076240400001175480005550005550005550000000000000000000100000001000000862020000000000000000000000000000000000000000000000000000000000000000000000000000000000000000000000000218516322783595556003502000000
00300104000010000100005550000086202000000000000000000000000000000000000000000000006676251970000
001001026000008620200506676251970000000000000000000000000000000000000000000000020390458400100100000
002011066762541600117001699026000000000018048889150400001150520005550005550005550000000000000000000100000001000000862020000000000000000000000000000000000000000000000000000000000000000000000000000000000000000000000000218516322783595556003502000000
002011066762649600104087669978000000000015955894480400001005550005550005550005550000000000000000000100000001000000862020000000000000000000000000000000000000000000000000000000000000000000000000000000000000000000000000218516322783595556003502000000
002011066762673100104162005547000000000027939973840400001016450005550005550005550000000000000000000100000001000000862020000000000000000000000000000000000000000000000000000000000000000000000000000000000000000000000000218516322783595556003502000000
00300104000010000300016650000086202000000000000000000000000000000000000000000000006676284810000
001001026000008620200406676284810000000000000000000000000000000000000000000000020390458400100000000
001001026000008620200506676287170000000000000000000000000000000000000000000000020390458400100000000
002011066763000400104163896313000000000024341842640400001022240005550005550005550000000000000000000100000001000000862020000000000000000000000000000000000000000000000000000000000000000000000000000000000000000000000000218516322783595556003502000000
00300104000010000100005550000086202000000000000000000000000000000000000000000000006676324180000
001001026000008620200406676324180000000000000000000000000000000000000000000000020390458400100100000
001001026000008620200506676324250000000000000000000000000000000000000000000000020390458400100100000
005001066763364000304005238776000000000025235322500800003002140000
001001026000008620200406676354750000000000000000000000000000000000000000000000020390458400100000000
001001026000008620200506676358200000000000000000000000000000000000000000000000020390458400100000000
005001066763586300000000000000000000000027407418960000000000150000
002011066763711600104156235978000000000027495104720400001015430005550005550005550000000000000000000100000001000000862020000000000000000000000000000000000000000000000000000000000000000000000000000000000000000000000000218516322783595556003502000000
00300104000010000100005550000086202000000000000000000000000000000000000000000000006676395860000
001001026000008620200406676395860000000000000000000000000000000000000000000000020390458400100100000
001001026000008620200506676395930000000000000000000000000000000000000000000000020390458400100100000
002011066764018200104086470681000000000023777964240400001001740005550005550005550000000000000000000100000001000000862020000000000000000000000000000000000000000000000000000000000000000000000000000000000000000000000000218516322783595556003502000000
002011066764019400109126568821000000000004330954960100001043890005550005550005550000000000000000000100000001000000862020000000000000000000000000000000000000000000000000000000000000000000000000000000000000000000000000218516322783595556003502000000
00300104000010000100005550000086202000000000000000000000000000000000000000000000006676427980000
00300101000010000100005550000086202000000000000000000000000000000000000000000000006676427980000
001001026000008620200406676427980000000000000000000000000000000000000000000000020390458400100000000
001001026000008620200506676428050000000000000000000000000000000000000000000000020390458400100000000
001001026000008620200406676466120000000000000000000000000000000000000000000000020390458400100100000
001001026000008620200506676466180000000000000000000000000000000000000000000000020390458400100100000
001001026000008620200406676496220000000000000000000000000000000000000000000000020390458400100000000
001001026000008620200306676496270000000000000000000000000000000000000000000000020390458400100000000
010001000000000000000000000000000000086202066764963400500000
001001026000008620200206676497110000000000000000000000000000000000000000000000020390458400100000000
010001000000000000000000000000000000086202066764971800400000
001001026000008620200106676497260000000000000000000000000000000000000000000000020390458400100000000
03400667625183000008620200004T06676251830667625197000008620204584V0000000000000000000004000000100055500000000100000001
03400667620575000008620200005C06676205750667625183000008620204584I0000000000000000000004000000400055500000000100000001
03400667625197000008620200005C06676251970667628481000008620204584V00000000000000000000040000004000555000000001000000010400000040005550000000010000000104000000400055500000000100000001
