1000020260000086260003063600108048971144070013960000
001001026000008626000206676657180000000000000000000000000000000000000000000000000000000000000000000
010001000000000000000000000000000000086260066766573400100000
0350010667665738888517410000125500000001020000
010001000000000000000000000000000000086260066766573800200000
001001026000008626000306676657450000000000000000000000000000000000000000000000000000000000000000000
001001026000008626000406676657510000000000000000000000000000000000000000000000020290457400100000000
001001026000008626000506676657580000000000000000000000000000000000000000000000020290457400100000000
002011066766656100104088722678000000000029292654800400001001370004650004650004650000000000000000000100000001000000862600000000000000000000000000000000000000000000000000000000000000000000000000000000000000000000000006360010804897114407001396000000
002011066766656800104086137531000000000023789676240400001002200004650004650004650000000000000000000100000001000000862600000000000000000000000000000000000000000000000000000000000000000000000000000000000000000000000006360010804897114407001396000000
002011066766658900109125902851000000000001094733520100001015870004650004650004650000000000000000000100000001000000862600000000000000000000000000000000000000000000000000000000000000000000000000010000000000000000000106360010804897114407001396000000
002011066766778600104157316483000000000024021118160400001021630004650004650004650000000000000000000100000001000000862600000000000000000000000000000000000000000000000000000000000000000000000000000000000000000000000006360010804897114407001396000000
002011066766779400117055605275000000000042397546630400001011580004650004650004650000000000000000000100000001000000862600000000000000000000000000000000000000000000000000000000000000000000000000000000000000000000000006360010804897114407001396000000
002011066766840900104165135999000000000024075408080400001009310004650004650004650000000000000000000100000001000000862600000000000000000000000000000000000000000000000000000000000000000000000000000000000000000000000006360010804897114407001396000000
00300104000010000500023250000086260000000000000000000000000000000000000000000000006676696480000
00300101000010000100004650000086260000000000000000000000000000000000000000000000006676696480000
001001026000008626000406676696480000000000000000000000000000000000000000000000020290457400100100000
001001026000008626000506676696540000000000000000000000000000000000000000000000020290457400100100000
002011066767002400104088459403000000000029315410640400001000790004650004650004650000000000000000000100000001000000862600000000000000000000000000000000000000000000000000000000000000000000000000000000000000000000000006360010804897114407001396000000
002011066767008100104151175471000000000023853916880400001003000004650004650004650000000000000000000100000001000000862600000000000000000000000000000000000000000000000000000000000000000000000000000000000000000000000006360010804897114407001396000000
002011066767014200117058478614000000000010627836970400001023970004650004650004650000000000000000000100000001000000862600000000000000000000000000000000000000000000000000000000000000000000000000000000000000000000000006360010804897114407001396000000
002011066767020800104152754636000000000024932514000400001036000004650004650004650000000000000000000100000001000000862600000000000000000000000000000000000000000000000000000000000000000000000000000000000000000000000006360010804897114407001396000000
002011066767022200104164855637000000000024373791440400001093870004650004650004650000000000000000000100000001000000862600000000000000000000000000000000000000000000000000000000000000000000000000000000000000000000000006360010804897114407001396000000
005001066767092001503003115952000000000005723837790612015002140000
00300104000010000500023250000086260000000000000000000000000000000000000000000000006676724600000
001001026000008626000406676724600000000000000000000000000000000000000000000000020290457400100000000
001001026000008626000506676735130000000000000000000000000000000000000000000000020290457400100000000
002011066767476400109106635141000000000013296197840100001006500004650004650004650000000000000000000100000001000000862600000000000000000000000000000000000000000000000000000000000000000000000000000000000000000000000006360010804897114407001396000000
002011066767555400104151908672000000000025337946320400001012000004650004650004650000000000000000000100000001000000862600000000000000000000000000000000000000000000000000000000000000000000000000000000000000000000000006360010804897114407001396000000
002011066767555900104162918216000000000017649802960400001024410004650004650004650000000000000000000100000001000000862600000000000000000000000000000000000000000000000000000000000000000000000000000000000000000000000006360010804897114407001396000000
00300101000010000100004650000086260000000000000000000000000000000000000000000000006676765290000
00300104000010000200009300000086260000000000000000000000000000000000000000000000006676765290000
001001026000008626000406676765290000000000000000000000000000000000000000000000020290457400100100000
001001026000008626000506676765350000000000000000000000000000000000000000000000020290457400100100000
005001066767672800305000319946000000000035114722131001003000150000
005001066767673100305000319946000000000035114722130710003002140000
002011066767673200305000319946000000000035114722130400001025020004650004650004650000000000000000000100000001000000862600000000000000000000000000000000000000000000000000000000000000000000019300000000000000000000000006360010804897114407001396000000
002011066767673700104151662231000000000026117509840400001034740004650004650004650000000000000000000100000001000000862600000000000000000000000000000000000000000000000000000000000000000000000000000000000000000000000006360010804897114407001396000000
002011066767678800104149983281000000000025936661200400001002750004650004650004650000000000000000000100000001000000862600000000000000000000000000000000000000000000000000000000000000000000000000000000000000000000000006360010804897114407001396000000
002011066767679600104088149323000000000017368277200400001006270004650004650004650000000000000000000100000001000000862600000000000000000000000000000000000000000000000000000000000000000000000000000000000000000000000006360010804897114407001396000000
002011066767692100104086309471000000000023612729040400001009130004650004650004650000000000000000000100000001000000862600000000000000000000000000000000000000000000000000000000000000000000000000000000000000000000000006360010804897114407001396000000
002011066767693300117044227721000000000031647585480400001017770004650004650004600004600008550000000100000001000000862600000000000000000000000000000000000000000000000100000000000000000000300000000000000000000000000006360010804897114407001396000000
002011066767726200104164573241000000000024343173840400001018330004650004650004650000000000000000000100000001000000862600000000000000000000000000000000000000000000000000000000000000000000000000000000000000000000000006360010804897114407001396000000
005001066767776200304005340341000000000015443331220800003002140000
002011066767819700104151046646000000000024722366160400001000500004650004650004650000000000000000000100000001000000862600000000000000000000000000000000000000000000000000000000000000000000000000000000000000000000000006360010804897114407001396000000
00300104000010000800037200000086260000000000000000000000000000000000000000000000006676794380000
001001026000008626000406676794380000000000000000000000000000000000000000000000020290457400100000000
001001026000008626000306676794430000000000000000000000000000000000000000000000020290457400100000000
010001009010000001784900000121610000086260066767944900510000
001001026000008626000206676794570000000000000000000000000000000000000000000000020290457400100000000
010001009010000001784900000121610000086260066767946200410000
001001026000008626000106676794690000000000000000000000000000000000000000000000020290457400100000000
03400667665758000008626000005C06676657580667669648000008626004574I000000000000000000000100000020004650000000010000000104000000700046500000000100000001
03400667669654000008626000005C06676696540667672460000008626004574V000000000000000000000400000120004650000000010000000104000001200046500000000100000001040000012000465000000001000000010400000120004650000000010000000104000001200046500000000100000001
