1000020260000086095003063600113503259857410026910000
0450010000000002000000000106675733480000
001001026000008609500206676376600000000000000000000000000000000000000000000000000000000000000000000
010001000000000000000000000000000000086095066763767200100000
0350010667637676252814010000036500000002020000
010001000000000000000000000000000000086095066763767700200000
001001026000008609500306676376860000000000000000000000000000000000000000000000000000000000000000000
001001026000008609500406676376930000000000000000000000000000000000000000000000020290457400100000000
001001026000008609500506676379370000000000000000000000000000000000000000000000020290457400100000000
002011066763845900104086032992000000000017980209360400001002740004650004650004650000000000000000000100000001000000860950000000000000000000000000000000000000000000000000000000000000000000000000000000000000000000000006360011350325985741002691000000
002011066763846400104163711232000000000017785521360400001044000004650004650004650000000000000000000100000001000000860950000000000000000000000000000000000000000000000000000000000000000000000000000000000000000000000006360011350325985741002691000000
00300104000010000200009300000086095000000000000000000000000000000000000000000000006676408300000
001001026000008609500406676408300000000000000000000000000000000000000000000000020290457400100100000
001001026000008609500506676408370000000000000000000000000000000000000000000000020290457400100100000
002011066764182600104089357132000000000033303406800400001001300004650004650004650000000000000000000100000001000000860950000000000000000000000000000000000000000000000000000000000000000000000000000000000000000000000006360011350325985741002691000000
00300104000010000100004650000086095000000000000000000000000000000000000000000000006676428010000
001001026000008609500406676428010000000000000000000000000000000000000000000000020290457400100000000
001001026000008609500506676439810000000000000000000000000000000000000000000000020290457400100000000
001001026000008609500406676472390000000000000000000000000000000000000000000000020290457400100100000
001001026000008609500506676472450000000000000000000000000000000000000000000000020290457400100100000
002011066764726100104087460122000000000015289897680400001005440004650004650004650000000000000000000100000001000000860950000000000000000000000000000000000000000000000000000000000000000000000000000000000000000000000006360011350325985741002691000000
002011066764727400104089495594000000000033353846480400001002820004650004650004650000000000000000000100000001000000860950000000000000000000000000000000000000000000000000000000000000000000000000000000000000000000000006360011350325985741002691000000
002011066764728400104150892942000000000023820375760400001002520004650004650004650000000000000000000100000001000000860950000000000000000000000000000000000000000000000000000000000000000000000000000000000000000000000006360011350325985741002691000000
002011066764771800104087877503000000000016626698960400001003540004650004650004650000000000000000000100000001000000860950000000000000000000000000000000000000000000000000000000000000000000000000000000000000000000000006360011350325985741002691000000
00300104000010000400018600000086095000000000000000000000000000000000000000000000006676494750000
001001026000008609500406676494750000000000000000000000000000000000000000000000020290457400100000000
001001026000008609500306676494840000000000000000000000000000000000000000000000020290457400100000000
010001000000000000000000000000000000086095066764949100500000
001001026000008609500206676494990000000000000000000000000000000000000000000000020290457400100000000
010001000000000000000000000000000000086095066764954100400000
001001026000008609500106676495490000000000000000000000000000000000000000000000020290457400100000000
03400667637937000008609500005C06676379370667640830000008609504574I0000000000000000000004000000200046500000000100000001
03400667640837000008609500005C06676408370667642801000008609504574V0000000000000000000004000000500046500000000100000001
