1000020260000086150003002185163227835993980038920000
001001026000008615000206676192340000000000000000000000000000000000000000000000020350458000100100000
010001000000000000000000000000000000086150066761925100100000
0350010667619260157364870000024000000001020000
010001000000000000000000000000000000086150066761926000200000
001001026000008615000306676192670000000000000000000000000000000000000000000000020350458000100100000
001001026000008615000206676192730000000000000000000000000000000000000000000000020350458000100100000
001001026000008615000306676192790000000000000000000000000000000000000000000000020350458000100100000
001001026000008615000406676192870000000000000000000000000000000000000000000000020350458000100000000
001001026000008615000506676215370000000000000000000000000000000000000000000000020350458000100000000
005001066762314700104152687025000000000026206889681022001000150000
002011066762336400104088198073000000000015957092560400001008400005550005550005550000000000000000000100000001000000861500000000000000000000000000000000000000000000000000000000000000000000000000000000000000000000000000218516322783599398003892000000
002011066762352400104152740881000000000024819052240400001039390005550005550005550000000000000000000100000001000000861500000000000000000000000000000000000000000000000000000000000000000000000000000000000000000000000000218516322783599398003892000000
002011066762364100117048030874000000000013348472220400001021020005550005550005550000000000000000000100000001000000861500000000000000000000000000000000000000000000000000000000000000000000000000000000000000000000000000218516322783599398003892000000
002011066762365300104166547671000000000024146896080400001010130005550005550005550000000000000000000100000001000000861500000000000000000000000000000000000000000000000000000000000000000000000000000000000000000000000000218516322783599398003892000000
00300104000010000400022200000086150000000000000000000000000000000000000000000000006676269810000
001001026000008615000406676269810000000000000000000000000000000000000000000000020350458000100100000
001001026000008615000506676269870000000000000000000000000000000000000000000000020350458000100100000
002011066762699500104156572321000000000024858082000400001000530005550005550005550000000000000000000100000001000000861500000000000000000000000000000000000000000000000000000000000000000000000000000000000000000000000000218516322783599398003892000000
002011066762700800104165087684000000000022934326480400001042980005550005550005550000000000000000000100000001000000861500000000000000000000000000000000000000000000000000000000000000000000000000000000000000000000000000218516322783599398003892000000
002011066762899100104068517939000000000035892707440400001014230005550005550005550000000000000000000100000001000000861500000000000000000000000000000000000000000000000000000000000000000000000000000000000000000000000000218516322783599398003892000000
00300104000010000300016650000086150000000000000000000000000000000000000000000000006676313490000
001001026000008615000406676313490000000000000000000000000000000000000000000000020350458000100000000
001001026000008615000506676313550000000000000000000000000000000000000000000000020350458000100000000
005001066763197400104089411641000000000033325957840400001000360000
002011066763197400104089411641000000000033325957840400001003520005550005550005550000000000000000000100000001000000861500000000000000000000000000000000000000000000000000000000000000000000000000000000000000000000000000218516322783599398003892000000
002011066763225100104164856821000000000022777795280400001028560005550005550005550000000000000000000100000001000000861500000000000000000000000000000000000000000000000000000000000000000000000000000000000000000000000000218516322783599398003892000000
002011066763250100117057249964000000000006465659530400001007550005550005550005550000000000000000000100000001000000861500000000000000000000000000000000000000000000000000000000000000000000000000000000000000000000000000218516322783599398003892000000
002011066763375800104087690501000000000017083390160400001005100005550005550005550000000000000000000100000001000000861500000000000000000000000000000000000000000000000000000000000000000000000000000000000000000000000000218516322783599398003892000000
00300104000010000400022200000086150000000000000000000000000000000000000000000000006676348750000
001001026000008615000406676348750000000000000000000000000000000000000000000000020350458000100100000
001001026000008615000506676358210000000000000000000000000000000000000000000000020350458000100100000
005001066763584801503002152463000000000008836466110612015002140000
002011066763618500104088516131000000000028081442000400001002800005550005550005550000000000000000000100000001000000861500000000000000000000000000000000000000000000000000000000000000000000000000000000000000000000000000218516322783599398003892000000
00300104000010000100005550000086150000000000000000000000000000000000000000000000006676394530000
001001026000008615000406676394530000000000000000000000000000000000000000000000020350458000100000000
001001026000008615000506676394600000000000000000000000000000000000000000000000020350458000100000000
002011066764097400104151306613000000000025779108560400001020530005550005550005550000000000000000000100000001000000861500000000000000000000000000000000000000000000000000000000000000000000000000000000000000000000000000218516322783599398003892000000
00300104000010000100005550000086150000000000000000000000000000000000000000000000006676436920000
001001026000008615000406676436920000000000000000000000000000000000000000000000020350458000100100000
001001026000008615000306676437040000000000000000000000000000000000000000000000020350458000100100000
010001000000000000000000000000000000086150066764372400500000
001001026000008615000206676437320000000000000000000000000000000000000000000000020350458000100100000
010001000000000000000000000000000000086150066764373800400000
001001026000008615000106676437460000000000000000000000000000000000000000000000020350458000100100000
03400667621537000008615000005C06676215370667626981000008615004580I0000000000000000000004000000900055500000000100000001
03400667626987000008615000005C06676269870667631349000008615004580V00000000000000000000040000004000555000000001000000010400000040005550000000010000000104000000400055500000000100000001
