1000020260000086173003063600108048651626490022590000
001001026000008617300206676185380000000000000000000000000000000000000000000000000000000000000000000
010001000000000000000000000000000000086173066761855100100000
0350010667618555389092810000116800000001020000
010001000000000000000000000000000000086173066761855500200000
001001026000008617300306676185620000000000000000000000000000000000000000000000000000000000000000000
001001026000008617300206676185660000000000000000000000000000000000000000000000000000000000000000000
001001026000008617300306676185730000000000000000000000000000000000000000000000000000000000000000000
001001026000008617300406676185790000000000000000000000000000000000000000000000020290457400100000000
001001026000008617300506676185870000000000000000000000000000000000000000000000020290457400100000000
001001026000008617300406676190090000000000000000000000000000000000000000000000020290457400100100000
001001026000008617300306676190150000000000000000000000000000000000000000000000020290457400100100000
001001026000008617300406676191520000000000000000000000000000000000000000000000020290457400100000000
001001026000008617300506676191590000000000000000000000000000000000000000000000020290457400100000000
005001066761925700104089488466000000000031542725841023001002300000
002011066761926000104089488466000000000031542725840400001001610004650004650004650000000000000000000100000001000000861730000000000000000000000000000000000000000000000000000000000000000000000000000000000000000000000006360010804865162649002259000000
002011066761944300117045818951000000000011837283570400001029730004650004650004650000000000000000000100000001000000861730000000000000000000000000000000000000000000000000000000000000000000000000000000000000000000000006360010804865162649002259000000
002011066761980200104164924591000000000024339241680400001044570004650004650004650000000000000000000100000001000000861730000000000000000000000000000000000000000000000000000000000000000000000000000000000000000000000006360010804865162649002259000000
002011066762039800104079630031000000000013918993530400001029180004650004650004650000000000000000000100000001000000861730000000000000000000000000000000000000000000000000000000000000000000019300000000000000000000000006360010804865162649002259000000
002011066762045900104151252191000000000023878311120400001001610004650004650004650000000000000000000100000001000000861730000000000000000000000000000000000000000000000000000000000000000000000000000000000000000000000006360010804865162649002259000000
002011066762046600104082811393000000000002330788560400001016550004650004650004650000000000000000000100000001000000861730000000000000000000000000000000000000000000000000000000000000000000000000000000000000000000000006360010804865162649002259000000
002011066762087900104165132531000000000017697352400400001084020004650004650004650000000000000000000100000001000000861730000000000000000000000000000000000000000000000000000000000000000000000000000000000000000000000006360010804865162649002259000000
00300104000010000700032550000086173000000000000000000000000000000000000000000000006676212660000
001001026000008617300406676212660000000000000000000000000000000000000000000000020290457400100100000
001001026000008617300306676212710000000000000000000000000000000000000000000000020290457400100100000
001001026000008617300206676212780000000000000000000000000000000000000000000000020290457400100100000
010001000000000000000000000000000000086173066762128500400000
010001000000000000000000000000000000086173066762128900500000
001001026000008617300106676213330000000000000000000000000000000000000000000000024972802500100100000
