1000020260000086106003002185163227828078190030250000
0450010000000000000000000106657487600000
0450010000000000000000000106659601600000
0450010000000000000000000106663622440000
0450010000000000000000000106670328690000
0450010000000000000000000106670362910000
0450010000000000000000000106672498300000
0450010000000000000000000106673325960000
0450010000000000000000000106674581110000
0450010000000000000000000106674645260000
0450010000000002000000000106674658130000
0450010000000002000000000106674671010000
0450010000000002000000000106674683880000
0450010000000002000000000106674696760000
0450010000000002000000000106674709550000
0450010000000002000000000106674722500000
0450010000000002000000000106674735180000
0450010000000002000000000106674748080000
0450010000000002000000000106675239930000
0450010000000002000000000106676099830000
001001026000008610600206676169630000000000000000000000000000000000000000000000020410458600100000000
010001000000000000000000000000000000086106066761697700100000
0350010667616981658742460000067000000002020000
010001000000000000000000000000000000086106066761698200200000
001001026000008610600306676169880000000000000000000000000000000000000000000000020410458600100000000
001001026000008610600406676169940000000000000000000000000000000000000000000000020410458600100000000
001001026000008610600306676170020000000000000000000000000000000000000000000000020410458600100000000
001001026000008610600406676182920000000000000000000000000000000000000000000000020410458600100100000
001001026000008610600506676183010000000000000000000000000000000000000000000000020410458600100100000
001001026000008610600406676198990000000000000000000000000000000000000000000000020410458600100000000
001001026000008610600506676205160000000000000000000000000000000000000000000000020410458600100000000
002011066762114800104157577112000000000024642146000400001000100005550005550005550000000000000000000100000001000000861060000000000000000000000000000000000000000000000000000000000000000000000000000000000000000000000000218516322782807819003025000000
002011066762193000104083098178000000000011717463760400001014660005550005550005550000000000000000000100000001000000861060000000000000000000000000000000000000000000000000000000000000000000000000000000000000000000000000218516322782807819003025000000
002011066762214700104167510011000000000023535207120400001028170005550005550005550000000000000000000100000001000000861060000000000000000000000000000000000000000000000000000000000000000000000000000000000000000000000000218516322782807819003025000000
002011066762220100117050393288000000000024630383410400001024340005550005550005550000000000000000000100000001000000861060000000000000000000000000000000000000000000000000000000000000000000000000000000000000000000000000218516322782807819003025000000
002011066762228400104152805737000000000026203121360400001037670005550005550005550000000000000000000100000001000000861060000000000000000000000000000000000000000000000000000000000000000000000000000000000000000000000000218516322782807819003025000000
002011066762234700119010038033000000000013922134970400001009320005550005550005550000000000000000000100000001000000861060000000000000000000000000000000000000000000000000000000000000000000000000000000000000000000000000218516322782807819003025000000
002011066762235600109080085998000000000005552515280100001011830005550005550005550000000000000000000100000001000000861060000000000000000000000000000000000000000000000000000000000000000000000000010000000000000000000500218516322782807819003025000000
005001066762236700104156684233000000000026917425360400001000150000
005001066762236700104156684233000000000026917425360400001000150000
002011066762236900104156684233000000000026917425360400001001380005550005550005550000000000000000000100000001000000861060000000000000000000000000000000000000000000000000000000000000000000000000000000000000000000000000218516322782807819003025000000
002011066762253100104081917112000000000003909018320400001009630005550005550005550000000000000000000100000001000000861060000000000000000000000000000000000000000000000000000000000000000000000000000000000000000000000000218516322782807819003025000000
00300104000010000800044400000086106000000000000000000000000000000000000000000000006676237650000
00300101000010000100005550000086106000000000000000000000000000000000000000000000006676237650000
001001026000008610600406676237650000000000000000000000000000000000000000000000020410458600100100000
001001026000008610600306676237940000000000000000000000000000000000000000000000020410458600100100000
001001026000008610600206676237980000000000000000000000000000000000000000000000020410458600100100000
010001000000000000000000000000000000086106066762380300400000
010001000000000000000000000000000000086106066762380800500000
010001000000000000000000000000000000086106066762448400100000
0350010667624487658742460000067000000003020000
010001000000000000000000000000000000086106066762448700200000
001001026000008610600306676244930000000000000000000000000000000000000000000000020350458000100100000
001001026000008610600406676245100000000000000000000000000000000000000000000000020350458000100100000
001001026000008610600506676252070000000000000000000000000000000000000000000000020350458000100100000
002011066762596300117037596898000000000024973635680400001007790005550005550004500004500008550000000100000001000000861060000000000000000000000000000000000000000000000100000000000000000000300000000000000000000000000000218516322782807819003025000000
002011066762621500117060071909000000000025108800970400001024300005550005550005550000000000000000000100000001000000861060000000000000000000000000000000000000000000000000000000000000000000000000000000000000000000000000218516322782807819003025000000
002011066762677500104164715088000000000023305017040400001035990005550005550005550000000000000000000100000001000000861060000000000000000000000000000000000000000000000000000000000000000000000000000000000000000000000000218516322782807819003025000000
00300104000010000300016650000086106000000000000000000000000000000000000000000000006676284870000
001001026000008610600406676284870000000000000000000000000000000000000000000000020350458000100000000
001001026000008610600506676293430000000000000000000000000000000000000000000000020350458000100000000
002011066763018100109069169595000000000015026645200100001004010005550005550005550000000000000000000100000001000000861060000000000000000000000000000000000000000000000000000000000000000000000000000000000000000000000000218516322782807819003025000000
002011066763049800104076456617000000000013350837180400001014460005550005550005550000000000000000000100000001000000861060000000000000000000000000000000000000000000000000000000000000000000019300000000000000000000000000218516322782807819003025000000
002011066763056400104083274651000000000011713833680400001007820005550005550005550000000000000000000100000001000000861060000000000000000000000000000000000000000000000000000000000000000000000000000000000000000000000000218516322782807819003025000000
002011066763094500104083151451000000000008885358800400001007850005550005550005550000000000000000000100000001000000861060000000000000000000000000000000000000000000000000000000000000000000000000000000000000000000000000218516322782807819003025000000
002011066763130400104163088276000000000014894820560400001032030005550005550005550000000000000000000100000001000000861060000000000000000000000000000000000000000000000000000000000000000000000000000000000000000000000000218516322782807819003025000000
005001066763213100304005276181000000000010636348020800003002140000
005001066763213300304005276181000000000010636348020800003002140000
005001066763213600304005276181000000000010636348020800003002140000
00300101000010000100005550000086106000000000000000000000000000000000000000000000006676328400000
00300104000010000400022200000086106000000000000000000000000000000000000000000000006676328400000
001001026000008610600406676328400000000000000000000000000000000000000000000000020350458000100100000
001001026000008610600506676341600000000000000000000000000000000000000000000000020350458000100100000
001001026000008610600406676371340000000000000000000000000000000000000000000000020350458000100000000
001001026000008610600306676374740000000000000000000000000000000000000000000000020350458000100000000
001001026000008610600206676374790000000000000000000000000000000000000000000000020350458000100000000
010001000000000000000000000000000000086106066763748300400000
010001000000000000000000000000000000086106066763748800500000
001001026000008610600106676374990000000000000000000000000000000000000000000000020350458000100000000
03400667620516000008610600005C06676205160667623765000008610604586I000000000000000000000100000020005550000000010000000104000001200055500000000100000001
