1000020260000086046003002185163227824212750032210000
001001026000008604600206676603710000000000000000000000000000000000000000000000000000000000000000000
010001000000000000000000000000000000086046066766038900100000
0350010667660394872344210000038400000001020000
010001000000000000000000000000000000086046066766039400200000
001001026000008604600306676604010000000000000000000000000000000000000000000000000000000000000000000
001001026000008604600406676604100000000000000000000000000000000000000000000000020350458000100100000
002011066766153800104165910607000000000024262142160400001102140005550005550005550000000000000000000100000001000000860460000000000000000000000000000000000000000000000000000000000000000000000000000000000000000000000000218516322782421275003221000000
00300104000010000100005550000086046000000000000000000000000000000000000000000000006676615420000
001001026000008604600506676615420000000000000000000000000000000000000000000000020350458000100100000
002011066766154400117055959141000000000037865924390400001033830005550005550004500004500008550000000100000001000000860460000000000000000000000000000000000000000000000100000000000000000000300000000000000000000000000000218516322782421275003221000000
002011066766156000109018973273000000000029226924240100001006910005550005550000000000000008550000000100000001000000860460000000000000000000000000000000000000000000000100000000000000000000300000000000000000000000000000218516322782421275003221000000
002011066766234200119007416421000000000041221435080400001028910005550005550005550000000000000000000100000001000000860460000000000000000000000000000000000000000000000000000000000000000000000000000000000000000000000000218516322782421275003221000000
002011066766235200104164328343000000000022892682960400001050170005550005550005550000000000000000000100000001000000860460000000000000000000000000000000000000000000000000000000000000000000000000000000000000000000000000218516322782421275003221000000
002011066766364100104152374248000000000024093215440400001017850005550005550005550000000000000000000100000001000000860460000000000000000000000000000000000000000000000000000000000000000000000000000000000000000000000000218516322782421275003221000000
00300104000010000400022200000086046000000000000000000000000000000000000000000000006676649460000
00300101000010000100005550000086046000000000000000000000000000000000000000000000006676649460000
001001026000008604600406676649460000000000000000000000000000000000000000000000020350458000100000000
001001026000008604600506676655710000000000000000000000000000000000000000000000020350458000100000000
002011066766784100104088372571000000000027149970640400001001900005550005550005550000000000000000000100000001000000860460000000000000000000000000000000000000000000000000000000000000000000000000000000000000000000000000218516322782421275003221000000
002011066766784800104152736621000000000026859932880400001088910005550005550005550000000000000000000100000001000000860460000000000000000000000000000000000000000000000000000000000000000000000000000000000000000000000000218516322782421275003221000000
00300104000010000200011100000086046000000000000000000000000000000000000000000000006676695830000
001001026000008604600406676695830000000000000000000000000000000000000000000000020350458000100100000
001001026000008604600506676704060000000000000000000000000000000000000000000000020350458000100100000
002011066767041700104165602759000000000017794419920400001094730005550005550004500004500008550000000100000001000000860460000000000000000000000000000000000000000000000100000000000000000000300000000000000000000000000000218516322782421275003221000000
002011066767042600104162660901000000000025174682320400001023870005550005550005550000000000000000000100000001000000860460000000000000000000000000000000000000000000000000000000000000000000000000000000000000000000000000218516322782421275003221000000
002011066767081900104030604036000000000022487987640400001059020005550005550005550000000000000000000100000001000000860460000000000000000000000000000000000000000000000000000000000000000000000000000000000000000000000000218516322782421275003221000000
002011066767120000104166012581000000000023491533520400001021460005550005550004500004500008550000000100000001000000860460000000000000000000000000000000000000000000000100000000000000000000300000000000000000000000000000218516322782421275003221000000
00300104000010000400022200000086046000000000000000000000000000000000000000000000006676738300000
001001026000008604600406676738300000000000000000000000000000000000000000000000020350458000100000000
001001026000008604600506676755930000000000000000000000000000000000000000000000020350458000100000000
002011066767753600104164715096000000000023296041680400001009330005550005550005550000000000000000000100000001000000860460000000000000000000000000000000000000000000000000000000000000000000000000000000000000000000000000218516322782421275003221000000
00300104000010000100005550000086046000000000000000000000000000000000000000000000006676794510000
001001026000008604600406676794510000000000000000000000000000000000000000000000020350458000100100000
001001026000008604600506676801320000000000000000000000000000000000000000000000020350458000100100000
002011066768013900117048448861000000000015010919730400001026220005550005550004500004500008550000000100000001000000860460000000000000000000000000000000000000000000000100000000000000000000300000000000000000000000000000218516322782421275003221000000
002011066768017600104151907269000000000024742769360400001017950005550005550004500004500008550000000100000001000000860460000000000000000000000000000000000000000000000100000000000000000000300000000000000000000000000000218516322782421275003221000000
002011066768020500104149981163000000000026112057040400001008570005550005550004500004500008550000000100000001000000860460000000000000000000000000000000000000000000000100000000000000000000300000000000000000000000000000218516322782421275003221000000
0450010000000000000000000506676803860000
002011066768057400104153079355000000000026374986960400001018120005550005550003100004500008550000000100000001000000860460000000000000000000000000000000000000000000000100000000000000000000300000000000000000000000000000218516322782421275003221000000
002011066768057400104153079355000000000026374986960400001018120005550005550001400004500008550000000100000001000000860460000000000000000000000000000000000000000000000100000000000000000000300000000000000000000000000000218516322782421275003221000000
00300104000010000400022200000086046000000000000000000000000000000000000000000000006676833090000
001001026000008604600406676833090000000000000000000000000000000000000000000000020350458000100100000
001001026000008604600306676833160000000000000000000000000000000000000000000000020350458000100100000
010001000000000000000000000000000000086046066768444900500000
001001026000008604600206676844580000000000000000000000000000000000000000000000020350458000100100000
010001000000000000000000000000000000086046066768446400400000
001001026000008604600106676844720000000000000000000000000000000000000000000000020350458000100100000
03400667660410000008604600004T06676604100667661542000008604604580V0000000000000000000004000000100055500000000100000001
03400667665571000008604600005C06676655710667669583000008604604580I0000000000000000000004000000300055500000000100000001
03400667661542000008604600005C06676615420667664946000008604604580V000000000000000000000100000010000001000000010000000104000000500055500000000100000001040000006000450100000001000000010400000060004501000000010000000104000000600045010000000100000001
