1000020260000086105003002185163227835988860038870000
001001026000008610500206676162420000000000000000000000000000000000000000000000020410458600100000000
010001000000000000000000000000000000086105066761626200100000
0350010667616267658742460000067000000001020000
010001000000000000000000000000000000086105066761626700200000
001001026000008610500306676162740000000000000000000000000000000000000000000000020410458600100000000
001001026000008610500206676164540000000000000000000000000000000000000000000000020410458600100000000
010001000000000000000000000000000000086105066761646200400000
010001000000000000000000000000000000086105066761646600500000
001001026000008610500106676164720000000000000000000000000000000000000000000000020410458600100000000
