1000020260000086173003063600108048651626490022610000
001001026000008617300206676250110000000000000000000000000000000000000000000000020290457400100000000
010001000000000000000000000000000000086173066762502800100000
0350010667625032389092810000116800000003020000
010001000000000000000000000000000000086173066762503200200000
001001026000008617300306676250400000000000000000000000000000000000000000000000020290457400100000000
001001026000008617300406676250460000000000000000000000000000000000000000000000020290457400100000000
001001026000008617300506676257890000000000000000000000000000000000000000000000020290457400100000000
005001066762580300104086129341000000000023676972241023001002300000
002011066762580500104086129341000000000023676972240400001004400004650004650004650000000000000000000100000001000000861730000000000000000000000000000000000000000000000000000000000000000000000000000000000000000000000006360010804865162649002261000000
002011066762657700109076336388000000000028960266960100001000640004650004650004650000000000000000000100000001000000861730000000000000000000000000000000000000000000000000000000000000000000000000000000000000000000000006360010804865162649002261000000
005001066762676700109108831532000000000016493765841023001002300000
002011066762677000109108831532000000000016493765840100001003700004650004650004650000000000000000000100000001000000861730000000000000000000000000000000000000000000000000000000000000000000000000000000000000000000000006360010804865162649002261000000
002011066762722100104151662411000000000025836675280400001047390004650004650004650000000000000000000100000001000000861730000000000000000000000000000000000000000000000000000000000000000000000000000000000000000000000006360010804865162649002261000000
002011066762722900104084003821000000000004992712400400001005300004650004650004250000000000000000000100000001000000861730000000000000000000000000000000000000000000000000000000000000000000000000000000000000000000000006360010804865162649002261000000
002011066762722900104084003821000000000004992712400400001005300004650004650000400000000000000000000100000001000000861730000000000000000000000000000000000000000000000000000000000000000000000000000000000000000000000006360010804865162649002261000000
002011066762724400104164394885000000000023270111440400001010660004650004650004650000000000000000000100000001000000861730000000000000000000000000000000000000000000000000000000000000000000000000000000000000000000000006360010804865162649002261000000
00300104000010000400018600000086173000000000000000000000000000000000000000000000006676282690000
00300101000010000200009300000086173000000000000000000000000000000000000000000000006676282690000
001001026000008617300406676282690000000000000000000000000000000000000000000000020290457400100100000
001001026000008617300306676282750000000000000000000000000000000000000000000000020290457400100100000
001001026000008617300406676293460000000000000000000000000000000000000000000000020290457400100100000
001001026000008617300506676293530000000000000000000000000000000000000000000000020290457400100100000
005001066762998500304005259021000000000025235726660800003002140000
001001026000008617300406676317170000000000000000000000000000000000000000000000020290457400100000000
001001026000008617300306676317230000000000000000000000000000000000000000000000020290457400100000000
001001026000008617300406676324520000000000000000000000000000000000000000000000020290457400100000000
001001026000008617300506676330100000000000000000000000000000000000000000000000020290457400100000000
005001066763437700104157048021000000000026802317521023001002300000
005001066763437900104157048021000000000026802317521023001002300000
005001066763438100104157048021000000000026802317521023001002300000
001001026000008617300406676353800000000000000000000000000000000000000000000000020290457400100100000
001001026000008617300506676363510000000000000000000000000000000000000000000000020290457400100100000
002011066763671100104089590211000000000027151903440400001002560004650004650004650000000000000000000100000001000000861730000000000000000000000000000000000000000000000000000000000000000000000000000000000000000000000006360010804865162649002261000000
002011066763737000104149942826000000000025897723600400001004940004650004650004650000000000000000000100000001000000861730000000000000000000000000000000000000000000000000000000000000000000000000000000000000000000000006360010804865162649002261000000
002011066763800700104164392432000000000023031135440400001014560004650004650004650000000000000000000100000001000000861730000000000000000000000000000000000000000000000000000000000000000000000000000000000000000000000006360010804865162649002261000000
00300104000010000300013950000086173000000000000000000000000000000000000000000000006676397160000
001001026000008617300406676397160000000000000000000000000000000000000000000000020290457400100000000
001001026000008617300306676397200000000000000000000000000000000000000000000000020290457400100000000
001001026000008617300206676397250000000000000000000000000000000000000000000000020290457400100000000
010001000000000000000000000000000000086173066763973000400000
010001000000000000000000000000000000086173066763973500500000
001001026000008617300106676397450000000000000000000000000000000000000000000000020290457400100000000
03400667625789000008617300005C06676257890667628269000008617304574I0000000000000000000001000000200046500000000100000001040000003000465000000001000000010400000010004250000000010000000104000000100004000000000100000001
