1000020260000086150003002185163227835993980038930000
001001026000008615000206676445300000000000000000000000000000000000000000000000000000000000000000000
010001000000000000000000000000000000086150066764454500100000
0350010667644550111314490000060200000001020000
010001000000000000000000000000000000086150066764455000200000
001001026000008615000306676445570000000000000000000000000000000000000000000000000000000000000000000
001001026000008615000406676445650000000000000000000000000000000000000000000000020350458000100000000
001001026000008615000506676445720000000000000000000000000000000000000000000000020350458000100000000
001001026000008615000406676445790000000000000000000000000000000000000000000000020350458000100100000
001001026000008615000506676445870000000000000000000000000000000000000000000000020350458000100100000
002011066764707000104088381323000000000023458880720400001004360005550005550003000003000008550000000100000001000000861500000000000000000000000000000000000000000000000100000000000000000000300000000000000000000000000000218516322783599398003893000000
002011066764738400117058517555000000000006526315850400001011090005550005550005550000000000000000000100000001000000861500000000000000000000000000000000000000000000000000000000000000000000000000000000000000000000000000218516322783599398003893000000
00300104000010000200011100000086150000000000000000000000000000000000000000000000006676492800000
001001026000008615000406676492800000000000000000000000000000000000000000000000020350458000100000000
001001026000008615000506676492880000000000000000000000000000000000000000000000020350458000100000000
002011066765083300104163073406000000000017688259280400001014940005550005550005550000000000000000000100000001000000861500000000000000000000000000000000000000000000000000000000000000000000000000000000000000000000000000218516322783599398003893000000
002011066765084000104165698217000000000023083413200400001011070005550005550005550000000000000000000100000001000000861500000000000000000000000000000000000000000000000000000000000000000000000000000000000000000000000000218516322783599398003893000000
002011066765084900104086227343000000000017609104080400001005360005550005550005550000000000000000000100000001000000861500000000000000000000000000000000000000000000000000000000000000000000000000000000000000000000000000218516322783599398003893000000
002011066765239600104089068572000000000027150280400400001002260005550005550005550000000000000000000100000001000000861500000000000000000000000000000000000000000000000000000000000000000000000000000000000000000000000000218516322783599398003893000000
00300104000010000400022200000086150000000000000000000000000000000000000000000000006676540580000
001001026000008615000406676540580000000000000000000000000000000000000000000000020350458000100100000
001001026000008615000506676540650000000000000000000000000000000000000000000000020350458000100100000
002011066765591100117049180161000000000020574317810400001035820005550005550005550000000000000000000100000001000000861500000000000000000000000000000000000000000000000000000000000000000000000000000000000000000000000000218516322783599398003893000000
00300104000010000100005550000086150000000000000000000000000000000000000000000000006676584100000
001001026000008615000406676584100000000000000000000000000000000000000000000000020350458000100000000
001001026000008615000506676584170000000000000000000000000000000000000000000000020350458000100000000
001001026000008615000406676597050000000000000000000000000000000000000000000000020350458000100100000
001001026000008615000506676597100000000000000000000000000000000000000000000000020350458000100100000
001001026000008615000406676597150000000000000000000000000000000000000000000000020350458000100000000
001001026000008615000506676597200000000000000000000000000000000000000000000000020350458000100000000
002011066765986200104166731242000000000017023737040400001048980005550005550005550000000000000000000100000001000000861500000000000000000000000000000000000000000000000000000000000000000000019100000000000000000000000000218516322783599398003893000000
002011066766199200104162232373000000000027908741840400001054720005550005550005550000000000000000000100000001000000861500000000000000000000000000000000000000000000000000000000000000000000000000000000000000000000000000218516322783599398003893000000
002011066766200000104162826591000000000019391276240400001047230005550005550005550000000000000000000100000001000000861500000000000000000000000000000000000000000000000000000000000000000000000000000000000000000000000000218516322783599398003893000000
002011066766259700104164359826000000000022927150800400001039970005550005550005550000000000000000000100000001000000861500000000000000000000000000000000000000000000000000000000000000000000000000000000000000000000000000218516322783599398003893000000
00300104000010000400022200000086150000000000000000000000000000000000000000000000006676637720000
001001026000008615000406676637720000000000000000000000000000000000000000000000020350458000100100000
001001026000008615000306676637770000000000000000000000000000000000000000000000020350458000100100000
010001000000000000000000000000000000086150066766378400500000
001001026000008615000206676637970000000000000000000000000000000000000000000000020350458000100100000
010001000000000000000000000000000000086150066766380200400000
001001026000008615000106676638110000000000000000000000000000000000000000000000020350458000100100000
03400667644587000008615000005C06676445870667649280000008615004580V000000000000000000000400000010003001000000010000000104000000200055500000000100000001
