1000020260000086139003063600113589159310620028660000
001001026000008613900206676193650000000000000000000000000000000000000000000000000000000000000000000
010001000000000000000000000000000000086139066761938700100000
0350010667619391395248630000120500000001020000
010001000000000000000000000000000000086139066761939100200000
001001026000008613900306676193980000000000000000000000000000000000000000000000000000000000000000000
001001026000008613900406676206200000000000000000000000000000000000000000000000020290457400100000000
001001026000008613900506676206290000000000000000000000000000000000000000000000020290457400100000000
001001026000008613900406676209090000000000000000000000000000000000000000000000020290457400100100000
001001026000008613900306676209140000000000000000000000000000000000000000000000020290457400100100000
010001000000000000000000000000000000086139066762091900500000
001001026000008613900206676209250000000000000000000000000000000000000000000000020290457400100100000
010001000000000000000000000000000000086139066762093100400000
001001026000008613900106676209400000000000000000000000000000000000000000000000020290457400100100000
