1000020260000086029003002185163227824240900018630000
001001026000008602900206676623980000000000000000000000000000000000000000000000000000000000000000000
010001000000000000000000000000000000086029066766257200100000
0350010667662576252514660000018300000001020000
010001000000000000000000000000000000086029066766257700200000
001001026000008602900306676625840000000000000000000000000000000000000000000000000000000000000000000
001001026000008602900406676631080000000000000000000000000000000000000000000000020340457900100000000
001001026000008602900306676631140000000000000000000000000000000000000000000000020340457900100000000
001001026000008602900406676631220000000000000000000000000000000000000000000000020340457900100100000
001001026000008602900506676631300000000000000000000000000000000000000000000000020340457900100100000
002011066766321200117057424162000000000037344283260400001014610004300004300004300000000000000000000100000001000000860290000000000000000000000000000000000000000000000000000000000000000000000000000000000000000000000000218516322782424090001863000000
002011066766329500104164138341000000000017683738320400001090980004300004300004300000000000000000000100000001000000860290000000000000000000000000000000000000000000000000000000000000000000000000000000000000000000000000218516322782424090001863000000
002011066766333900104165254254000000000022962563280400001024900004300004300004300000000000000000000100000001000000860290000000000000000000000000000000000000000000000000000000000000000000000000000000000000000000000000218516322782424090001863000000
002011066766467600117038232211000000000014710851560400001045970004300004300004300000000000000000000100000001000000860290000000000000000000000000000000000000000000000000000000000000000000000000000000000000000000000000218516322782424090001863000000
00300104000010000400017200000086029000000000000000000000000000000000000000000000006676653920000
001001026000008602900406676653920000000000000000000000000000000000000000000000020340457900100000000
001001026000008602900506676653990000000000000000000000000000000000000000000000020340457900100000000
002011066766542600109126843083000000000002421978320100001006520004300004300004300000000000000000000100000001000000860290000000000000000000000000000000000000000000000000000000000000000000000000000000000000000000000000218516322782424090001863000000
002011066766545000104151543127000000000025688517840400001001400004300004300004300000000000000000000100000001000000860290000000000000000000000000000000000000000000000000000000000000000000000000000000000000000000000000218516322782424090001863000000
002011066766574900104156969971000000000026906565840400001100860004300004300000610000000000000000000100000001000000860290000000000000000000000000000000000000000000000000000000000000000000000000000000000000000000000000218516322782424090001863000000
002011066766574900104156969971000000000026906565840400001100860004300004300003690000000000000000000100000001000000860290000000000000000000000000000000000000000000000000000000000000000000000000000000000000000000000000218516322782424090001863000000
002011066766608400104156234009000000000028482778320400001028450004300004300004300000000000000000000100000001000000860290000000000000000000000000000000000000000000000000000000000000000000000000000000000000000000000000218516322782424090001863000000
00300101000010000100004300000086029000000000000000000000000000000000000000000000006676677070000
00300104000010000300012900000086029000000000000000000000000000000000000000000000006676677070000
001001026000008602900406676677070000000000000000000000000000000000000000000000020340457900100100000
002011066766816000104165143037000000000019401367760400001103020004300004300004300000000000000000000100000001000000860290000000000000000000000000000000000000000000000000000000000000000000000000000000000000000000000000218516322782424090001863000000
002011066766817700104164388681000000000024084849360400001036210004300004300004300000000000000000000100000001000000860290000000000000000000000000000000000000000000000000000000000000000000000000000000000000000000000000218516322782424090001863000000
002011066766819100104088860231000000000029343719120400001003640004300004300004300000000000000000000100000001000000860290000000000000000000000000000000000000000000000000000000000000000000000000000000000000000000000000218516322782424090001863000000
002011066766821200104165699922000000000023188122320400001035540004300004300004300000000000000000000100000001000000860290000000000000000000000000000000000000000000000000000000000000000000000000000000000000000000000000218516322782424090001863000000
002011066766824100109125948205000000000005843820240100001004430004300004300000000000000008550000000100000001000000860290000000000000000000000000000000000000000000000100000000000000000000300000000000000000000000000000218516322782424090001863000000
00300104000010000400017200000086029000000000000000000000000000000000000000000000006676684660000
00300101000010000100004300000086029000000000000000000000000000000000000000000000006676684660000
001001026000008602900506676684660000000000000000000000000000000000000000000000020340457900100100000
005001066766874200104164341579000000000024340708560400001000150000
005001066766874300104164341579000000000024340708560400001000150000
002011066766874600104164341579000000000024340708560400001056010004300004300000000000000008550000000100000001000000860290000000000000000000000000000000000000000000000100000000000000000000300000000000000000000000000000218516322782424090001863000000
002011066766898900117050907061000000000028911888690400001014840004300004300004300000000000000000000100000001000000860290000000000000000000000000000000000000000000000000000000000000000000000000000000000000000000000000218516322782424090001863000000
002011066766924000117051168989000000000028880751410400001013990004300004300004300000000000000000000100000001000000860290000000000000000000000000000000000000000000000000000000000000000000000000000000000000000000000000218516322782424090001863000000
002011066766925200104166054046000000000024451328720400001018350004300004300004300000000000000000000100000001000000860290000000000000000000000000000000000000000000000000000000000000000000000000000000000000000000000000218516322782424090001863000000
002011066766926400104081194846000000000014131037210400001007900004300004300004300000000000000000000100000001000000860290000000000000000000000000000000000000000000000000000000000000000000019300000000000000000000000000218516322782424090001863000000
00300104000010000500021500000086029000000000000000000000000000000000000000000000006676708810000
001001026000008602900406676708810000000000000000000000000000000000000000000000020340457900100000000
002011066767088500117009354923000000000037920920030400001053780004300004300004300000000000000000000100000001000000860290000000000000000000000000000000000000000000000000000000000000000000000000000000000000000000000000218516322782424090001863000000
00300104000010000100004300000086029000000000000000000000000000000000000000000000006676708920000
001001026000008602900506676708920000000000000000000000000000000000000000000000020340457900100000000
005001066767090600104089472829000000000033082028240400001000360000
002011066767103500109007053518000000000010514829520100001011040004300004300004300000000000000000000100000001000000860290000000000000000000000000000000000000000000000000000000000000000000000000000000000000000000000000218516322782424090001863000000
00300101000010000100004300000086029000000000000000000000000000000000000000000000006676729960000
001001026000008602900406676729960000000000000000000000000000000000000000000000020340457900100100000
002011066767327000117056609665000000000039087334140400001016010004300004300004300000000000000000000100000001000000860290000000000000000000000000000000000000000000000000000000000000000000000000000000000000000000000000218516322782424090001863000000
002011066767327700104165190841000000000017705874640400001070110004300004300004300000000000000000000100000001000000860290000000000000000000000000000000000000000000000000000000000000000000000000000000000000000000000000218516322782424090001863000000
002011066767328400104087100584000000000016928794320400001002640004300004300004300000000000000000000100000001000000860290000000000000000000000000000000000000000000000000000000000000000000000000000000000000000000000000218516322782424090001863000000
002011066767329300104165705779000000000023033769680400001035460004300004300004300000000000000000000100000001000000860290000000000000000000000000000000000000000000000000000000000000000000000000000000000000000000000000218516322782424090001863000000
002011066767333900109107613914000000000013741015760100001005560004300004300004300000000000000000000100000001000000860290000000000000000000000000000000000000000000000000000000000000000000000000000000000000000000000000218516322782424090001863000000
002011066767334800104089470249000000000030770069200400001002690004300004300004300000000000000000000100000001000000860290000000000000000000000000000000000000000000000000000000000000000000000000000000000000000000000000218516322782424090001863000000
002011066767337600104156891255000000000026322844880400001026910004300004300000000000000008550000000100000001000000860290000000000000000000000000000000000000000000000100000000000000000000300000000000000000000000000000218516322782424090001863000000
00300104000010000600025800000086029000000000000000000000000000000000000000000000006676734420000
00300101000010000100004300000086029000000000000000000000000000000000000000000000006676734420000
001001026000008602900506676734420000000000000000000000000000000000000000000000020340457900100100000
002011066767374600104166735973000000000023140414160400001028850004300004300004300000000000000000000100000001000000860290000000000000000000000000000000000000000000000000000000000000000000000000000000000000000000000000218516322782424090001863000000
002011066767375500104159087457000000000024695161040400001034470004300004300000000000000008550000000100000001000000860290000000000000000000000000000000000000000000000100000000000000000000300000000000000000000000000000218516322782424090001863000000
002011066767393100104165979135000000000024437837520400001010970004300004300004100004100008550000000100000001000000860290000000000000000000000000000000000000000000000100000000000000000000300000000000000000000000000000218516322782424090001863000000
005001066767428700000000000000000000000024526766800000000000150000
002011066767428900104151668035000000000024526766800400001065170004300004300004300000000000000000000100000001000000860290000000000000000000000000000000000000000000000000000000000000000000000000000000000000000000000000218516322782424090001863000000
005001066767429700000000000000000000000015132268240000000000150000
002011066767430000104086622927000000000015132268240400001014240004300004300004300000000000000000000100000001000000860290000000000000000000000000000000000000000000000000000000000000000000000000000000000000000000000000218516322782424090001863000000
00300104000010000500021500000086029000000000000000000000000000000000000000000000006676756340000
001001026000008602900406676756340000000000000000000000000000000000000000000000020340457900100000000
001001026000008602900506676756460000000000000000000000000000000000000000000000020340457900100000000
002011066767642600109127870068000000000004168072400100001003220004300004300004100004100008550000000100000001000000860290000000000000000000000000000000000000000000000100000000000000000000300000000000000000000000000000218516322782424090001863000000
00300101000010000100004300000086029000000000000000000000000000000000000000000000006676776390000
001001026000008602900406676776390000000000000000000000000000000000000000000000020340457900100100000
001001026000008602900506676784250000000000000000000000000000000000000000000000020340457900100100000
002011066767842800104165581387000000000019401572560400001022270004300004300004300000000000000000000100000001000000860290000000000000000000000000000000000000000000000000000000000000000000000000000000000000000000000000218516322782424090001863000000
002011066767843800117054198341000000000013727280430400001028360004300004300004300000000000000000000100000001000000860290000000000000000000000000000000000000000000000000000000000000000000000000000000000000000000000000218516322782424090001863000000
002011066767845200104156615711000000000027512612560400001000550004300004300004300000000000000000000100000001000000860290000000000000000000000000000000000000000000000000000000000000000000000000000000000000000000000000218516322782424090001863000000
002011066767847900104163144346000000000017769052880400001019480004300004300004100004100008550000000100000001000000860290000000000000000000000000000000000000000000000100000000000000000000300000000000000000000000000000218516322782424090001863000000
002011066767848700104165283963000000000024121119440400001081460004300004300004250004250008550000000100000001000000860290000000000000000000000000000000000000000000000100000000000000000000300000000000000000000000000000218516322782424090001863000000
005001066767849700000000000000000000000030108316880000000000150000
002011066767850000104088467431000000000030108316880400001003390004300004300004300000000000000000000100000001000000860290000000000000000000000000000000000000000000000000000000000000000000000000000000000000000000000000218516322782424090001863000000
002011066767851800104089610393000000000028073651920400001004070004300004300004300000000000000000000100000001000000860290000000000000000000000000000000000000000000000000000000000000000000000000000000000000000000000000218516322782424090001863000000
002011066767852800104162583516000000000025041508560400001007650004300004300004250004250008550000000100000001000000860290000000000000000000000000000000000000000000000100000000000000000000300000000000000000000000000000218516322782424090001863000000
002011066767978000104156366576000000000027525271760400001000660004300004300004300000000000000000000100000001000000860290000000000000000000000000000000000000000000000000000000000000000000000000000000000000000000000000218516322782424090001863000000
00300104000010000900038700000086029000000000000000000000000000000000000000000000006676804750000
001001026000008602900406676804750000000000000000000000000000000000000000000000020340457900100000000
001001026000008602900506676804820000000000000000000000000000000000000000000000020340457900100000000
002011066768146900104163775681000000000014993959120400001060860004300004300004300000000000000000000100000001000000860290000000000000000000000000000000000000000000000000000000000000000000000000000000000000000000000000218516322782424090001863000000
00300104000010000100004300000086029000000000000000000000000000000000000000000000006676826110000
001001026000008602900406676826110000000000000000000000000000000000000000000000020340457900100100000
001001026000008602900506676836030000000000000000000000000000000000000000000000020340457900100100000
002011066768376800104087535271000000000016611436240400001006320004300004300004300000000000000000000100000001000000860290000000000000000000000000000000000000000000000000000000000000000000000000000000000000000000000000218516322782424090001863000000
002011066768377600104166012688000000000023497503440400001008250004300004300004250004250008550000000100000001000000860290000000000000000000000000000000000000000000000100000000000000000000300000000000000000000000000000218516322782424090001863000000
002011066768379600104165905298000000000023068444880400001011150004300004300004300000000000000000000100000001000000860290000000000000000000000000000000000000000000000000000000000000000000000000000000000000000000000000218516322782424090001863000000
002011066768383800104157020282000000000026566713040400001000330004300004300004300000000000000000000100000001000000860290000000000000000000000000000000000000000000000000000000000000000000000000000000000000000000000000218516322782424090001863000000
002011066768391900109006879463000000000011313744080100001004240004300004300004300000000000000000000100000001000000860290000000000000000000000000000000000000000000000000000000000000000000000000000000000000000000000000218516322782424090001863000000
002011066768420100104152089233000000000025774669520400001001070004300004300004300000000000000000000100000001000000860290000000000000000000000000000000000000000000000000000000000000000000000000000000000000000000000000218516322782424090001863000000
00300104000010000500021500000086029000000000000000000000000000000000000000000000006676863880000
00300101000010000100004300000086029000000000000000000000000000000000000000000000006676863880000
001001026000008602900406676863880000000000000000000000000000000000000000000000020340457900100000000
001001026000008602900306676863930000000000000000000000000000000000000000000000020340457900100000000
010001000000000000000000000000000000086029066770000200500000
001001026000008602900206677011380000000000000000000000000000000000000000000000020340457900100000000
010001000000000000000000000000000000086029066770115000400000
001001026000008602900106677011580000000000000000000000000000000000000000000000020340457900100000000
03400667665399000008602900005C06676653990667667707000008602904579I0000000000000000000001000000200043000000000100000001040000003000430000000001000000010400000010000610000000010000000104000000100036900000000100000001
03400667663130000008602900005C06676631300667665392000008602904579V0000000000000000000004000002100043000000000100000001040000021000430000000001000000010400000210004300000000010000000104000002100043000000000100000001
