1000020260000086117003002185163227824222960030440000
001001026000008611700206676399370000000000000000000000000000000000000000000000000000000000000000000
010001000000000000000000000000000000086117066763995400100000
0350010667639959456325800000052300000001020000
010001000000000000000000000000000000086117066763995900200000
001001026000008611700306676399650000000000000000000000000000000000000000000000000000000000000000000
001001026000008611700406676399710000000000000000000000000000000000000000000000020350458000100000000
001001026000008611700506676412910000000000000000000000000000000000000000000000020350458000100000000
001001026000008611700406676446880000000000000000000000000000000000000000000000020350458000100100000
001001026000008611700506676446960000000000000000000000000000000000000000000000020350458000100100000
001001026000008611700406676447010000000000000000000000000000000000000000000000020350458000100000000
001001026000008611700506676455160000000000000000000000000000000000000000000000020350458000100000000
002011066764608600109106903544000000000013117668560100001009230005550005550005550000000000000000000100000001000000861170000000000000000000000000000000000000000000000000000000000000000000000000000000000000000000000000218516322782422296003044000000
00300101000010000100005550000086117000000000000000000000000000000000000000000000006676494780000
001001026000008611700406676494780000000000000000000000000000000000000000000000020350458000100100000
001001026000008611700306676503630000000000000000000000000000000000000000000000020350458000100100000
001001026000008611700406676503710000000000000000000000000000000000000000000000020350458000100100000
001001026000008611700506676503780000000000000000000000000000000000000000000000020350458000100100000
001001026000008611700406676534680000000000000000000000000000000000000000000000020350458000100000000
001001026000008611700506676550020000000000000000000000000000000000000000000000020350458000100000000
002011066765522300104086215701000000000019328336080400001009640005550005550005550000000000000000000100000001000000861170000000000000000000000000000000000000000000000000000000000000000000000000000000000000000000000000218516322782422296003044000000
002011066765559200117048790402000000000013299290300400001021180005550005550004500004500008550000000100000001000000861170000000000000000000000000000000000000000000000100000000000000000000300000000000000000000000000000218516322782422296003044000000
002011066765564400104086485016000000000017607952080400001008730005550005550005550000000000000000000100000001000000861170000000000000000000000000000000000000000000000000000000000000000000000000000000000000000000000000218516322782422296003044000000
00300104000010000300016650000086117000000000000000000000000000000000000000000000006676584330000
001001026000008611700406676584330000000000000000000000000000000000000000000000020350458000100100000
001001026000008611700306676584380000000000000000000000000000000000000000000000020350458000100100000
001001026000008611700206676584420000000000000000000000000000000000000000000000020350458000100100000
010001000000000000000000000000000000086117066765844900400000
010001000000000000000000000000000000086117066765845400500000
001001026000008611700106676584630000000000000000000000000000000000000000000000020350458000100100000
