1000020260000086106003002185163227828078190030270000
001001026000008610600206676706980000000000000000000000000000000000000000000000020320457700100100000
010001000000000000000000000000000000086106066767072600100000
0350010667670730157344280000035800000002020000
010001000000000000000000000000000000086106066767073000200000
001001026000008610600306676707360000000000000000000000000000000000000000000000020320457700100100000
001001026000008610600406676707430000000000000000000000000000000000000000000000020320457700100100000
001001026000008610600506676707500000000000000000000000000000000000000000000000020320457700100100000
002011066767119400117018410849000000000027699217780400001055780005550005550005550000000000000000000100000001000000861060000000000000000000000000000000000000000000000000000000000000000000000000000000000000000000000000218516322782807819003027000000
002011066767120300104164509364000000000024126994640400001052090005550005550004500004500008550000000100000001000000861060000000000000000000000000000000000000000000000100000000000000000000300000000000000000000000000000218516322782807819003027000000
002011066767250200104087664151000000000017106197200400001007470005550005550002850003000008550000000100000001000000861060000000000000000000000000000000000000000000000100000000000000000000300000000000000000000000000000218516322782807819003027000000
002011066767250200104087664151000000000017106197200400001007470005550005550000150003000008550000000100000001000000861060000000000000000000000000000000000000000000000100000000000000000000300000000000000000000000000000218516322782807819003027000000
00300104000010000300016650000086106000000000000000000000000000000000000000000000006676735740000
001001026000008610600406676735740000000000000000000000000000000000000000000000020320457700100000000
001001026000008610600306676735790000000000000000000000000000000000000000000000020320457700100000000
010001000000000000000000000000000000086106066767358500500000
001001026000008610600206676735930000000000000000000000000000000000000000000000020320457700100000000
010001000000000000000000000000000000086106066767359900400000
001001026000008610600106676736070000000000000000000000000000000000000000000000020320457700100000000
03400667670750000008610600005C06676707500667673574000008610604577V0000000000000000000004000000100055500000000100000001040000001000450100000001000000010400000010002851000000010000000104000000100001510000000100000001
