1000020260000086119003002185163227824240850028480000
0450010000000000000000000106676221600000
001001026000008611900206676225310000000000000000000000000000000000000000000000000000000000000000000
010001000000000000000000000000000000086119066762254400100000
0350010667622550338658170000154700000001020000
010001000000000000000000000000000000086119066762255000200000
001001026000008611900306676225570000000000000000000000000000000000000000000000000000000000000000000
001001026000008611900406676225630000000000000000000000000000000000000000000000021430468300100000000
001001026000008611900506676225710000000000000000000000000000000000000000000000021430468300100000000
002011066762357900104086481851000000000023587377360400001002470004300004300004300000000000000000000100000001000000861190000000000000000000000000000000000000000000000000000000000000000000000000000000000000000000000000218516322782424085002848000000
002011066762359700104165600421000000000017663178960400001015120004300004300004300000000000000000000100000001000000861190000000000000000000000000000000000000000000000000000000000000000000000000000000000000000000000000218516322782424085002848000000
002011066762365400104151408041000000000025375312080400001001110004300004300004300000000000000000000100000001000000861190000000000000000000000000000000000000000000000000000000000000000000000000000000000000000000000000218516322782424085002848000000
002011066763071800117042205419000000000019237982600400001033160004300004300004300000000000000000000100000001000000861190000000000000000000000000000000000000000000000000000000000000000000000000000000000000000000000000218516322782424085002848000000
002011066763072700104152548701000000000024924370640400001025870004300004300000000000000008550000000100000001000000861190000000000000000000000000000000000000000000000100000000000000000000300000000000000000000000000000218516322782424085002848000000
002011066763078100109007025816000000000009084281040100001026680004300004300004300000000000000000000100000001000000861190000000000000000000000000000000000000000000000000000000000000000000000000000000000000000000000000218516322782424085002848000000
002011066763138600104150989131000000000024563185360400001041340004300004300004300000000000000000000100000001000000861190000000000000000000000000000000000000000000000000000000000000000000019000000000000000000000000000218516322782424085002848000000
002011066763651200104150529597000000000023900936400400001005640004300004300004300000000000000000000100000001000000861190000000000000000000000000000000000000000000000000000000000000000000000000000000000000000000000000218516322782424085002848000000
002011066763915500109007041072000000000010135591120100001023580004300004300004300000000000000000000100000001000000861190000000000000000000000000000000000000000000000000000000000000000000000000010000000000000000000100218516322782424085002848000000
005001066763960800304004364441000000000005818496350800003002140000
005001066763961301503002911895000000000005724418110614015000840000
005001066763961301503002911895000000000005724418110613015002140000
002011066763964400104164394885000000000023270111440400001010700004300004300002310000000000000000000100000001000000861190000000000000000000000000000000000000000000000000000000000000000000019000000000000000000000000000218516322782424085002848000000
002011066763964400104164394885000000000023270111440400001010700004300004300001990000000000000000000100000001000000861190000000000000000000000000000000000000000000000000000000000000000000019000000000000000000000000000218516322782424085002848000000
002011066763965200104084003821000000000004992712400400001005350004300004300004300000000000000000000100000001000000861190000000000000000000000000000000000000000000000000000000000000000000019000000000000000000000000000218516322782424085002848000000
00300104000010000900038700000086119000000000000000000000000000000000000000000000006676453720000
00300101000010000200008600000086119000000000000000000000000000000000000000000000006676453720000
001001026000008611900406676453720000000000000000000000000000000000000000000000021430468300100100000
001001026000008611900306676453770000000000000000000000000000000000000000000000021430468300100100000
001001026000008611900206676453820000000000000000000000000000000000000000000000021430468300100100000
010001000000000000000000000000000000086119066764538700400000
010001000000000000000000000000000000086119066764539200500000
001001026000008611900106676454020000000000000000000000000000000000000000000000021430468300100100000
03400667622571000008611900005C06676225710667645372000008611904683I000000000000000000000100000020004300000000010000000104000000700043000000000100000001040000001000000100000001000000010400000010002310000000010000000104000000100019900000000100000001
