1000020260000086220003002185163227824220290024050000
001001026000008622000206676573400000000000000000000000000000000000000000000000000000000000000000000
010001000000000000000000000000000000086220066765735700100000
0350010667657362323179400000060800000001020000
010001000000000000000000000000000000086220066765736200200000
001001026000008622000306676573700000000000000000000000000000000000000000000000000000000000000000000
001001026000008622000206676573770000000000000000000000000000000000000000000000000000000000000000000
001001026000008622000306676573840000000000000000000000000000000000000000000000000000000000000000000
001001026000008622000406676573920000000000000000000000000000000000000000000000020350458000100100000
001001026000008622000506676573990000000000000000000000000000000000000000000000020350458000100100000
002011066765783100104165748249000000000024453571280400001054450005550005550005550000000000000000000100000001000000862200000000000000000000000000000000000000000000000000000000000000000000000000000000000000000000000000218516322782422029002405000000
002011066766315400104083735933000000000012703818960400001006930005550005550005550000000000000000000100000001000000862200000000000000000000000000000000000000000000000000000000000000000000000000000000000000000000000000218516322782422029002405000000
002011066766316000104162750315000000000028378803920400001028040005550005550005550000000000000000000100000001000000862200000000000000000000000000000000000000000000000000000000000000000000000000000000000000000000000000218516322782422029002405000000
002011066766335600104149985495000000000025390805200400001004180005550005550005550000000000000000000100000001000000862200000000000000000000000000000000000000000000000000000000000000000000000000000000000000000000000000218516322782422029002405000000
005001066766336200000000000000000000000030187495120000000000150000
005001066766336300109055704876000000000023370816721022001000150000
005001066766336700000000000000000000000030187495120000000000150000
002011066766354100109006571493000000000012803891920100001057230005550005550005550000000000000000000100000001000000862200000000000000000000000000000000000000000000000000000000000000000000000000000000000000000000000000218516322782422029002405000000
002011066766367400104088286657000000000017354276560400001005850005550005550005550000000000000000000100000001000000862200000000000000000000000000000000000000000000000000000000000000000000000000000000000000000000000000218516322782422029002405000000
002011066766368200104165731443000000000023268017360400001021440005550005550005550000000000000000000100000001000000862200000000000000000000000000000000000000000000000000000000000000000000000000000000000000000000000000218516322782422029002405000000
002011066766587400104151954496000000000026107029200400001005120005550005550005550000000000000000000100000001000000862200000000000000000000000000000000000000000000000000000000000000000000000000000000000000000000000000218516322782422029002405000000
002011066766786800104162825731000000000018624819920400001028810005550005550000000000000008550000000100000001000000862200000000000000000000000000000000000000000000000100000000000000000000300000000000000000000000000000218516322782422029002405000000
005001066766807700104164135189000000000022780590800400001000150000
002011066766807900104164135189000000000022780590800400001069790005550005550005550000000000000000000100000001000000862200000000000000000000000000000000000000000000000000000000000000000000000000000000000000000000000000218516322782422029002405000000
002011066767222900104165720956000000000024442512080400001018300005550005550005550000000000000000000100000001000000862200000000000000000000000000000000000000000000000000000000000000000000000000000000000000000000000000218516322782422029002405000000
002011066767250500104163874221000000000023389018320400001014840005550005550005550000000000000000000100000001000000862200000000000000000000000000000000000000000000000000000000000000000000000000000000000000000000000000218516322782422029002405000000
002011066767293300117058778791000000000006528509770400001014930005550005550005550000000000000000000100000001000000862200000000000000000000000000000000000000000000000000000000000000000000000000000000000000000000000000218516322782422029002405000000
002011066767409900104151971391000000000025948360400400001002670005550005550005550000000000000000000100000001000000862200000000000000000000000000000000000000000000000000000000000000000000000000000000000000000000000000218516322782422029002405000000
002011066767455300104088514188000000000029351373520400001007790005550005550005550000000000000000000100000001000000862200000000000000000000000000000000000000000000000000000000000000000000019100000000000000000000000000218516322782422029002405000000
00300104000010001400077700000086220000000000000000000000000000000000000000000000006676756690000
00300101000010000100005550000086220000000000000000000000000000000000000000000000006676756690000
001001026000008622000406676756690000000000000000000000000000000000000000000000020350458000100000000
001001026000008622000506676756750000000000000000000000000000000000000000000000020350458000100000000
002011066767658000104075877503000000000031622427880400001028430005550005550005550000000000000000000100000001000000862200000000000000000000000000000000000000000000000000000000000000000000019300000000000000000000000000218516322782422029002405000000
002011066767658800117060304491000000000006426915210400001017550005550005550005550000000000000000000100000001000000862200000000000000000000000000000000000000000000000000000000000000000000000000000000000000000000000000218516322782422029002405000000
002011066767659400104086525638000000000015739594960400001009980005550005550005550000000000000000000100000001000000862200000000000000000000000000000000000000000000000000000000000000000000000000000000000000000000000000218516322782422029002405000000
002011066767663600104156711311000000000026554297040400001000390005550005550000250000000000000000000100000001000000862200000000000000000000000000000000000000000000000000000000000000000000000000000000000000000000000000218516322782422029002405000000
002011066767663600104156711311000000000026554297040400001000390005550005550005300000000000000000000100000001000000862200000000000000000000000000000000000000000000000000000000000000000000000000000000000000000000000000218516322782422029002405000000
002011066767794200104166050539000000000023959281360400001009010005550005550005550000000000000000000100000001000000862200000000000000000000000000000000000000000000000000000000000000000000000000000000000000000000000000218516322782422029002405000000
002011066767795200104088372571000000000027149970640400001001910005550005550005550000000000000000000100000001000000862200000000000000000000000000000000000000000000000000000000000000000000000000000000000000000000000000218516322782422029002405000000
00300104000010000600033300000086220000000000000000000000000000000000000000000000006676805290000
001001026000008622000406676805290000000000000000000000000000000000000000000000020350458000100100000
001001026000008622000306676805350000000000000000000000000000000000000000000000020350458000100100000
010001000000000000000000000000000000086220066768054100500000
001001026000008622000206676805540000000000000000000000000000000000000000000000020350458000100100000
010001000000000000000000000000000000086220066768055900400000
001001026000008622000106676817620000000000000000000000000000000000000000000000020350458000100100000
03400667675675000008622000005C06676756750667680529000008622004580I00000000000000000000040000005000555000000001000000010400000010000250000000010000000104000000100053000000000100000001
03400667657399000008622000005C06676573990667675669000008622004580V00000000000000000000010000001000555000000001000000010400000130005550000000010000000104000000100000010000000100000001040000001000000100000001000000010400000010000001000000010000000104000000100000010000000100000001040000001000000100000001000000010400000010000001000000010000000104000000100000010000000100000001040000001000000100000001000000010400000010000001000000010000000104000000100000010000000100000001040000001000000100000001000000010400000010000001000000010000000104000000100000010000000100000001
