1000020260000086149003002185163227824251140034320000
001001026000008614900206676482790000000000000000000000000000000000000000000000000000000000000000000
010001000000000000000000000000000000086149066764829900100000
0350010667648303253049990000019700000001020000
010001000000000000000000000000000000086149066764830400200000
001001026000008614900306676483120000000000000000000000000000000000000000000000000000000000000000000
001001026000008614900406676483190000000000000000000000000000000000000000000000020350458000100000000
001001026000008614900506676490380000000000000000000000000000000000000000000000020350458000100000000
002011066765025700117057506819000000000011153960330400001006960005550005550005550000000000000000000100000001000000861490000000000000000000000000000000000000000000000000000000000000000000000000000000000000000000000000218516322782425114003432000000
002011066765033200109055059695000000000019656940240100001003410005550005550005550000000000000000000100000001000000861490000000000000000000000000000000000000000000000000000000000000000000000000000000000000000000000000218516322782425114003432000000
002011066765072300104165097388000000000024057073360400001075350005550005550005550000000000000000000100000001000000861490000000000000000000000000000000000000000000000000000000000000000000000000000000000000000000000000218516322782425114003432000000
002011066765309500104089596081000000000027169905360400001000820005550005550004500004500008550000000100000001000000861490000000000000000000000000000000000000000000000100000000000000000000300000000000000000000000000000218516322782425114003432000000
002011066765310300104166708054000000000023526408400400001108310005550005550004500004500008550000000100000001000000861490000000000000000000000000000000000000000000000100000000000000000000300000000000000000000000000000218516322782425114003432000000
002011066765423600117060385067000000000001130188640400001016480005550005550005550000000000000000000100000001000000861490000000000000000000000000000000000000000000000000000000000000000000000000000000000000000000000000218516322782425114003432000000
002011066765497100104156521652000000000028481818320400001025410005550005550005550000000000000000000100000001000000861490000000000000000000000000000000000000000000000000000000000000000000000000000000000000000000000000218516322782425114003432000000
002011066765918000104085853976000000000017577982160400001008300005550005550005550000000000000000000100000001000000861490000000000000000000000000000000000000000000000000000000000000000000000000000000000000000000000000218516322782425114003432000000
002011066765925000104164700455000000000024130263760400001097140005550005550005550000000000000000000100000001000000861490000000000000000000000000000000000000000000000000000000000000000000000000000000000000000000000000218516322782425114003432000000
002011066766326100117025363575000000000021272344540400001055170005550005550001450001450008550000000100000001000000861490000000000000000000000000000000000000000000000100000000000000000000300000000000000000000000000000218516322782425114003432000000
002011066766881800109126728934000000000003373538000100001060340005550005550004500004500008550000000100000001000000861490000000000000000000000000000000000000000000000100000000000000000000300000010000000000000000000100218516322782425114003432000000
002011066767040700104165977094000000000023350277840400001031130005550005550005550000000000000000000100000001000000861490000000000000000000000000000000000000000000000000000000000000000000000000000000000000000000000000218516322782425114003432000000
002011066767189900104156405131000000000027589043920400001000270005550005550005550000000000000000000100000001000000861490000000000000000000000000000000000000000000000000000000000000000000000000000000000000000000000000218516322782425114003432000000
002011066767210200109125948981000000000003432300240100001023080005550005550000000000000008550000000100000001000000861490000000000000000000000000000000000000000000000100000000000000000000300000010000000000000000000100218516322782425114003432000000
002011066767297200104164061037000000000018731443920400001036750005550005550000000000000008550000000100000001000000861490000000000000000000000000000000000000000000000100000000000000000000300000000000000000000000000000218516322782425114003432000000
00300104000010001200066600000086149000000000000000000000000000000000000000000000006676755090000
00300101000010000300016650000086149000000000000000000000000000000000000000000000006676755090000
001001026000008614900406676755090000000000000000000000000000000000000000000000020350458000100100000
001001026000008614900306676755150000000000000000000000000000000000000000000000020350458000100100000
010001000000000000000000000000000000086149066767552300500000
001001026000008614900206676755440000000000000000000000000000000000000000000000020350458000100100000
001001026000008614900306676755480000000000000000000000000000000000000000000000020350458000100100000
001001026000008614900206676755510000000000000000000000000000000000000000000000020350458000100100000
010001000000000000000000000000000000086149066767555700400000
001001026000008614900106676755650000000000000000000000000000000000000000000000020350458000100100000
03400667649038000008614900005C06676490380667675509000008614904580I0000000000000000000001000000100055500000000100000001010000001000450100000001000000010100000010000001000000010000000104000000800055500000000100000001040000002000450100000001000000010400000010001451000000010000000104000000100000010000000100000001
