1000020260000086154003063600107318412156500028320000
0450010000000002000000000106675367610000
0450010000000002000000000106675673670000
001001026000008615400206676209580000000000000000000000000000000000000000000000000000000000000000000
010001000000000000000000000000000000086154066762097000100000
0350010667620974252814010000036500000001020000
010001000000000000000000000000000000086154066762097400200000
001001026000008615400306676209800000000000000000000000000000000000000000000000000000000000000000000
001001026000008615400406676220510000000000000000000000000000000000000000000000020290457400100000000
001001026000008615400506676220580000000000000000000000000000000000000000000000020290457400100000000
002011066762225700104151587396000000000026124401360400001001000004650004650004650000000000000000000100000001000000861540000000000000000000000000000000000000000000000000000000000000000000000000000000000000000000000006360010731841215650002832000000
002011066762226400104087992116000000000015952159440400001002090004650004650004650000000000000000000100000001000000861540000000000000000000000000000000000000000000000000000000000000000000000000000000000000000000000006360010731841215650002832000000
005001066762282900104165158646000000000018758490320400001000150000
005001066762282900104165158646000000000018758490320400001000150000
002011066762283700104165158646000000000018758490320400001017320004650004650004650000000000000000000100000001000000861540000000000000000000000000000000000000000000000000000000000000000000000000000000000000000000000006360010731841215650002832000000
002011066762302100104161019226000000000027920630480400001069390004650004650004650000000000000000000100000001000000861540000000000000000000000000000000000000000000000000000000000000000000000000000000000000000000000006360010731841215650002832000000
00300104000010000400018600000086154000000000000000000000000000000000000000000000006676257910000
001001026000008615400406676257910000000000000000000000000000000000000000000000020290457400100100000
001001026000008615400506676257980000000000000000000000000000000000000000000000020290457400100100000
005001066762582300104089332113000000000031518766801023001002300000
005001066762582400104089332113000000000031518766800400001000340000
002011066762589000104164425241000000000023267190480400001051480004650004650004650000000000000000000100000001000000861540000000000000000000000000000000000000000000000000000000000000000000000000000000000000000000000006360010731841215650002832000000
002011066762594400104156481812000000000024831780560400001000970004650004650004500004500008550000000100000001000000861540000000000000000000000000000000000000000000000100000000000000000000300000000000000000000000000006360010731841215650002832000000
002011066762608600117039477675000000000009241718770400001020310004650004650004650000000000000000000100000001000000861540000000000000000000000000000000000000000000000000000000000000000000000000000000000000000000000006360010731841215650002832000000
00300104000010000300013950000086154000000000000000000000000000000000000000000000006676283570000
001001026000008615400406676283570000000000000000000000000000000000000000000000020290457400100000000
001001026000008615400506676294550000000000000000000000000000000000000000000000020290457400100000000
005001066763062600103096312884000000000029051569361023001002300000
002011066763063000103096312884000000000029051569360450001000150004650004650004650000000000000000000100000001000000861540000000000000000000000000000000000000000000000000000000000000000000000000000000000000000000000006360010731841215650002832000000
002011066763068500109039058612000000000027359632080100001001640004650004650004650000000000000000000100000001000000861540000000000000000000000000000000000000000000000000000000000000000000000000010000000000000000000206360010731841215650002832000000
002011066763069100109039058612000000000027359632080100001001650004650004650004650000000000000000000100000001000000861540000000000000000000000000000000000000000000000000000000000000000000000000010000000000000000000206360010731841215650002832000000
00300104500010000100004650000086154000000000000000000000000000000000000000000000006676314700000
00300101000010000200009300000086154000000000000000000000000000000000000000000000006676314700000
001001026000008615400406676314700000000000000000000000000000000000000000000000020290457400100100000
001001026000008615400506676329660000000000000000000000000000000000000000000000020290457400100100000
002011066763301900109125873612000000000006321224400100001019420004650004650004650000000000000000000100000001000000861540000000000000000000000000000000000000000000000000000000000000000000000000000000000000000000000006360010731841215650002832000000
00300101000010000100004650000086154000000000000000000000000000000000000000000000006676356540000
001001026000008615400406676356540000000000000000000000000000000000000000000000020290457400100000000
001001026000008615400306676365770000000000000000000000000000000000000000000000020290457400100000000
010001000000000000000000000000000000086154066763659000500000
001001026000008615400206676366000000000000000000000000000000000000000000000000020290457400100000000
001001026000008615400306676366040000000000000000000000000000000000000000000000020290457400100000000
001001026000008615400206676366070000000000000000000000000000000000000000000000020290457400100000000
001001026000008615400306676366100000000000000000000000000000000000000000000000020290457400100000000
001001026000008615400206676366180000000000000000000000000000000000000000000000020290457400100000000
010001000000000000000000000000000000086154066763662500400000
001001026000008615400106676366440000000000000000000000000000000000000000000000020290457400100000000
03400667622058000008615400005C06676220580667625791000008615404574I0000000000000000000004000000400046500000000100000001
03400667625798000008615400005C06676257980667628357000008615404574V00000000000000000000040000002000465000000001000000010400000010004501000000010000000104000000100045010000000100000001
