1000020260000086171003025243604634338603860033590000
001001026000008617100206676585540000000000000000000000000000000000000000000000000000000000000000000
010001000000000000000000000000000000086171066765857000100000
0350010667658575252557830000017800000001020000
010001000000000000000000000000000000086171066765857500200000
001001026000008617100306676585810000000000000000000000000000000000000000000000000000000000000000000
001001026000008617100406676585880000000000000000000000000000000000000000000000020340457900100000000
001001026000008617100506676585960000000000000000000000000000000000000000000000020340457900100000000
002011066765870700104152703349000000000024822298320400001029710004300004300004300000000000000000000100000001000000861710000000000000000000000000000000000000000000000000000000000000000000000000000000000000000000000002524360463433860386003359000000
002011066765871600104164140531000000000024237796560400001020420004300004300004300000000000000000000100000001000000861710000000000000000000000000000000000000000000000000000000000000000000000000000000000000000000000002524360463433860386003359000000
002011066765872100109128331871000000000004320622800100001000140004300004300004300000000000000000000100000001000000861710000000000000000000000000000000000000000000000000000000000000000000000000010000000000000000000102524360463433860386003359000000
002011066765872600104165097388000000000024057073360400001075360004300004300004300000000000000000000100000001000000861710000000000000000000000000000000000000000000000000000000000000000000000000000000000000000000000002524360463433860386003359000000
002011066765873000117058124154000000000009590652570400001012260004300004300004300000000000000000000100000001000000861710000000000000000000000000000000000000000000000000000000000000000000000000000000000000000000000002524360463433860386003359000000
002011066765885100104165579099000000000024061228240400001078330004300004300004300000000000000000000100000001000000861710000000000000000000000000000000000000000000000000000000000000000000000000000000000000000000000002524360463433860386003359000000
002011066766025400104157416097000000000024828682960400001045000004300004300001500000000000000000000100000001000000861710000000000000000000000000000000000000000000000000000000000000000000000000000000000000000000000002524360463433860386003359000000
002011066766025400104157416097000000000024828682960400001045000004300004300002800000000000000000000100000001000000861710000000000000000000000000000000000000000000000000000000000000000000000000000000000000000000000002524360463433860386003359000000
002011066766106800104089126564000000000028443641040400001000790004300004300004300000000000000000000100000001000000861710000000000000000000000000000000000000000000000000000000000000000000000000000000000000000000000002524360463433860386003359000000
00300104000010000700030100000086171000000000000000000000000000000000000000000000006676612060000
00300101000010000100004300000086171000000000000000000000000000000000000000000000006676612060000
001001026000008617100406676612060000000000000000000000000000000000000000000000020340457900100100000
001001026000008617100506676612130000000000000000000000000000000000000000000000020340457900100100000
002011066766124900104151191638000000000024723300560400001000810004300004300004300000000000000000000100000001000000861710000000000000000000000000000000000000000000000000000000000000000000000000000000000000000000000002524360463433860386003359000000
002011066766126600104165153679000000000022895260880400001030090004300004300004300000000000000000000100000001000000861710000000000000000000000000000000000000000000000000000000000000000000000000000000000000000000000002524360463433860386003359000000
002011066766127100109165216213000000000005565983440100001049250004300004300004300000000000000000000100000001000000861710000000000000000000000000000000000000000000000000000000000000000000000000010000000000000000000102524360463433860386003359000000
002011066766128400104087996261000000000018488251600400001006320004300004300004300000000000000000000100000001000000861710000000000000000000000000000000000000000000000000000000000000000000000000000000000000000000000002524360463433860386003359000000
002011066766141800104164915656000000000024386750160400001046080004300004300004300000000000000000000100000001000000861710000000000000000000000000000000000000000000000000000000000000000000000000000000000000000000000002524360463433860386003359000000
002011066766173700104087772353000000000018413054160400001003820004300004300004300000000000000000000100000001000000861710000000000000000000000000000000000000000000000000000000000000000000000000000000000000000000000002524360463433860386003359000000
005001066766201800000000000000000000000010489050960000000000150000
005001066766201900000000000000000000000010489050960000000000150000
005001066766202000000000000000000000000010489050960000000000150000
005001066766202000000000000000000000000010489050960000000000150000
002011066766202300104084828838000000000017130627280400001011870004300004300004300000000000000000000100000001000000861710000000000000000000000000000000000000000000000000000000000000000000000000000000000000000000000002524360463433860386003359000000
005001066766246600104152085327000000000024524234960400001000340000
002011066766271500117059850835000000000010638522090400001021630004300004300004100004100008550000000100000001000000861710000000000000000000000000000000000000000000000100000000000000000000300000000000000000000000000002524360463433860386003359000000
00300104000010000700030100000086171000000000000000000000000000000000000000000000006676632300000
00300101000010000100004300000086171000000000000000000000000000000000000000000000006676632300000
001001026000008617100406676632300000000000000000000000000000000000000000000000020340457900100000000
001001026000008617100506676643770000000000000000000000000000000000000000000000020340457900100000000
002011066766447600104088686663000000000023584999120400001002800004300004300004300000000000000000000100000001000000861710000000000000000000000000000000000000000000000000000000000000000000000000000000000000000000000002524360463433860386003359000000
002011066766448400104156840146000000000027438981840400001001320004300004300004300000000000000000000100000001000000861710000000000000000000000000000000000000000000000000000000000000000000000000000000000000000000000002524360463433860386003359000000
002011066766449200104089470249000000000030770069200400001002670004300004300004300000000000000000000100000001000000861710000000000000000000000000000000000000000000000000000000000000000000000000000000000000000000000002524360463433860386003359000000
002011066766452100104162714904000000000026729751760400001009450004300004300004300000000000000000000100000001000000861710000000000000000000000000000000000000000000000000000000000000000000019000000000000000000000000002524360463433860386003359000000
002011066766454100104166013031000000000023501151440400001061040004300004300004300000000000000000000100000001000000861710000000000000000000000000000000000000000000000000000000000000000000000000000000000000000000000002524360463433860386003359000000
002011066766458400104157320421000000000027469550800400001021830004300004300004300000000000000000000100000001000000861710000000000000000000000000000000000000000000000000000000000000000000000000000000000000000000000002524360463433860386003359000000
005001066766459100304004398044000000000026797087870800003002140000
005001066766459800304004398044000000000026797087870800003002140000
005001066766461100304004398044000000000026797087870800003002140000
002011066766464000104151526771000000000025366748880400001001410004300004300004300000000000000000000100000001000000861710000000000000000000000000000000000000000000000000000000000000000000000000000000000000000000000002524360463433860386003359000000
002011066766466200104164992847000000000022775624400400001033970004300004300004300000000000000000000100000001000000861710000000000000000000000000000000000000000000000000000000000000000000000000000000000000000000000002524360463433860386003359000000
00300104000010000800034400000086171000000000000000000000000000000000000000000000006676668000000
001001026000008617100406676668000000000000000000000000000000000000000000000000020340457900100100000
001001026000008617100506676668070000000000000000000000000000000000000000000000020340457900100100000
002011066766681500104085284122000000000015722368720400001011980004300004300004300000000000000000000100000001000000861710000000000000000000000000000000000000000000000000000000000000000000000000000000000000000000000002524360463433860386003359000000
005001066766788100104165906936000000000023355326160400001000240000
00300104000010000100004300000086171000000000000000000000000000000000000000000000006676685470000
001001026000008617100406676685470000000000000000000000000000000000000000000000020340457900100000000
001001026000008617100506676694800000000000000000000000000000000000000000000000020340457900100000000
002011066766960500104165957956000000000024002302160400001094240004300004300003400003400008550000000100000001000000861710000000000000000000000000000000000000000000000100000000000000000000300000000000000000000000000002524360463433860386003359000000
002011066766963500104164410627000000000024071058640400001057650004300004300004300000000000000000000100000001000000861710000000000000000000000000000000000000000000000000000000000000000000000000000000000000000000000002524360463433860386003359000000
002011066766965900104158976223000000000024986117840400001075000004300004300004300000000000000000000100000001000000861710000000000000000000000000000000000000000000000000000000000000000000000000000000000000000000000002524360463433860386003359000000
002011066766966500104152975251000000000027882563280400001051530004300004300004300000000000000000000100000001000000861710000000000000000000000000000000000000000000000000000000000000000000000000000000000000000000000002524360463433860386003359000000
002011066766967200104156967979000000000027505416400400001027200004300004300004300000000000000000000100000001000000861710000000000000000000000000000000000000000000000000000000000000000000000000000000000000000000000002524360463433860386003359000000
002011066766967700104083370528000000000011135703760400001009280004300004300004300000000000000000000100000001000000861710000000000000000000000000000000000000000000000000000000000000000000000000000000000000000000000002524360463433860386003359000000
002011066766968600104165953561000000000024416566480400001011120004300004300004300000000000000000000100000001000000861710000000000000000000000000000000000000000000000000000000000000000000000000000000000000000000000002524360463433860386003359000000
002011066766970600104081961723000000000001498949840400001005480004300004300004300000000000000000000100000001000000861710000000000000000000000000000000000000000000000000000000000000000000000000000000000000000000000002524360463433860386003359000000
002011066766971300117019317621000000000014454898080400001053930004300004300004300000000000000000000100000001000000861710000000000000000000000000000000000000000000000000000000000000000000000000000000000000000000000002524360463433860386003359000000
002011066766971800104085025631000000000015703783120400001012030004300004300004300000000000000000000100000001000000861710000000000000000000000000000000000000000000000000000000000000000000000000000000000000000000000002524360463433860386003359000000
002011066766972500104164919899000000000023031662800400001009230004300004300004300000000000000000000100000001000000861710000000000000000000000000000000000000000000000000000000000000000000000000000000000000000000000002524360463433860386003359000000
002011066766987400104084193468000000000009300222160400001010920004300004300004300000000000000000000100000001000000861710000000000000000000000000000000000000000000000000000000000000000000000000000000000000000000000002524360463433860386003359000000
002011066766989000104156684233000000000026917425360400001001410004300004300004300000000000000000000100000001000000861710000000000000000000000000000000000000000000000000000000000000000000000000000000000000000000000002524360463433860386003359000000
002011066766996300104153070978000000000030150367440400001011370004300004300004300000000000000000000100000001000000861710000000000000000000000000000000000000000000000000000000000000000000000000000000000000000000000002524360463433860386003359000000
002011066766998400109080085998000000000005552515280100001011840004300004300004300000000000000000000100000001000000861710000000000000000000000000000000000000000000000000000000000000000000000000010000000000000000000502524360463433860386003359000000
002011066767115800104165617901000000000024034704080400001040370004300004300004300000000000000000000100000001000000861710000000000000000000000000000000000000000000000000000000000000000000000000000000000000000000000002524360463433860386003359000000
002011066767129600117021016625000000000017106499900400001053180004300004300004300000000000000000000100000001000000861710000000000000000000000000000000000000000000000000000000000000000000000000000000000000000000000002524360463433860386003359000000
00300104000010001600068800000086171000000000000000000000000000000000000000000000006676716250000
00300101000010000100004300000086171000000000000000000000000000000000000000000000006676716250000
001001026000008617100406676716250000000000000000000000000000000000000000000000020340457900100100000
001001026000008617100506676716310000000000000000000000000000000000000000000000020340457900100100000
002011066767185400109126732125000000000004537503440100001001440004300004300004300000000000000000000100000001000000861710000000000000000000000000000000000000000000000000000000000000000000000000000000000000000000000002524360463433860386003359000000
00300101000010000100004300000086171000000000000000000000000000000000000000000000006676732290000
001001026000008617100406676732290000000000000000000000000000000000000000000000020340457900100000000
001001026000008617100506676745180000000000000000000000000000000000000000000000020340457900100000000
002011066767466600104163235805000000000016675779280400001042130004300004300004300000000000000000000100000001000000861710000000000000000000000000000000000000000000000000000000000000000000000000000000000000000000000002524360463433860386003359000000
002011066767468000104157509061000000000027459300560400001012520004300004300004300000000000000000000100000001000000861710000000000000000000000000000000000000000000000000000000000000000000000000000000000000000000000002524360463433860386003359000000
002011066767469600104156353172000000000028483397840400001000610004300004300004300000000000000000000100000001000000861710000000000000000000000000000000000000000000000000000000000000000000000000000000000000000000000002524360463433860386003359000000
002011066767471200104089005384000000000030119189200400001002760004300004300004300000000000000000000100000001000000861710000000000000000000000000000000000000000000000000000000000000000000000000000000000000000000000002524360463433860386003359000000
002011066767488400104081176082000000000014185645050400001012240004300004300004300000000000000000000100000001000000861710000000000000000000000000000000000000000000000000000000000000000000019300000000000000000000000002524360463433860386003359000000
002011066767501700117052010319000000000042007700590400001034880004300004300004300000000000000000000100000001000000861710000000000000000000000000000000000000000000000000000000000000000000000000000000000000000000000002524360463433860386003359000000
002011066767534500104164337083000000000024084519120400001010280004300004300004300000000000000000000100000001000000861710000000000000000000000000000000000000000000000000000000000000000000000000000000000000000000000002524360463433860386003359000000
00300104000010000700030100000086171000000000000000000000000000000000000000000000006676768100000
001001026000008617100406676768100000000000000000000000000000000000000000000000020340457900100100000
001001026000008617100506676768170000000000000000000000000000000000000000000000020340457900100100000
002011066767745100109016025866000000000011064627920100001004940004300004300003000003000008550000000100000001000000861710000000000000000000000000000000000000000000000100000000000000000000300000000000000000000000000002524360463433860386003359000000
00300101000010000100004300000086171000000000000000000000000000000000000000000000006676788530000
001001026000008617100406676788530000000000000000000000000000000000000000000000020340457900100000000
001001026000008617100506676801290000000000000000000000000000000000000000000000020340457900100000000
002011066768014700104157505171000000000026372798160400001048420004300004300004300000000000000000000100000001000000861710000000000000000000000000000000000000000000000000000000000000000000000000000000000000000000000002524360463433860386003359000000
002011066768015700104086400461000000000017602786000400001008880004300004300004300000000000000000000100000001000000861710000000000000000000000000000000000000000000000000000000000000000000000000000000000000000000000002524360463433860386003359000000
002011066768016400104162002122000000000025097508560400001010330004300004300004300000000000000000000100000001000000861710000000000000000000000000000000000000000000000000000000000000000000000000000000000000000000000002524360463433860386003359000000
002011066768016900104166013749000000000023536461520400001064190004300004300004300000000000000000000100000001000000861710000000000000000000000000000000000000000000000000000000000000000000000000000000000000000000000002524360463433860386003359000000
002011066768017600104086864688000000000012568095440400001008740004300004300004300000000000000000000100000001000000861710000000000000000000000000000000000000000000000000000000000000000000000000000000000000000000000002524360463433860386003359000000
002011066768018200104151245371000000000023842970320400001002630004300004300004300000000000000000000100000001000000861710000000000000000000000000000000000000000000000000000000000000000000000000000000000000000000000002524360463433860386003359000000
002011066768018800104165718791000000000023273703120400001010040004300004300004300000000000000000000100000001000000861710000000000000000000000000000000000000000000000000000000000000000000000000000000000000000000000002524360463433860386003359000000
002011066768019400104151481806000000000023851136720400001002390004300004300004300000000000000000000100000001000000861710000000000000000000000000000000000000000000000000000000000000000000000000000000000000000000000002524360463433860386003359000000
002011066768020000104150471483000000000024558349520400001009140004300004300004250004250008550000000100000001000000861710000000000000000000000000000000000000000000000100000000000000000000300000000000000000000000000002524360463433860386003359000000
002011066768020500104151758191000000000025368323280400001000690004300004300004300000000000000000000100000001000000861710000000000000000000000000000000000000000000000000000000000000000000000000000000000000000000000002524360463433860386003359000000
002011066768020900104151866716000000000024760866000400001036150004300004300004300000000000000000000100000001000000861710000000000000000000000000000000000000000000000000000000000000000000000000000000000000000000000002524360463433860386003359000000
002011066768021400104088138038000000000016147203280400001004930004300004300004300000000000000000000100000001000000861710000000000000000000000000000000000000000000000000000000000000000000000000000000000000000000000002524360463433860386003359000000
005001066768045300104084853328000000000015560914641023001002300000
002011066768045800104084853328000000000015560914640400001007070004300004300004300000000000000000000100000001000000861710000000000000000000000000000000000000000000000000000000000000000000000000000000000000000000000002524360463433860386003359000000
002011066768047200104163190127000000000018710615760400001015020004300004300004300000000000000000000100000001000000861710000000000000000000000000000000000000000000000000000000000000000000000000000000000000000000000002524360463433860386003359000000
002011066768088500104075738759000000000027715305440400001032590004300004300004300000000000000000000100000001000000861710000000000000000000000000000000000000000000000000000000000000000000019300000000000000000000000002524360463433860386003359000000
00300104000010001500064500000086171000000000000000000000000000000000000000000000006676830490000
001001026000008617100406676830490000000000000000000000000000000000000000000000020340457900100100000
001001026000008617100306676830540000000000000000000000000000000000000000000000020340457900100100000
010001000000000000000000000000000000086171066768306100500000
001001026000008617100206676830710000000000000000000000000000000000000000000000020340457900100100000
010001000000000000000000000000000000086171066768307800400000
001001026000008617100106676830860000000000000000000000000000000000000000000000020340457900100100000
03400667658596000008617100005C06676585960667661206000008617104579I0000000000000000000001000000200043000000000100000001040000050000430000000001000000010400000010002800000000010000000104000000100015000000000100000001
03400667661213000008617100005C06676612130667663230000008617104579V000000000000000000000100000020004300000000010000000104000000100041010000000100000001040000007000430000000001000000010400000070004300000000010000000104000000700043000000000100000001040000007000430000000001000000010400000070004300000000010000000104000000700043000000000100000001
