1000020260000086052003063600113503259963010025740000
001001026000008605200206676534330000000000000000000000000000000000000000000000000000000000000000000
010001000000000000000000000000000000086052066765344800100000
0350010667653452157413880000042000000001020000
010001000000000000000000000000000000086052066765345200200000
001001026000008605200306676534600000000000000000000000000000000000000000000000000000000000000000000
001001026000008605200406676534660000000000000000000000000000000000000000000000020290457400100000000
001001026000008605200506676534730000000000000000000000000000000000000000000000020290457400100000000
002011066765476300109057285706000000000005099958480100001002890004650004650004650000000000000000000100000001000000860520000000000000000000000000000000000000000000000000000000000000000000000000000000000000000000000006360011350325996301002574000000
00300101000010000100004650000086052000000000000000000000000000000000000000000000006676568480000
001001026000008605200406676568480000000000000000000000000000000000000000000000020290457400100100000
001001026000008605200506676568550000000000000000000000000000000000000000000000020290457400100100000
002011066765688000117059692288000000000010681034250400001009610004650004650004650000000000000000000100000001000000860520000000000000000000000000000000000000000000000000000000000000000000000000000000000000000000000006360011350325996301002574000000
002011066765692200104087237911000000000017118907600400001002700004650004650004600004600008550000000100000001000000860520000000000000000000000000000000000000000000000100000000000000000000300000000000000000000000000006360011350325996301002574000000
002011066765716400104083079335000000000006653522640400001011820004650004650004650000000000000000000100000001000000860520000000000000000000000000000000000000000000000000000000000000000000000000000000000000000000000006360011350325996301002574000000
00300104000010000300013950000086052000000000000000000000000000000000000000000000006676606130000
001001026000008605200406676606130000000000000000000000000000000000000000000000020290457400100000000
001001026000008605200506676606200000000000000000000000000000000000000000000000020290457400100000000
002011066766148200104165001615000000000022958477520400001018630004650004650004650000000000000000000100000001000000860520000000000000000000000000000000000000000000000000000000000000000000000000000000000000000000000006360011350325996301002574000000
002011066766197000109058522558000000000008146422480100001008600004650004650004650000000000000000000100000001000000860520000000000000000000000000000000000000000000000000000000000000000000000000000000000000000000000006360011350325996301002574000000
002011066766208600104166130958000000000024419272400400001022860004650004650004650000000000000000000100000001000000860520000000000000000000000000000000000000000000000000000000000000000000000000000000000000000000000006360011350325996301002574000000
002011066766250000104156414351000000000026815337680400001045070004650004650004650000000000000000000100000001000000860520000000000000000000000000000000000000000000000000000000000000000000000000000000000000000000000006360011350325996301002574000000
002011066766294700104164716441000000000023027274960400001018280004650004650004650000000000000000000100000001000000860520000000000000000000000000000000000000000000000000000000000000000000000000000000000000000000000006360011350325996301002574000000
00300104000010000400018600000086052000000000000000000000000000000000000000000000006676641990000
00300101000010000100004650000086052000000000000000000000000000000000000000000000006676641990000
001001026000008605200406676641990000000000000000000000000000000000000000000000020290457400100100000
001001026000008605200306676642040000000000000000000000000000000000000000000000020290457400100100000
001001026000008605200406676642110000000000000000000000000000000000000000000000020290457400100100000
001001026000008605200506676642180000000000000000000000000000000000000000000000020290457400100100000
002011066766428500104165238194000000000014972913360400001002910004650004650004600004600008550000000100000001000000860520000000000000000000000000000000000000000000000100000000000000000000300000000000000000000000000006360011350325996301002574000000
002011066766449200104164412662000000000023260910800400001077420004650004650004500004500008550000000100000001000000860520000000000000000000000000000000000000000000000100000000000000000000300000000000000000000000000006360011350325996301002574000000
002011066766539700104087146983000000000016529782480400001005150004650004650004650000000000000000000100000001000000860520000000000000000000000000000000000000000000000000000000000000000000000000000000000000000000000006360011350325996301002574000000
00300104000010000300013950000086052000000000000000000000000000000000000000000000006676667680000
001001026000008605200406676667680000000000000000000000000000000000000000000000020290457400100000000
001001026000008605200506676683490000000000000000000000000000000000000000000000020290457400100000000
002011066766857500104083500693000000000011897219280400001003760004650004650004650000000000000000000100000001000000860520000000000000000000000000000000000000000000000000000000000000000000000000000000000000000000000006360011350325996301002574000000
002011066766925800104045809348000000000042451782190400001083280004650004650004650000000000000000000100000001000000860520000000000000000000000000000000000000000000000000000000000000000000019300000000000000000000000006360011350325996301002574000000
002011066766953000104089157648000000000033298330320400001001530004650004650004650000000000000000000100000001000000860520000000000000000000000000000000000000000000000000000000000000000000000000000000000000000000000006360011350325996301002574000000
002011066766953600104089101791000000000023681465040400001001110004650004650004650000000000000000000100000001000000860520000000000000000000000000000000000000000000000000000000000000000000000000000000000000000000000006360011350325996301002574000000
002011066766954100109165028867000000000005057037520100001003840004650004650004650000000000000000000100000001000000860520000000000000000000000000000000000000000000000000000000000000000000000000000000000000000000002706360011350325996301002574000000
002011066766973600104085827096000000000016841083600400001005430004650004650004650000000000000000000100000001000000860520000000000000000000000000000000000000000000000000000000000000000000000000000000000000000000000006360011350325996301002574000000
002011066766974300104086953591000000000018406175440400001004120004650004650004650000000000000000000100000001000000860520000000000000000000000000000000000000000000000000000000000000000000000000000000000000000000000006360011350325996301002574000000
002011066766974700104164628053000000000023083853520400001012250004650004650004650000000000000000000100000001000000860520000000000000000000000000000000000000000000000000000000000000000000000000000000000000000000000006360011350325996301002574000000
002011066766975200104151355525000000000025786640080400001000670004650004650004650000000000000000000100000001000000860520000000000000000000000000000000000000000000000000000000000000000000000000000000000000000000000006360011350325996301002574000000
00300104000010000800037200000086052000000000000000000000000000000000000000000000006676720850000
00300101000010000100004650000086052000000000000000000000000000000000000000000000006676720850000
001001026000008605200406676720850000000000000000000000000000000000000000000000020290457400100100000
001001026000008605200506676720910000000000000000000000000000000000000000000000020290457400100100000
002011066767213200104164038442000000000017678101200400001047570004650004650000020004600008550000000100000001000000860520000000000000000000000000000000000000000000000100000000000000000000300000000000000000000000000006360011350325996301002574000000
002011066767213200104164038442000000000017678101200400001047570004650004650004580004600008550000000100000001000000860520000000000000000000000000000000000000000000000100000000000000000000300000000000000000000000000006360011350325996301002574000000
002011066767213800104085273121000000000015729818320400001003060004650004650004650000000000000000000100000001000000860520000000000000000000000000000000000000000000000000000000000000000000000000000000000000000000000006360011350325996301002574000000
002011066767214300109104810638000000000013029243600100001003860004650004650004650000000000000000000100000001000000860520000000000000000000000000000000000000000000000000000000000000000000000000010000000000000000000306360011350325996301002574000000
002011066767214800104151776751000000000025366252240400001000600004650004650004650000000000000000000100000001000000860520000000000000000000000000000000000000000000000000000000000000000000000000000000000000000000000006360011350325996301002574000000
002011066767217200104150966199000000000025964608720400001001760004650004650004600004600008550000000100000001000000860520000000000000000000000000000000000000000000000100000000000000000000300000000000000000000000000006360011350325996301002574000000
002011066767243900117048161261000000000032561671520400001011430004650004650004600004600008550000000100000001000000860520000000000000000000000000000000000000000000000100000000000000000000300000000000000000000000000006360011350325996301002574000000
005001066767299500104152133631000000000023922299600400001000800000
00300104000010000500023250000086052000000000000000000000000000000000000000000000006676750300000
00300101000010000100004650000086052000000000000000000000000000000000000000000000006676750300000
001001026000008605200406676750300000000000000000000000000000000000000000000000020290457400100000000
001001026000008605200306676750390000000000000000000000000000000000000000000000020290457400100000000
010001000000000000000000000000000000086052066767504500500000
001001026000008605200206676750540000000000000000000000000000000000000000000000020290457400100000000
010001000000000000000000000000000000086052066767505800400000
001001026000008605200106676750700000000000000000000000000000000000000000000000020290457400100000000
03400667653473000008605200005C06676534730667656848000008605204574I0000000000000000000001000000300046500000000100000001
03400667656855000008605200005C06676568550667660613000008605204574V00000000000000000000040000004000460100000001000000010400000050004650000000010000000104000000500046500000000100000001
