1000020260000086260003063600108048971144070013950000
001001026000008626000206676399290000000000000000000000000000000000000000000000000000000000000000000
010001000000000000000000000000000000086260066763994300100000
0350010667639948871490290000026700000001020000
010001000000000000000000000000000000086260066763994800200000
001001026000008626000306676399880000000000000000000000000000000000000000000000000000000000000000000
001001026000008626000406676399940000000000000000000000000000000000000000000000020290457400100000000
001001026000008626000506676400010000000000000000000000000000000000000000000000020290457400100000000
002011066764055500109079598642000000000028231642320100001000020004650004650004650000000000000000000100000001000000862600000000000000000000000000000000000000000000000000000000000000000000000000000000000000000000000006360010804897114407001395000000
002011066764142800117059692288000000000010681034250400001009600004650004650004650000000000000000000100000001000000862600000000000000000000000000000000000000000000000000000000000000000000000000000000000000000000000006360010804897114407001395000000
002011066764174700109006949178000000000011312190160100001045270004650004650004650000000000000000000100000001000000862600000000000000000000000000000000000000000000000000000000000000000000000000010000000000000000000506360010804897114407001395000000
002011066764181500104151175471000000000023853916880400001002990004650004650004650000000000000000000100000001000000862600000000000000000000000000000000000000000000000000000000000000000000000000000000000000000000000006360010804897114407001395000000
00300101000010000200009300000086260000000000000000000000000000000000000000000000006676428960000
00300104000010000200009300000086260000000000000000000000000000000000000000000000006676428960000
001001026000008626000406676428960000000000000000000000000000000000000000000000020290457400100100000
001001026000008626000506676430140000000000000000000000000000000000000000000000020290457400100100000
002011066764373300104089571797000000000027139344080400001001780004650004650004650000000000000000000100000001000000862600000000000000000000000000000000000000000000000000000000000000000000000000000000000000000000000006360010804897114407001395000000
005001066764373700104156512424000000000026532155600400001000360000
005001066764374100104156512424000000000041780503120400001000360000
002011066764374500104156512424000000000026532155600400001000200004650004650004650000000000000000000100000001000000862600000000000000000000000000000000000000000000000000000000000000000000000000000000000000000000000006360010804897114407001395000000
002011066764375100109160559929000000000002680773840100001001800004650004650004600004600008550000000100000001000000862600000000000000000000000000000000000000000000000100000000000000000000300000000000000000000000000006360010804897114407001395000000
002011066764386800109107973058000000000018390362320100001002820004650004650004650000000000000000000100000001000000862600000000000000000000000000000000000000000000000000000000000000000000000000000000000000000000000006360010804897114407001395000000
002011066764390600104150670788000000000025564132560400001000380004650004650004600004600008550000000100000001000000862600000000000000000000000000000000000000000000000100000000000000000000300000000000000000000000000006360010804897114407001395000000
00300104000010000300013950000086260000000000000000000000000000000000000000000000006676459140000
00300101000010000200009300000086260000000000000000000000000000000000000000000000006676459140000
001001026000008626000406676459140000000000000000000000000000000000000000000000020290457400100000000
001001026000008626000506676459270000000000000000000000000000000000000000000000020290457400100000000
005001066764898400304004987368000000000035264852540800003002140000
005001066764898600304004987368000000000035264852540800003002140000
002011066764933300117057506819000000000011153960330400001006950004650004650004650000000000000000000100000001000000862600000000000000000000000000000000000000000000000000000000000000000000000000000000000000000000000006360010804897114407001395000000
002011066764946400104164458549000000000024311867600400001023870004650004650004650000000000000000000100000001000000862600000000000000000000000000000000000000000000000000000000000000000000000000000000000000000000000006360010804897114407001395000000
002011066764955100104089333535000000000033314192080400001001860004650004650004650000000000000000000100000001000000862600000000000000000000000000000000000000000000000000000000000000000000000000000000000000000000000006360010804897114407001395000000
00300104000010000300013950000086260000000000000000000000000000000000000000000000006676505190000
001001026000008626000406676505190000000000000000000000000000000000000000000000020290457400100100000
001001026000008626000506676505250000000000000000000000000000000000000000000000020290457400100100000
002011066765137700104166543713000000000023352738000400001012640004650004650004650000000000000000000100000001000000862600000000000000000000000000000000000000000000000000000000000000000000000000000000000000000000000006360010804897114407001395000000
002011066765168300104088575934000000000023697457360400001001160004650004650004650000000000000000000100000001000000862600000000000000000000000000000000000000000000000000000000000000000000000000000000000000000000000006360010804897114407001395000000
00300104000010000200009300000086260000000000000000000000000000000000000000000000006676538910000
001001026000008626000406676538910000000000000000000000000000000000000000000000020290457400100000000
001001026000008626000506676538980000000000000000000000000000000000000000000000020290457400100000000
002011066765589600104165634863000000000022981026000400001033530004650004650004650000000000000000000100000001000000862600000000000000000000000000000000000000000000000000000000000000000000000000000000000000000000000006360010804897114407001395000000
005001066765640200104166198846000000000023722560721023001002300000
002011066765640500104166198846000000000023722560720400001135010004650004650004650000000000000000000100000001000000862600000000000000000000000000000000000000000000000000000000000000000000000000000000000000000000000006360010804897114407001395000000
002011066765709400104089064429000000000029305907920400001004540004650004650004650000000000000000000100000001000000862600000000000000000000000000000000000000000000000000000000000000000000000000000000000000000000000006360010804897114407001395000000
00300104000010000300013950000086260000000000000000000000000000000000000000000000006676581080000
001001026000008626000406676581080000000000000000000000000000000000000000000000020290457400100100000
001001026000008626000506676581150000000000000000000000000000000000000000000000020290457400100100000
002011066765831100103096312884000000000029051569360450001000180004650004650004650000000000000000000100000001000000862600000000000000000000000000000000000000000000000000000000000000000000019300000000000000000000000006360010804897114407001395000000
005001066765917300304003930524000000000034429019470800003002140000
005001066765917700304003930524000000000034429019470800003002140000
005001066765919600304003930524000000000034429019470800003002140000
002011066765921100117005100129000000000024673657560400001071430004650004650004650000000000000000000100000001000000862600000000000000000000000000000000000000000000000000000000000000000000000000000000000000000000000006360010804897114407001395000000
002011066765935300104156414351000000000026815337680400001045060004650004650004650000000000000000000100000001000000862600000000000000000000000000000000000000000000000000000000000000000000000000000000000000000000000006360010804897114407001395000000
00300104500010000100004650000086260000000000000000000000000000000000000000000000006676611480000
00300104000010000200009300000086260000000000000000000000000000000000000000000000006676611480000
001001026000008626000406676611480000000000000000000000000000000000000000000000020290457400100000000
001001026000008626000306676611530000000000000000000000000000000000000000000000020290457400100000000
001001026000008626000206676611580000000000000000000000000000000000000000000000020290457400100000000
010001001026000010589500000092320000086260066766116300410000
010001001026000010589500000092320000086260066766116800510000
001001026000008626000106676611760000000000000000000000000000000000000000000000020290457400100000000
03400667640001000008626000005C06676400010667642896000008626004574I000000000000000000000100000020004650000000010000000104000000800046500000000100000001
03400667643014000008626000005C06676430140667645914000008626004574V000000000000000000000100000010004601000000010000000101000000100046500000000100000001040000001000460100000001000000010400000060004650000000010000000104000000600046500000000100000001
