1000020260000086029003002185163227824240900018620000
001001026000008602900206676205390000000000000000000000000000000000000000000000000000000000000000000
010001000000000000000000000000000000086029066762055400100000
0350010667620559456525080000048400000001020000
010001000000000000000000000000000000086029066762055900200000
001001026000008602900306676205660000000000000000000000000000000000000000000000000000000000000000000
001001026000008602900406676216280000000000000000000000000000000000000000000000020340457900100000000
001001026000008602900506676216350000000000000000000000000000000000000000000000020340457900100000000
002011066762197500104165628121000000000024331699920400001071070004300004300004300000000000000000000100000001000000860290000000000000000000000000000000000000000000000000000000000000000000000000000000000000000000000000218516322782424090001862000000
002011066762198100104156897016000000000027587784400400001027250004300004300004300000000000000000000100000001000000860290000000000000000000000000000000000000000000000000000000000000000000000000000000000000000000000000218516322782424090001862000000
002011066762199000104156469911000000000024855468240400001014020004300004300004300000000000000000000100000001000000860290000000000000000000000000000000000000000000000000000000000000000000000000000000000000000000000000218516322782424090001862000000
002011066762212800117056609665000000000039087334140400001015980004300004300004300000000000000000000100000001000000860290000000000000000000000000000000000000000000000000000000000000000000000000000000000000000000000000218516322782424090001862000000
002011066762213500104087661934000000000016497895120400001008000004300004300004300000000000000000000100000001000000860290000000000000000000000000000000000000000000000000000000000000000000000000000000000000000000000000218516322782424090001862000000
002011066762227400117033052214000000000004937923110400001011370004300004300004300000000000000000000100000001000000860290000000000000000000000000000000000000000000000000000000000000000000000000000000000000000000000000218516322782424090001862000000
002011066762230500104164929452000000000024360676560400001084370004300004300004300000000000000000000100000001000000860290000000000000000000000000000000000000000000000000000000000000000000000000000000000000000000000000218516322782424090001862000000
002011066762251400104165190841000000000017705874640400001070080004300004300004300000000000000000000100000001000000860290000000000000000000000000000000000000000000000000000000000000000000000000000000000000000000000000218516322782424090001862000000
002011066762252000117005246051000000000020486573310400001110350004300004300004300000000000000000000100000001000000860290000000000000000000000000000000000000000000000000000000000000000000000000000000000000000000000000218516322782424090001862000000
002011066762268500104156468531000000000027532821200400001027440004300004300004300000000000000000000100000001000000860290000000000000000000000000000000000000000000000000000000000000000000000000000000000000000000000000218516322782424090001862000000
002011066762279500104165627662000000000024097523920400001013430004300004300004300000000000000000000100000001000000860290000000000000000000000000000000000000000000000000000000000000000000000000000000000000000000000000218516322782424090001862000000
002011066762280500117054590771000000000012720535710400001015750004300004300004300000000000000000000100000001000000860290000000000000000000000000000000000000000000000000000000000000000000000000000000000000000000000000218516322782424090001862000000
002011066762295600104165748478000000000024466148560400001026420004300004300004300000000000000000000100000001000000860290000000000000000000000000000000000000000000000000000000000000000000000000000000000000000000000000218516322782424090001862000000
002011066762296500104165194308000000000018695370960400001030130004300004300004300000000000000000000100000001000000860290000000000000000000000000000000000000000000000000000000000000000000000000000000000000000000000000218516322782424090001862000000
002011066762349400104157082636000000000026770570960400001000410004300004300004300000000000000000000100000001000000860290000000000000000000000000000000000000000000000000000000000000000000000000000000000000000000000000218516322782424090001862000000
00300104000010001500064500000086029000000000000000000000000000000000000000000000006676242990000
001001026000008602900406676242990000000000000000000000000000000000000000000000020340457900100100000
002011066762448200104088865631000000000029327690960400001003410004300004300004300000000000000000000100000001000000860290000000000000000000000000000000000000000000000000000000000000000000000000000000000000000000000000218516322782424090001862000000
00300104000010000100004300000086029000000000000000000000000000000000000000000000006676244870000
001001026000008602900506676244870000000000000000000000000000000000000000000000020340457900100100000
002011066762484500104150225881000000000025596275920400001003470004300004300004300000000000000000000100000001000000860290000000000000000000000000000000000000000000000000000000000000000000000000000000000000000000000000218516322782424090001862000000
002011066762561100104089788982000000000023638014160400001001610004300004300004300000000000000000000100000001000000860290000000000000000000000000000000000000000000000000000000000000000000000000000000000000000000000000218516322782424090001862000000
00300104000010000200008600000086029000000000000000000000000000000000000000000000006676260830000
001001026000008602900406676260830000000000000000000000000000000000000000000000020340457900100000000
001001026000008602900506676260890000000000000000000000000000000000000000000000020340457900100000000
002011066762659200104163144346000000000017769052880400001019450004300004300004300000000000000000000100000001000000860290000000000000000000000000000000000000000000000000000000000000000000000000000000000000000000000000218516322782424090001862000000
002011066762760400109125948205000000000005843820240100001004390004300004300004300000000000000000000100000001000000860290000000000000000000000000000000000000000000000000000000000000000000000000000000000000000000000000218516322782424090001862000000
00300104000010000100004300000086029000000000000000000000000000000000000000000000006676295450000
00300101000010000100004300000086029000000000000000000000000000000000000000000000006676295450000
001001026000008602900406676295450000000000000000000000000000000000000000000000020340457900100100000
001001026000008602900506676300880000000000000000000000000000000000000000000000020340457900100100000
002011066763013900104166489417000000000024265925840400001019780004300004300004300000000000000000000100000001000000860290000000000000000000000000000000000000000000000000000000000000000000000000000000000000000000000000218516322782424090001862000000
002011066763014700104164566961000000000023030390480400001120820004300004300004300000000000000000000100000001000000860290000000000000000000000000000000000000000000000000000000000000000000000000000000000000000000000000218516322782424090001862000000
002011066763015700104153240008000000000027837486800400001046620004300004300002250002250008550000000100000001000000860290000000000000000000000000000000000000000000000100000000000000000000300000000000000000000000000000218516322782424090001862000000
002011066763016400109068212748000000000014171497680100001011830004300004300004300000000000000000000100000001000000860290000000000000000000000000000000000000000000000000000000000000000000000000000000000000000000000000218516322782424090001862000000
002011066763017100104089210638000000000034684063440400001001340004300004300004300000000000000000000100000001000000860290000000000000000000000000000000000000000000000000000000000000000000000000000000000000000000000000218516322782424090001862000000
002011066763018300109078899071000000000030882842320100001000060004300004300004300000000000000000000100000001000000860290000000000000000000000000000000000000000000000000000000000000000000000000000000000000000000000000218516322782424090001862000000
002011066763020400104088275493000000000012576095440400001004570004300004300004300000000000000000000100000001000000860290000000000000000000000000000000000000000000000000000000000000000000000000000000000000000000000000218516322782424090001862000000
00300104000010000500021500000086029000000000000000000000000000000000000000000000006676318450000
00300101000010000200008600000086029000000000000000000000000000000000000000000000006676318450000
001001026000008602900406676318450000000000000000000000000000000000000000000000020340457900100000000
001001026000008602900506676318520000000000000000000000000000000000000000000000020340457900100000000
002011066763242200104079210661000000000036687494150400001010790004300004300004300000000000000000000100000001000000860290000000000000000000000000000000000000000000000000000000000000000000019300000000000000000000000000218516322782424090001862000000
002011066763243500104152446371000000000024903552720400001025820004300004300004300000000000000000000100000001000000860290000000000000000000000000000000000000000000000000000000000000000000000000000000000000000000000000218516322782424090001862000000
002011066763244500104086699008000000000016649017040400001006980004300004300004300000000000000000000100000001000000860290000000000000000000000000000000000000000000000000000000000000000000000000000000000000000000000000218516322782424090001862000000
002011066763278400109126559458000000000002393134800100001007040004300004300004300000000000000000000100000001000000860290000000000000000000000000000000000000000000000000000000000000000000000000000000000000000000000000218516322782424090001862000000
002011066763283000104165143037000000000019401367760400001102990004300004300004300000000000000000000100000001000000860290000000000000000000000000000000000000000000000000000000000000000000000000000000000000000000000000218516322782424090001862000000
002011066763283600117052917934000000000009732396210400001020130004300004300004300000000000000000000100000001000000860290000000000000000000000000000000000000000000000000000000000000000000000000000000000000000000000000218516322782424090001862000000
002011066763322700104166011721000000000024416671440400001022740004300004300004300000000000000000000100000001000000860290000000000000000000000000000000000000000000000000000000000000000000000000000000000000000000000000218516322782424090001862000000
00300104000010000600025800000086029000000000000000000000000000000000000000000000006676352410000
00300101000010000100004300000086029000000000000000000000000000000000000000000000006676352410000
001001026000008602900406676352410000000000000000000000000000000000000000000000020340457900100100000
001001026000008602900506676354510000000000000000000000000000000000000000000000020340457900100100000
005001066763547100104152748563000000000024939272400400001000360000
002011066763547700104152748563000000000024939272400400001020700004300004300004300000000000000000000100000001000000860290000000000000000000000000000000000000000000000000000000000000000000000000000000000000000000000000218516322782424090001862000000
002011066763553900117049818327000000000035230727940400001015290004300004300004300000000000000000000100000001000000860290000000000000000000000000000000000000000000000000000000000000000000000000000000000000000000000000218516322782424090001862000000
002011066763638300104152754008000000000026858760400400001012620004300004300004300000000000000000000100000001000000860290000000000000000000000000000000000000000000000000000000000000000000000000000000000000000000000000218516322782424090001862000000
00300104000010000300012900000086029000000000000000000000000000000000000000000000006676374020000
001001026000008602900406676374020000000000000000000000000000000000000000000000020340457900100000000
001001026000008602900506676374090000000000000000000000000000000000000000000000020340457900100000000
002011066763779300109123635447000000000003538048720100001002860004300004300004300000000000000000000100000001000000860290000000000000000000000000000000000000000000000000000000000000000000000000000000000000000000000000218516322782424090001862000000
002011066763857800104156615711000000000027512612560400001000520004300004300004300000000000000000000100000001000000860290000000000000000000000000000000000000000000000000000000000000000000000000000000000000000000000000218516322782424090001862000000
002011066763891000117059753805000000000014167108090400001015390004300004300004300000000000000000000100000001000000860290000000000000000000000000000000000000000000000000000000000000000000000000000000000000000000000000218516322782424090001862000000
00300101000010000100004300000086029000000000000000000000000000000000000000000000006676406570000
00300104000010000200008600000086029000000000000000000000000000000000000000000000006676406570000
001001026000008602900406676406570000000000000000000000000000000000000000000000020340457900100100000
001001026000008602900306676406620000000000000000000000000000000000000000000000020340457900100100000
001001026000008602900206676406670000000000000000000000000000000000000000000000020340457900100100000
010001000000000000000000000000000000086029066764067300400000
010001000000000000000000000000000000086029066764067800500000
010001000000000000000000000000000000086029066764073700100000
0350010667640741871457830000029700000001020000
010001000000000000000000000000000000086029066764074200200000
001001026000008602900306676407490000000000000000000000000000000000000000000000020340457900100100000
001001026000008602900406676407570000000000000000000000000000000000000000000000020340457900100100000
001001026000008602900506676407650000000000000000000000000000000000000000000000020340457900100100000
005001066764127500000000000000000000000024297042640000000000150000
002011066764130400109079031626000000000032273598160100001000630004300004300000000000000008550000000100000001000000860290000000000000000000000000000000000000000000000100000000000000000000300000000000000000000000000000218516322782424090001862000000
002011066764138000104084796766000000000015388081360400001005650004300004300004300000000000000000000100000001000000860290000000000000000000000000000000000000000000000000000000000000000000000000000000000000000000000000218516322782424090001862000000
002011066764140700109126767026000000000004054659280100001049210004300004300004300000000000000000000100000001000000860290000000000000000000000000000000000000000000000000000000000000000000000000010000000000000000000100218516322782424090001862000000
002011066764145000104165909021000000000024277607120400001032610004300004300004300000000000000000000100000001000000860290000000000000000000000000000000000000000000000000000000000000000000000000000000000000000000000000218516322782424090001862000000
002011066764202800109128744198000000000010677706960100001010530004300004300004300000000000000000000100000001000000860290000000000000000000000000000000000000000000000000000000000000000000000000010000000000000000000100218516322782424090001862000000
00300101000010000300012900000086029000000000000000000000000000000000000000000000006676429610000
00300104000010000200008600000086029000000000000000000000000000000000000000000000006676429610000
001001026000008602900406676429610000000000000000000000000000000000000000000000020340457900100000000
001001026000008602900506676429680000000000000000000000000000000000000000000000020340457900100000000
005001066764336400000000000000000000000025387144400000000000150000
002011066764336700104151549885000000000025387144400400001001040004300004300004300000000000000000000100000001000000860290000000000000000000000000000000000000000000000000000000000000000000000000000000000000000000000000218516322782424090001862000000
002011066764337300104151958191000000000025367463120400001010660004300004300004300000000000000000000100000001000000860290000000000000000000000000000000000000000000000000000000000000000000000000000000000000000000000000218516322782424090001862000000
002011066764349100104156442851000000000027102976720400001001200004300004300004300000000000000000000100000001000000860290000000000000000000000000000000000000000000000000000000000000000000000000000000000000000000000000218516322782424090001862000000
002011066764377700104167430513000000000024424000720400001025340004300004300004300000000000000000000100000001000000860290000000000000000000000000000000000000000000000000000000000000000000000000000000000000000000000000218516322782424090001862000000
00300104000010000400017200000086029000000000000000000000000000000000000000000000006676453860000
001001026000008602900406676453860000000000000000000000000000000000000000000000020340457900100100000
001001026000008602900506676453930000000000000000000000000000000000000000000000020340457900100100000
002011066764636900109079082141000000000030233321680100001000870004300004300004300000000000000000000100000001000000860290000000000000000000000000000000000000000000000000000000000000000000000000000000000000000000000000218516322782424090001862000000
002011066764639300104082915601000000000003901512400400001015230004300004300004300000000000000000000100000001000000860290000000000000000000000000000000000000000000000000000000000000000000000000000000000000000000000000218516322782424090001862000000
002011066764751100104089327471000000000031545232080400001001690004300004300004300000000000000000000100000001000000860290000000000000000000000000000000000000000000000000000000000000000000000000000000000000000000000000218516322782424090001862000000
00300101000010000100004300000086029000000000000000000000000000000000000000000000006676478120000
00300104000010000200008600000086029000000000000000000000000000000000000000000000006676478120000
001001026000008602900406676478120000000000000000000000000000000000000000000000020340457900100000000
001001026000008602900506676478190000000000000000000000000000000000000000000000020340457900100000000
005001066764959300000000000000000000000003636603600000000000150000
002011066764959600109124149244000000000003636603600100001030590004300004300004300000000000000000000100000001000000860290000000000000000000000000000000000000000000000000000000000000000000000000010000000000000000000100218516322782424090001862000000
00300101000010000100004300000086029000000000000000000000000000000000000000000000006676504990000
001001026000008602900406676504990000000000000000000000000000000000000000000000020340457900100100000
001001026000008602900506676505070000000000000000000000000000000000000000000000020340457900100100000
005001066765215300104089344529000000000034955914960400001000360000
002011066765215300104089344529000000000034955914960400001003090004300004300004300000000000000000000100000001000000860290000000000000000000000000000000000000000000000000000000000000000000000000000000000000000000000000218516322782424090001862000000
002011066765410200104165153921000000000014827761360400001020380004300004300004300000000000000000000100000001000000860290000000000000000000000000000000000000000000000000000000000000000000000000000000000000000000000000218516322782424090001862000000
002011066765415900109079396136000000000030409669840100001001220004300004300004300000000000000000000100000001000000860290000000000000000000000000000000000000000000000000000000000000000000000000000000000000000000000000218516322782424090001862000000
002011066765419700109006879463000000000011313744080100001004220004300004300004300000000000000000000100000001000000860290000000000000000000000000000000000000000000000000000000000000000000000000000000000000000000000000218516322782424090001862000000
00300104000010000200008600000086029000000000000000000000000000000000000000000000006676558570000
00300101000010000200008600000086029000000000000000000000000000000000000000000000006676558570000
001001026000008602900406676558570000000000000000000000000000000000000000000000020340457900100000000
001001026000008602900506676558650000000000000000000000000000000000000000000000020340457900100000000
002011066765746600104152735852000000000028465974480400001030150004300004300004300000000000000000000100000001000000860290000000000000000000000000000000000000000000000000000000000000000000000000000000000000000000000000218516322782424090001862000000
002011066765747300104082657475000000000001514238160400001021570004300004300004300000000000000000000100000001000000860290000000000000000000000000000000000000000000000000000000000000000000000000000000000000000000000000218516322782424090001862000000
002011066765748100104153094401000000000027773179600400001048400004300004300004300000000000000000000100000001000000860290000000000000000000000000000000000000000000000000000000000000000000000000000000000000000000000000218516322782424090001862000000
002011066765749800117041029544000000000009217518930400001012240004300004300004300000000000000000000100000001000000860290000000000000000000000000000000000000000000000000000000000000000000000000000000000000000000000000218516322782424090001862000000
002011066765750900104083956751000000000009249685200400001018210004300004300004300000000000000000000100000001000000860290000000000000000000000000000000000000000000000000000000000000000000000000000000000000000000000000218516322782424090001862000000
002011066765754100104152614273000000000027773760720400001026090004300004300004300000000000000000000100000001000000860290000000000000000000000000000000000000000000000000000000000000000000000000000000000000000000000000218516322782424090001862000000
002011066765754700104086489161000000000018926239440400001014260004300004300004300000000000000000000100000001000000860290000000000000000000000000000000000000000000000000000000000000000000000000000000000000000000000000218516322782424090001862000000
002011066765755600117033848965000000000016974146100400001043140004300004300000000000000008550000000100000001000000860290000000000000000000000000000000000000000000000100000000000000000000300000000000000000000000000000218516322782424090001862000000
005001066766018200104157503399000000000027546325201022001000150000
002011066766018900104157503399000000000027546325200400001021430004300004300004300000000000000000000100000001000000860290000000000000000000000000000000000000000000000000000000000000000000000000000000000000000000000000218516322782424090001862000000
00300104000010000900038700000086029000000000000000000000000000000000000000000000006676617410000
001001026000008602900406676617410000000000000000000000000000000000000000000000020340457900100100000
001001026000008602900306676617470000000000000000000000000000000000000000000000020340457900100100000
001001026000008602900206676617520000000000000000000000000000000000000000000000020340457900100100000
010001000000000000000000000000000000086029066766175800400000
010001000000000000000000000000000000086029066766176300500000
001001026000008602900106676617700000000000000000000000000000000000000000000000020340457900100100000
03400667624299000008602900004T06676242990667624487000008602904579V0000000000000000000004000000100043000000000100000001
03400667621635000008602900005C06676216350667624299000008602904579I0000000000000000000004000003600043000000000100000001
03400667624487000008602900005C06676244870667626083000008602904579V000000000000000000000400000150004300000000010000000104000001500043000000000100000001
