1000020260000086171003025243604634338603860033570000
001001026000008617100206676158020000000000000000000000000000000000000000000000020340457900100000000
010001000000000000000000000000000000086171066761581900100000
0350010667615823357195000000006900000001020000
010001000000000000000000000000000000086171066761582300200000
001001026000008617100306676158340000000000000000000000000000000000000000000000020340457900100000000
001001026000008617100406676173300000000000000000000000000000000000000000000000020340457900100000000
001001026000008617100506676173380000000000000000000000000000000000000000000000020340457900100000000
002011066761819200109107512808000000000013123482320100001004710004300004300004300000000000000000000100000001000000861710000000000000000000000000000000000000000000000000000000000000000000000000000000000000000000000002524360463433860386003357000000
002011066761844900104152612611000000000027760817360400001022400004300004300004300000000000000000000100000001000000861710000000000000000000000000000000000000000000000000000000000000000000000000000000000000000000000002524360463433860386003357000000
002011066761935500104083127763000000000011772068560400001006740004300004300004300000000000000000000100000001000000861710000000000000000000000000000000000000000000000000000000000000000000000000000000000000000000000002524360463433860386003357000000
002011066761936000104149982216000000000025851810000400001005710004300004300004300000000000000000000100000001000000861710000000000000000000000000000000000000000000000000000000000000000000000000000000000000000000000002524360463433860386003357000000
002011066761964200104165467037000000000022919555280400001050520004300004300004300000000000000000000100000001000000861710000000000000000000000000000000000000000000000000000000000000000000000000000000000000000000000002524360463433860386003357000000
00300101000010000100004300000086171000000000000000000000000000000000000000000000006676202120000
00300104000010000400017200000086171000000000000000000000000000000000000000000000006676202120000
001001026000008617100406676202120000000000000000000000000000000000000000000000020340457900100100000
002011066762057900117024529321000000000019363389500400001089560004300004300004300000000000000000000100000001000000861710000000000000000000000000000000000000000000000000000000000000000000000000000000000000000000000002524360463433860386003357000000
002011066762058500104082402302000000000000031202000400001019890004300004300004300000000000000000000100000001000000861710000000000000000000000000000000000000000000000000000000000000000000000000000000000000000000000002524360463433860386003357000000
00300104000010000200008600000086171000000000000000000000000000000000000000000000006676208020000
001001026000008617100506676208020000000000000000000000000000000000000000000000020340457900100100000
001001026000008617100406676226080000000000000000000000000000000000000000000000020340457900100000000
001001026000008617100506676226160000000000000000000000000000000000000000000000020340457900100000000
005001066762275100000000000000000000000017029543760000000000150000
005001066762275100000000000000000000000017029543760000000000150000
005001066762275200000000000000000000000017029543760000000000150000
005001066762275300000000000000000000000017029543760000000000150000
005001066762275500000000000000000000000017029543760000000000150000
002011066762276100104166184918000000000023163981520400001037880004300004300004300000000000000000000100000001000000861710000000000000000000000000000000000000000000000000000000000000000000000000000000000000000000000002524360463433860386003357000000
002011066762315800104165363878000000000023053614800400001041280004300004300004300000000000000000000100000001000000861710000000000000000000000000000000000000000000000000000000000000000000000000000000000000000000000002524360463433860386003357000000
005001066762321400117050907061000000000028911888690400001000150000
005001066762321600117050907061000000000028911888690400001000150000
005001066762321600117050907061000000000028911888690100001000150000
005001066762321600117050907061000000000028911888690400001000150000
002011066762321800117050907061000000000028911888690400001014830004300004300004300000000000000000000100000001000000861710000000000000000000000000000000000000000000000000000000000000000000000000000000000000000000000002524360463433860386003357000000
002011066762322500104152686843000000000026231552720400001081330004300004300004300000000000000000000100000001000000861710000000000000000000000000000000000000000000000000000000000000000000000000000000000000000000000002524360463433860386003357000000
002011066762337100109068182611000000000014657470160100001009550004300004300004300000000000000000000100000001000000861710000000000000000000000000000000000000000000000000000000000000000000000000000000000000000000000002524360463433860386003357000000
002011066762344400117056725118000000000039084886620400001011480004300004300004300000000000000000000100000001000000861710000000000000000000000000000000000000000000000000000000000000000000000000000000000000000000000002524360463433860386003357000000
005001066762345700305000277615000000000019812223270710003002140000
002011066762345700305000277615000000000019812223270400001023120004300004300004300000000000000000000100000001000000861710000000000000000000000000000000000000000000000000000000000000000000019300000000000000000000000002524360463433860386003357000000
002011066762353300117041083891000000000007342433830400001034100004300004300004300000000000000000000100000001000000861710000000000000000000000000000000000000000000000000000000000000000000000000000000000000000000000002524360463433860386003357000000
002011066762360400117024121551000000000017631301020400001048770004300004300004300000000000000000000100000001000000861710000000000000000000000000000000000000000000000000000000000000000000000000000000000000000000000002524360463433860386003357000000
002011066762360900104089544561000000000030146361040400001002160004300004300004300000000000000000000100000001000000861710000000000000000000000000000000000000000000000000000000000000000000000000000000000000000000000002524360463433860386003357000000
002011066762376500104089652584000000000034920973520400001001400004300004300004300000000000000000000100000001000000861710000000000000000000000000000000000000000000000000000000000000000000000000000000000000000000000002524360463433860386003357000000
002011066762379000109006946748000000000009120840400100001094940004300004300004300000000000000000000100000001000000861710000000000000000000000000000000000000000000000000000000000000000000000000000000000000000000000002524360463433860386003357000000
002011066762379600104164499296000000000023064643280400001020880004300004300004300000000000000000000100000001000000861710000000000000000000000000000000000000000000000000000000000000000000000000000000000000000000000002524360463433860386003357000000
002011066762392800117034794151000000000007760695090400001017410004300004300004300000000000000000000100000001000000861710000000000000000000000000000000000000000000000000000000000000000000000000000000000000000000000002524360463433860386003357000000
002011066762403600104165910607000000000024262142160400001102110004300004300004300000000000000000000100000001000000861710000000000000000000000000000000000000000000000000000000000000000000000000000000000000000000000002524360463433860386003357000000
002011066762404900104153264306000000000029440208080400001031770004300004300004300000000000000000000100000001000000861710000000000000000000000000000000000000000000000000000000000000000000000000000000000000000000000002524360463433860386003357000000
002011066762405900104078339481000000000014438104590400001029360004300004300004300000000000000000000100000001000000861710000000000000000000000000000000000000000000000000000000000000000000019300000000000000000000000002524360463433860386003357000000
002011066762417300104089343794000000000034681923280400001001160004300004300004300000000000000000000100000001000000861710000000000000000000000000000000000000000000000000000000000000000000000000000000000000000000000002524360463433860386003357000000
005001066762496901503003281062000000000035692557340612015002140000
005001066762500401503003281062000000000035692557340612015002140000
00300104000010001600068800000086171000000000000000000000000000000000000000000000006676256100000
00300101000010000200008600000086171000000000000000000000000000000000000000000000006676256100000
001001026000008617100406676256100000000000000000000000000000000000000000000000020340457900100100000
002011066762599400104164962361000000000019402038480400001031570004300004300004300000000000000000000100000001000000861710000000000000000000000000000000000000000000000000000000000000000000000000000000000000000000000002524360463433860386003357000000
002011066762600200104083191879000000000008900580560400001009400004300004300004300000000000000000000100000001000000861710000000000000000000000000000000000000000000000000000000000000000000000000000000000000000000000002524360463433860386003357000000
00300104000010000200008600000086171000000000000000000000000000000000000000000000006676263500000
001001026000008617100506676263500000000000000000000000000000000000000000000000020340457900100100000
002011066762696100104156469375000000000026924260560400001019800004300004300004300000000000000000000100000001000000861710000000000000000000000000000000000000000000000000000000000000000000000000000000000000000000000002524360463433860386003357000000
002011066762696700104089095618000000000023721145040400001002040004300004300004300000000000000000000100000001000000861710000000000000000000000000000000000000000000000000000000000000000000000000000000000000000000000002524360463433860386003357000000
002011066762728300117050287798000000000020571674930400001014010004300004300004300000000000000000000100000001000000861710000000000000000000000000000000000000000000000000000000000000000000000000000000000000000000000002524360463433860386003357000000
00300104000010000300012900000086171000000000000000000000000000000000000000000000006676282390000
001001026000008617100406676282390000000000000000000000000000000000000000000000020340457900100000000
001001026000008617100506676282460000000000000000000000000000000000000000000000020340457900100000000
002011066762856200104156967979000000000027505416400400001027170004300004300004300000000000000000000100000001000000861710000000000000000000000000000000000000000000000000000000000000000000000000000000000000000000000002524360463433860386003357000000
002011066762867100104084704926000000000016003208400400001007920004300004300004300000000000000000000100000001000000861710000000000000000000000000000000000000000000000000000000000000000000000000000000000000000000000002524360463433860386003357000000
005001066762886000304004021447000000000026102983980800003002140000
002011066762887900104082915601000000000003901512400400001015200004300004300004300000000000000000000100000001000000861710000000000000000000000000000000000000000000000000000000000000000000000000000000000000000000000002524360463433860386003357000000
002011066762888600104156234548000000000024622597840400001150320004300004300004300000000000000000000100000001000000861710000000000000000000000000000000000000000000000000000000000000000000000000000000000000000000000002524360463433860386003357000000
002011066762890500104151602476000000000024535865040400001000730004300004300004300000000000000000000100000001000000861710000000000000000000000000000000000000000000000000000000000000000000000000000000000000000000000002524360463433860386003357000000
002011066762891200104084168935000000000008968627920400001009450004300004300004300000000000000000000100000001000000861710000000000000000000000000000000000000000000000000000000000000000000000000000000000000000000000002524360463433860386003357000000
002011066762915000104162002122000000000025097508560400001010300004300004300004300000000000000000000100000001000000861710000000000000000000000000000000000000000000000000000000000000000000000000000000000000000000000002524360463433860386003357000000
002011066762915600104166216933000000000024429870800400001051120004300004300004300000000000000000000100000001000000861710000000000000000000000000000000000000000000000000000000000000000000000000000000000000000000000002524360463433860386003357000000
002011066762916400104089352254000000000034702116560400001001400004300004300004300000000000000000000100000001000000861710000000000000000000000000000000000000000000000000000000000000000000000000000000000000000000000002524360463433860386003357000000
002011066762935100109126149128000000000003345764560100001027410004300004300004300000000000000000000100000001000000861710000000000000000000000000000000000000000000000000000000000000000000000000000000000000000000000002524360463433860386003357000000
002011066762999900109126841978000000000003420862160100001001830004300004300004300000000000000000000100000001000000861710000000000000000000000000000000000000000000000000000000000000000000000000000000000000000000000002524360463433860386003357000000
002011066763000500104087497034000000000016480722640400001005540004300004300004300000000000000000000100000001000000861710000000000000000000000000000000000000000000000000000000000000000000000000000000000000000000000002524360463433860386003357000000
00300104000010001000043000000086171000000000000000000000000000000000000000000000006676310340000
00300101000010000200008600000086171000000000000000000000000000000000000000000000006676310340000
001001026000008617100406676310340000000000000000000000000000000000000000000000020340457900100100000
001001026000008617100506676315420000000000000000000000000000000000000000000000020340457900100100000
002011066763154600104086057928000000000015213069520400001007060004300004300004300000000000000000000100000001000000861710000000000000000000000000000000000000000000000000000000000000000000000000000000000000000000000002524360463433860386003357000000
002011066763154500104087772353000000000018413054160400001003810004300004300004300000000000000000000100000001000000861710000000000000000000000000000000000000000000000000000000000000000000000000000000000000000000000002524360463433860386003357000000
002011066763161300104164918329000000000017634706640400001019570004300004300004300000000000000000000100000001000000861710000000000000000000000000000000000000000000000000000000000000000000000000000000000000000000000002524360463433860386003357000000
005001066763162600104021976155000000000011444673970400001000150000
005001066763162600104021976155000000000011444673970400001000150000
005001066763162600104021976155000000000011444673970400001000150000
002011066763163000104021976155000000000011444673970400001066420004300004300004300000000000000000000100000001000000861710000000000000000000000000000000000000000000000000000000000000000000019300000000000000000000000002524360463433860386003357000000
002011066763167900104083672974000000000011892910800400001010630004300004300004300000000000000000000100000001000000861710000000000000000000000000000000000000000000000000000000000000000000000000000000000000000000000002524360463433860386003357000000
002011066763250900104165979135000000000024437837520400001010950004300004300004300000000000000000000100000001000000861710000000000000000000000000000000000000000000000000000000000000000000000000000000000000000000000002524360463433860386003357000000
00300104000010000600025800000086171000000000000000000000000000000000000000000000006676336370000
001001026000008617100406676336370000000000000000000000000000000000000000000000020340457900100000000
001001026000008617100506676336440000000000000000000000000000000000000000000000020340457900100000000
005001066763457600304004972182000000000035339558780800003002140000
002011066763480300104157320421000000000027469550800400001021810004300004300004300000000000000000000100000001000000861710000000000000000000000000000000000000000000000000000000000000000000000000000000000000000000000002524360463433860386003357000000
002011066763483600117005836478000000000023561850750400001077710004300004300004300000000000000000000100000001000000861710000000000000000000000000000000000000000000000000000000000000000000000000000000000000000000000002524360463433860386003357000000
00300104000010000200008600000086171000000000000000000000000000000000000000000000006676369520000
001001026000008617100406676369520000000000000000000000000000000000000000000000020340457900100100000
001001026000008617100306676369580000000000000000000000000000000000000000000000020340457900100100000
010001009020000005854000000038630000086171066763696500510000
001001026000008617100206676369740000000000000000000000000000000000000000000000020340457900100100000
010001009020000005854000000038630000086171066763698000410000
001001026000008617100106676369880000000000000000000000000000000000000000000000020340457900100100000
03400667620212000008617100004T06676202120667620802000008617104579V0000000000000000000004000000400043000000000100000001
03400667617338000008617100005C06676173380667620212000008617104579I000000000000000000000100000050004300000000010000000104000003200043000000000100000001
