1000020260000086238003063600113503259941480025000000
001001026000008623800206676514290000000000000000000000000000000000000000000000000000000000000000000
010001000000000000000000000000000000086238066765144300100000
0350010667651447340860950000029500000001020000
010001000000000000000000000000000000086238066765144800200000
001001026000008623800306676514540000000000000000000000000000000000000000000000000000000000000000000
001001026000008623800406676514600000000000000000000000000000000000000000000000020350458000100000000
001001026000008623800506676514670000000000000000000000000000000000000000000000020350458000100000000
002011066765366500104167162098000000000023048351440400001053630005550005550005550000000000000000000100000001000000862380000000000000000000000000000000000000000000000000000000000000000000000000000000000000000000000006360011350325994148002500000000
002011066765366900104156298279000000000027418018000400001061950005550005550004500004500008550000000100000001000000862380000000000000000000000000000000000000000000000100000000000000000000300000000000000000000000000006360011350325994148002500000000
002011066765670200104085645605000000000015995113680400001014000005550005550005550000000000000000000100000001000000862380000000000000000000000000000000000000000000000000000000000000000000000000000000000000000000000006360011350325994148002500000000
002011066765673800104157509087000000000027526410960400001020730005550005550004500004500008550000000100000001000000862380000000000000000000000000000000000000000000000100000000000000000000300000000000000000000000000006360011350325994148002500000000
002011066765674300104086579142000000000017611195600400001006160005550005550005550000000000000000000100000001000000862380000000000000000000000000000000000000000000000000000000000000000000000000000000000000000000000006360011350325994148002500000000
002011066765675000104164165819000000000018642770640400001024130005550005550005550000000000000000000100000001000000862380000000000000000000000000000000000000000000000000000000000000000000000000000000000000000000000006360011350325994148002500000000
002011066765675500104152805737000000000026203121360400001037680005550005550005550000000000000000000100000001000000862380000000000000000000000000000000000000000000000000000000000000000000000000000000000000000000000006360011350325994148002500000000
002011066765706300104083157085000000000012670393040400001006620005550005550005550000000000000000000100000001000000862380000000000000000000000000000000000000000000000000000000000000000000000000000000000000000000000006360011350325994148002500000000
002011066765708100117052872361000000000017906426030400001007130005550005550005550000000000000000000100000001000000862380000000000000000000000000000000000000000000000000000000000000000000000000000000000000000000000006360011350325994148002500000000
002011066765750900104163976864000000000024136896720400001093560005550005550004500004500008550000000100000001000000862380000000000000000000000000000000000000000000000100000000000000000000300000000000000000000000000006360011350325994148002500000000
002011066766230000117057007251000000000029574676700400001023940005550005550005550000000000000000000100000001000000862380000000000000000000000000000000000000000000000000000000000000000000000000000000000000000000000006360011350325994148002500000000
002011066766261700104156521652000000000028481818320400001025420005550005550005510000000000000000000100000001000000862380000000000000000000000000000000000000000000000000000000000000000000000000000000000000000000000006360011350325994148002500000000
002011066766261700104156521652000000000028481818320400001025420005550005550000040000000000000000000100000001000000862380000000000000000000000000000000000000000000000000000000000000000000000000000000000000000000000006360011350325994148002500000000
002011066766271800109104398516000000000013071545040100001013870005550005550005550000000000000000000100000001000000862380000000000000000000000000000000000000000000000000000000000000000000000000000000000000000000000006360011350325994148002500000000
002011066766309700104166959502000000000024143583440400001016070005550005550005550000000000000000000100000001000000862380000000000000000000000000000000000000000000000000000000000000000000000000000000000000000000000006360011350325994148002500000000
002011066766316300109007038081000000000009103414480100001033110005550005550005550000000000000000000100000001000000862380000000000000000000000000000000000000000000000000000000000000000000000000000000000000000000000006360011350325994148002500000000
002011066766361900104080537855000000000006645472810400001010650005550005550005550000000000000000000100000001000000862380000000000000000000000000000000000000000000000000000000000000000000019300000000000000000000000006360011350325994148002500000000
002011066766377500104088572919000000000023678375120400001003580005550005550005550000000000000000000100000001000000862380000000000000000000000000000000000000000000000000000000000000000000000000000000000000000000000006360011350325994148002500000000
005001066766395700304005283402000000000019834808020800003002140000
002011066766396500104164244891000000000023396150480400001031290005550005550005550000000000000000000100000001000000862380000000000000000000000000000000000000000000000000000000000000000000000000000000000000000000000006360011350325994148002500000000
002011066766429200104164822331000000000023246610640400001038870005550005550005550000000000000000000100000001000000862380000000000000000000000000000000000000000000000000000000000000000000000000000000000000000000000006360011350325994148002500000000
002011066766458400104166050539000000000023959281360400001009000005550005550005550000000000000000000100000001000000862380000000000000000000000000000000000000000000000000000000000000000000000000000000000000000000000006360011350325994148002500000000
002011066766458900104078995141000000000031500769610400001012540005550005550005550000000000000000000100000001000000862380000000000000000000000000000000000000000000000000000000000000000000019300000000000000000000000006360011350325994148002500000000
002011066766483500104089322258000000000034946988240400001003650005550005550005550000000000000000000100000001000000862380000000000000000000000000000000000000000000000000000000000000000000000000000000000000000000000006360011350325994148002500000000
002011066766666700117056817799000000000039033569980400001029770005550005550004500004500008550000000100000001000000862380000000000000000000000000000000000000000000000100000000000000000000300000000000000000000000000006360011350325994148002500000000
005001066766799400109104398516000000000013071545040100001000150000
002011066766799600109104398516000000000013071545040100001013900005550005550005550000000000000000000100000001000000862380000000000000000000000000000000000000000000000000000000000000000000000000000000000000000000000006360011350325994148002500000000
005001066766800000109006587055000000000010023112401023001002300000
002011066766800200109006587055000000000010023112400100001026830005550005550004600004600008550000000100000001000000862380000000000000000000000000000000000000000000000100000000000000000000300000010000000000000000000206360011350325994148002500000000
002011066766801500104156292467000000000027543647440400001000450005550005550005550000000000000000000100000001000000862380000000000000000000000000000000000000000000000000000000000000000000000000000000000000000000000006360011350325994148002500000000
002011066766801900104151854581000000000024738274000400001000830005550005550005550000000000000000000100000001000000862380000000000000000000000000000000000000000000000000000000000000000000000000000000000000000000000006360011350325994148002500000000
005001066766822700104086023217000000000023576528081023001002300000
002011066766823200104086023217000000000023576528080400001008820005550005550005550000000000000000000100000001000000862380000000000000000000000000000000000000000000000000000000000000000000000000000000000000000000000006360011350325994148002500000000
002011066767200400117059466075000000000010706396970400001015210005550005550005550000000000000000000100000001000000862380000000000000000000000000000000000000000000000000000000000000000000000000000000000000000000000006360011350325994148002500000000
002011066767272500104088108325000000000015947589840400001004600005550005550005550000000000000000000100000001000000862380000000000000000000000000000000000000000000000000000000000000000000000000000000000000000000000006360011350325994148002500000000
005001066767273000304005328198000000000019834227540800003002140000
002011066767320300104079855041000000000010190126330400001026350005550005550005550000000000000000000100000001000000862380000000000000000000000000000000000000000000000000000000000000000000019300000000000000000000000006360011350325994148002500000000
00600106676733380000000000274176365610230011200000000030000
002011066767334400104156887088000000000027417636560400001000060005550005550005550000000000000000000100000001000000862380000000000000000000000000000000000000000000000000000000000000000000000000000000000000000000000006360011350325994148002500000000
00300104000010002800155400000086238000000000000000000000000000000000000000000000006676746110000
00300101000010000400022200000086238000000000000000000000000000000000000000000000006676746110000
001001026000008623800406676746110000000000000000000000000000000000000000000000020350458000100100000
001001026000008623800306676746160000000000000000000000000000000000000000000000020350458000100100000
010001000000000000000000000000000000086238066767462800500000
001001026000008623800206676746360000000000000000000000000000000000000000000000020350458000100100000
010001000000000000000000000000000000086238066767464200400000
001001026000008623800106676746500000000000000000000000000000000000000000000000020350458000100100000
03400667651467000008623800005C06676514670667674611000008623804580I00000000000000000000010000003000555000000001000000010100000010004601000000010000000104000002300055500000000100000001040000004000450100000001000000010400000010005510000000010000000104000000100000400000000100000001
