1000020260000086032003063600108005701975210018740000
001001026000008603200206676650950000000000000000000000000000000000000000000000000000000000000000000
010001000000000000000000000000000000086032066766511100100000
0350010667665116252716790000022300000001020000
010001000000000000000000000000000000086032066766511600200000
001001026000008603200306676651220000000000000000000000000000000000000000000000000000000000000000000
001001026000008603200406676651310000000000000000000000000000000000000000000000020350458000100100000
001001026000008603200506676651380000000000000000000000000000000000000000000000020350458000100100000
002011066766762900117044946637000000000027613633600400001025540005550005550005550000000000000000000100000001000000860320000000000000000000000000000000000000000000000000000000000000000000000000000000000000000000000006360010800570197521001874000000
00300104000010000100005550000086032000000000000000000000000000000000000000000000006676687580000
001001026000008603200406676687580000000000000000000000000000000000000000000000020350458000100000000
001001026000008603200506676704000000000000000000000000000000000000000000000000020350458000100000000
002011066767072900104165469285000000000023042519760400001023370005550005550005550000000000000000000100000001000000860320000000000000000000000000000000000000000000000000000000000000000000000000000000000000000000000006360010800570197521001874000000
002011066767158600104152749373000000000026207245520400001087140005550005550004500004500008550000000100000001000000860320000000000000000000000000000000000000000000000100000000000000000000300000000000000000000000000006360010800570197521001874000000
005001066767296300104087504481000000000018102746320400001000150000
005001066767296400104087504481000000000018102746321023001002300000
005001066767296600104087504481000000000018102746320400001000150000
005001066767296600104087504481000000000018102746320400001000150000
005001066767296700104087504481000000000018102746321023001002300000
00300104000010000200011100000086032000000000000000000000000000000000000000000000006676746520000
001001026000008603200406676746520000000000000000000000000000000000000000000000020350458000100100000
001001026000008603200506676746580000000000000000000000000000000000000000000000020350458000100100000
002011066767467700104152741844000000000026857590480400001050380005550005550004250004250008550000000100000001000000860320000000000000000000000000000000000000000000000100000000000000000000300000000000000000000000000006360010800570197521001874000000
002011066767545200117039809694000000000009245980690400001037290005550005550005550000000000000000000100000001000000860320000000000000000000000000000000000000000000000000000000000000000000000000000000000000000000000006360010800570197521001874000000
00300104000010000200011100000086032000000000000000000000000000000000000000000000006676778890000
001001026000008603200406676778890000000000000000000000000000000000000000000000020350458000100000000
001001026000008603200506676790010000000000000000000000000000000000000000000000020350458000100000000
002011066767964400117049180161000000000020574317810400001035830005550005550005550000000000000000000100000001000000860320000000000000000000000000000000000000000000000000000000000000000000000000000000000000000000000006360010800570197521001874000000
005001066768128100104163144567000000000018624085201023001002300000
002011066768128900104163144567000000000018624085200400001024120005550005550002100000000000000000000100000001000000860320000000000000000000000000000000000000000000000000000000000000000000000000000000000000000000000006360010800570197521001874000000
002011066768128900104163144567000000000018624085200400001024120005550005550003450000000000000000000100000001000000860320000000000000000000000000000000000000000000000000000000000000000000000000000000000000000000000006360010800570197521001874000000
00300104000010000200011100000086032000000000000000000000000000000000000000000000006676822260000
001001026000008603200406676822260000000000000000000000000000000000000000000000020350458000100100000
001001026000008603200506676827540000000000000000000000000000000000000000000000020350458000100100000
002011066768353500104164509119000000000023106151120400001024720005550005550005550000000000000000000100000001000000860320000000000000000000000000000000000000000000000000000000000000000000000000000000000000000000000006360010800570197521001874000000
002011066768354100104085650072000000000018595006160400001007540005550005550005550000000000000000000100000001000000860320000000000000000000000000000000000000000000000000000000000000000000000000000000000000000000000006360010800570197521001874000000
00300104000010000200011100000086032000000000000000000000000000000000000000000000006676854320000
001001026000008603200406676854320000000000000000000000000000000000000000000000020350458000100000000
001001026000008603200306676854370000000000000000000000000000000000000000000000020350458000100000000
001001026000008603200206676857420000000000000000000000000000000000000000000000020350458000100000000
010001000000000000000000000000000000086032066768574800400000
010001000000000000000000000000000000086032066768575300500000
001001026000008603200106676857670000000000000000000000000000000000000000000000020350458000100000000
03400667670400000008603200005C06676704000667674652000008603204580I000000000000000000000400000020005550000000010000000104000000100045010000000100000001
03400667665138000008603200005C06676651380667668758000008603204580V0000000000000000000004000000400055500000000100000001
