1000020260000086172003063600113503259863650022720000
001001026000008617200206676487620000000000000000000000000000000000000000000000000000000000000000000
010001000000000000000000000000000000086172066764878200100000
0350010667648787323942930000140100000001020000
010001000000000000000000000000000000086172066764878700200000
001001026000008617200306676487940000000000000000000000000000000000000000000000000000000000000000000
001001026000008617200406676488000000000000000000000000000000000000000000000000020290457400100000000
001001026000008617200506676499100000000000000000000000000000000000000000000000020290457400100000000
002011066765082800104088314251000000000018476746960400001002250004650004650004650000000000000000000100000001000000861720000000000000000000000000000000000000000000000000000000000000000000000000000000000000000000000006360011350325986365002272000000
002011066765083700109129006425000000000012359189200100001002550004650004650004650000000000000000000100000001000000861720000000000000000000000000000000000000000000000000000000000000000000000000000000000000000000000006360011350325986365002272000000
002011066765099100104077850742000000000026260102620400001019130004650004650004650000000000000000000100000001000000861720000000000000000000000000000000000000000000000000000000000000000000019300000000000000000000000006360011350325986365002272000000
002011066765099800104084257032000000000009157914320400001007630004650004650004650000000000000000000100000001000000861720000000000000000000000000000000000000000000000000000000000000000000000000000000000000000000000006360011350325986365002272000000
002011066765146000104164629467000000000022781945040400001013110004650004650004650000000000000000000100000001000000861720000000000000000000000000000000000000000000000000000000000000000000000000000000000000000000000006360011350325986365002272000000
002011066765157200117055410326000000000039092508300400001010080004650004650004650000000000000000000100000001000000861720000000000000000000000000000000000000000000000000000000000000000000000000000000000000000000000006360011350325986365002272000000
002011066765162800104166069507000000000023494940880400001018040004650004650004650000000000000000000100000001000000861720000000000000000000000000000000000000000000000000000000000000000000000000000000000000000000000006360011350325986365002272000000
00300104000010000600027900000086172000000000000000000000000000000000000000000000006676527000000
00300101000010000100004650000086172000000000000000000000000000000000000000000000006676527000000
001001026000008617200406676527000000000000000000000000000000000000000000000000020290457400100100000
001001026000008617200506676532620000000000000000000000000000000000000000000000020290457400100100000
005001066765327500304005096475000000000002521514010800003002140000
005001066765327800304005096475000000000002521514010800003002140000
002011066765328700104151210731000000000023840988880400001003800004650004650004650000000000000000000100000001000000861720000000000000000000000000000000000000000000000000000000000000000000000000000000000000000000000006360011350325986365002272000000
002011066765369000104088718671000000000029295125200400001005560004650004650004600004600008550000000100000001000000861720000000000000000000000000000000000000000000000100000000000000000000300000000000000000000000000006360011350325986365002272000000
002011066765369600104088154671000000000017328469200400001006810004650004650004500004500008550000000100000001000000861720000000000000000000000000000000000000000000000100000000000000000000300000000000000000000000000006360011350325986365002272000000
00300104000010000300013950000086172000000000000000000000000000000000000000000000006676556180000
001001026000008617200406676556180000000000000000000000000000000000000000000000020290457400100000000
001001026000008617200506676569410000000000000000000000000000000000000000000000020290457400100000000
002011066765862400117041328525000000000009197663730400001055060004650004650004650000000000000000000100000001000000861720000000000000000000000000000000000000000000000000000000000000000000000000000000000000000000000006360011350325986365002272000000
002011066765927500104081542909000000000027349298970400001004130004650004650004650000000000000000000100000001000000861720000000000000000000000000000000000000000000000000000000000000000000019300000000000000000000000006360011350325986365002272000000
00300104000010000200009300000086172000000000000000000000000000000000000000000000006676594130000
001001026000008617200406676594130000000000000000000000000000000000000000000000020290457400100100000
001001026000008617200506676601380000000000000000000000000000000000000000000000020290457400100100000
002011066766016100109150453354000000000001588485840100001003740004650004650004650000000000000000000100000001000000861720000000000000000000000000000000000000000000000000000000000000000000000000000000000000000000000006360011350325986365002272000000
002011066766020300119009960064000000000011240283370400001015690004650004650004600004600008550000000100000001000000861720000000000000000000000000000000000000000000000100000000000000000000300000000000000000000000000006360011350325986365002272000000
002011066766037000104164710566000000000022910533840400001038590004650004650004600004600008550000000100000001000000861720000000000000000000000000000000000000000000000100000000000000000000300000000000000000000000000006360011350325986365002272000000
002011066766095000104151747334000000000026144338640400001001900004650004650004650000000000000000000100000001000000861720000000000000000000000000000000000000000000000000000000000000000000019000000000000000000000000006360011350325986365002272000000
00300101000010000100004650000086172000000000000000000000000000000000000000000000006676628800000
00300104000010000300013950000086172000000000000000000000000000000000000000000000006676628800000
001001026000008617200406676628800000000000000000000000000000000000000000000000020290457400100000000
001001026000008617200506676634390000000000000000000000000000000000000000000000020290457400100000000
002011066766433000104164629904000000000024389745360400001012050004650004650004650000000000000000000100000001000000861720000000000000000000000000000000000000000000000000000000000000000000000000000000000000000000000006360011350325986365002272000000
002011066766434200117056390231000000000018639858620400001013940004650004650004650000000000000000000100000001000000861720000000000000000000000000000000000000000000000000000000000000000000000000000000000000000000000006360011350325986365002272000000
002011066766549700104164626611000000000022768287440400001016510004650004650004650000000000000000000100000001000000861720000000000000000000000000000000000000000000000000000000000000000000000000000000000000000000000006360011350325986365002272000000
00300104000010000300013950000086172000000000000000000000000000000000000000000000006676660690000
001001026000008617200406676660690000000000000000000000000000000000000000000000020290457400100100000
001001026000008617200506676672640000000000000000000000000000000000000000000000020290457400100100000
002011066766734200104088309479000000000017096722640400001003760004650004650004650000000000000000000100000001000000861720000000000000000000000000000000000000000000000000000000000000000000000000000000000000000000000006360011350325986365002272000000
002011066766796000104165634121000000000024117161680400001034520004650004650004650000000000000000000100000001000000861720000000000000000000000000000000000000000000000000000000000000000000000000000000000000000000000006360011350325986365002272000000
00300104000010000200009300000086172000000000000000000000000000000000000000000000006676699680000
001001026000008617200406676699680000000000000000000000000000000000000000000000020290457400100000000
001001026000008617200506676719250000000000000000000000000000000000000000000000020290457400100000000
002011066767314500104164130217000000000022768784080400001074730004650004650004650000000000000000000100000001000000861720000000000000000000000000000000000000000000000000000000000000000000000000000000000000000000000006360011350325986365002272000000
00300104000010000100004650000086172000000000000000000000000000000000000000000000006676751010000
001001026000008617200406676751010000000000000000000000000000000000000000000000020290457400100100000
001001026000008617200306676751060000000000000000000000000000000000000000000000020290457400100100000
001001026000008617200406676751120000000000000000000000000000000000000000000000020290457400100000000
001001026000008617200506676751290000000000000000000000000000000000000000000000020290457400100000000
001001026000008617200406676751390000000000000000000000000000000000000000000000020290457400100100000
001001026000008617200306676751440000000000000000000000000000000000000000000000020290457400100100000
001001026000008617200206676751480000000000000000000000000000000000000000000000020290457400100100000
010001000000000000000000000000000000086172066767515300400000
010001000000000000000000000000000000086172066767515800500000
001001026000008617200106676751670000000000000000000000000000000000000000000000020290457400100100000
03400667649910000008617200005C06676499100667652700000008617204574I000000000000000000000100000010004650000000010000000104000001200046500000000100000001
03400667653262000008617200005C06676532620667655618000008617204574V00000000000000000000040000001000450100000001000000010400000030004601000000010000000104000000400046500000000100000001
