1000020260000086150003002185163227835993980038940000
001001026000008615000206676641760000000000000000000000000000000000000000000000000000000000000000000
010001000000000000000000000000000000086150066766419100100000
0350010667664196872597640000037700000001020000
010001000000000000000000000000000000086150066766419600200000
001001026000008615000306676642030000000000000000000000000000000000000000000000000000000000000000000
001001026000008615000406676642270000000000000000000000000000000000000000000000020350458000100100000
001001026000008615000506676642500000000000000000000000000000000000000000000000020350458000100100000
002011066766559000104164111859000000000024297354960400001035560005550005550004500004500008550000000100000001000000861500000000000000000000000000000000000000000000000100000000000000000000300000000000000000000000000000218516322783599398003894000000
002011066766623100104151905339000000000025974779600400001001580005550005550005550000000000000000000100000001000000861500000000000000000000000000000000000000000000000000000000000000000000000000000000000000000000000000218516322783599398003894000000
005001066766698400304005215881000000000035692414780800003002140000
00300104000010000200011100000086150000000000000000000000000000000000000000000000006676680180000
001001026000008615000406676680180000000000000000000000000000000000000000000000020350458000100000000
001001026000008615000506676680250000000000000000000000000000000000000000000000020350458000100000000
002011066766921900104164916733000000000024354578640400001021480005550005550005550000000000000000000100000001000000861500000000000000000000000000000000000000000000000000000000000000000000000000000000000000000000000000218516322783599398003894000000
002011066766966100109167328469000000000007730002640100001027790005550005550005550000000000000000000100000001000000861500000000000000000000000000000000000000000000000000000000000000000000000000010000000000000000000400218516322783599398003894000000
002011066767137600104165584947000000000024338844880400001021220005550005550005550000000000000000000100000001000000861500000000000000000000000000000000000000000000000000000000000000000000000000000000000000000000000000218516322783599398003894000000
002011066767151100104163309027000000000017647155920400001028040005550005550005550000000000000000000100000001000000861500000000000000000000000000000000000000000000000000000000000000000000000000000000000000000000000000218516322783599398003894000000
002011066767353300104153344679000000000026249521360400001056400005550005550005550000000000000000000100000001000000861500000000000000000000000000000000000000000000000000000000000000000000000000000000000000000000000000218516322783599398003894000000
002011066767353900104165238917000000000016396688080400001003570005550005550005550000000000000000000100000001000000861500000000000000000000000000000000000000000000000000000000000000000000000000000000000000000000000000218516322783599398003894000000
002011066767360900104083130039000000000008923264720400001006990005550005550005550000000000000000000100000001000000861500000000000000000000000000000000000000000000000000000000000000000000000000000000000000000000000000218516322783599398003894000000
002011066767833100104165402687000000000019651144400400001028490005550005550004500004500008550000000100000001000000861500000000000000000000000000000000000000000000000100000000000000000000300000000000000000000000000000218516322783599398003894000000
002011066767833700117053693169000000000013404410510400001035220005550005550005550000000000000000000100000001000000861500000000000000000000000000000000000000000000000000000000000000000000000000000000000000000000000000218516322783599398003894000000
002011066768176700104150738536000000000022895788240400001003700005550005550005550000000000000000000100000001000000861500000000000000000000000000000000000000000000000000000000000000000000000000000000000000000000000000218516322783599398003894000000
002011066768429600104088824391000000000027137746640400001004260005550005550004500004500008550000000100000001000000861500000000000000000000000000000000000000000000000100000000000000000000300000000000000000000000000000218516322783599398003894000000
00300104000010001000055500000086150000000000000000000000000000000000000000000000006676861110000
00300101000010000100005550000086150000000000000000000000000000000000000000000000006676861110000
001001026000008615000406676861110000000000000000000000000000000000000000000000020350458000100100000
001001026000008615000306676861210000000000000000000000000000000000000000000000020350458000100100000
001001026000008615000206676861260000000000000000000000000000000000000000000000020350458000100100000
010001000000000000000000000000000000086150066768613100400000
010001000000000000000000000000000000086150066768613600500000
001001026000008615000106676861470000000000000000000000000000000000000000000000020350458000100100000
03400667668025000008615000005C06676680250667686111000008615004580I00000000000000000000010000001000555000000001000000010400000080005550000000010000000104000000200045010000000100000001
03400667664250000008615000005C06676642500667668018000008615004580V000000000000000000000400000010004501000000010000000104000000100055500000000100000001
