1000020260000086175003002185163227835960630042300000
001001026000008617500206675803820000000000000000000000000000000000000000000000020320457700100000000
010001000000000000000000000000000000086175066758040300100000
0350010667580410454591880000046700000001020000
010001000000000000000000000000000000086175066758041000200000
001001026000008617500306675804170000000000000000000000000000000000000000000000020320457700100000000
001001026000008617500406675815240000000000000000000000000000000000000000000000020320457700100000000
001001026000008617500506675815310000000000000000000000000000000000000000000000020320457700100000000
001001026000008617500406676014670000000000000000000000000000000000000000000000020320457700100100000
001001026000008617500506676014730000000000000000000000000000000000000000000000020320457700100100000
002011066760162700109006879463000000000011313744080100001004210005550005550004500004500008550000000100000001000000861750000000000000000000000000000000000000000000000100000000000000000000300000000000000000000000000000218516322783596063004230000000
002011066760171000104157020282000000000026566713040400001000320005550005550003550000000000000000000100000001000000861750000000000000000000000000000000000000000000000000000000000000000000000000000000000000000000000000218516322783596063004230000000
002011066760171000104157020282000000000026566713040400001000320005550005550002000000000000000000000100000001000000861750000000000000000000000000000000000000000000000000000000000000000000000000000000000000000000000000218516322783596063004230000000
00300101000010000100005550000086175000000000000000000000000000000000000000000000006676035840000
00300104000010000100005550000086175000000000000000000000000000000000000000000000006676035840000
001001026000008617500406676035840000000000000000000000000000000000000000000000020320457700100000000
001001026000008617500506676035910000000000000000000000000000000000000000000000020320457700100000000
002011066760522600104087847663000000000018454848720400001004470005550005550005550000000000000000000100000001000000861750000000000000000000000000000000000000000000000000000000000000000000000000000000000000000000000000218516322783596063004230000000
002011066760652900117016728371000000000029491980860400001048190005550005550004600000000000000000000100000001000000861750000000000000000000000000000000000000000000000000000000000000000000000000000000000000000000000000218516322783596063004230000000
002011066760652900117016728371000000000029491980860400001048190005550005550000950000000000000000000100000001000000861750000000000000000000000000000000000000000000000000000000000000000000000000000000000000000000000000218516322783596063004230000000
002011066760653800109079396136000000000030409669840100001001210005550005550005550000000000000000000100000001000000861750000000000000000000000000000000000000000000000000000000000000000000000000000000000000000000000000218516322783596063004230000000
002011066760654500117049665563000000000031171014020400001044150005550005550004500004500008550000000100000001000000861750000000000000000000000000000000000000000000000100000000000000000000300000000000000000000000000000218516322783596063004230000000
002011066760655900104088467376000000000030119670480400001004260005550005550005550000000000000000000100000001000000861750000000000000000000000000000000000000000000000000000000000000000000000000000000000000000000000000218516322783596063004230000000
002011066760656600104164080351000000000023385518800400001087020005550005550005550000000000000000000100000001000000861750000000000000000000000000000000000000000000000000000000000000000000000000000000000000000000000000218516322783596063004230000000
002011066761254100104164417559000000000023743281360400001016090005550005550005550000000000000000000100000001000000861750000000000000000000000000000000000000000000000000000000000000000000000000000000000000000000000000218516322783596063004230000000
002011066761609700117054921769000000000036952498930400001036720005550005550005550000000000000000000100000001000000861750000000000000000000000000000000000000000000000000000000000000000000000000000000000000000000000000218516322783596063004230000000
002011066761615800104028221133000000000011191384280400001153760005550005550005550000000000000000000100000001000000861750000000000000000000000000000000000000000000000000000000000000000000000000000000000000000000000000218516322783596063004230000000
002011066761645800104157476197000000000027475170000400001027340005550005550005550000000000000000000100000001000000861750000000000000000000000000000000000000000000000000000000000000000000000000000000000000000000000000218516322783596063004230000000
002011066761675800104159818702000000000025741604560400001107000005550005550005550000000000000000000100000001000000861750000000000000000000000000000000000000000000000000000000000000000000000000000000000000000000000000218516322783596063004230000000
002011066761879100104160703484000000000025098576080400001024150005550005550000000000000008550000000100000001000000861750000000000000000000000000000000000000000000000100000000000000000000300000000000000000000000000000218516322783596063004230000000
002011066761880300104150481438000000000016562967760400001005100005550005550005550000000000000000000100000001000000861750000000000000000000000000000000000000000000000000000000000000000000000000000000000000000000000000218516322783596063004230000000
002011066761881200117051453391000000000024608918610400001026390005550005550004500004500008550000000100000001000000861750000000000000000000000000000000000000000000000100000000000000000000300000000000000000000000000000218516322783596063004230000000
002011066762007300104163913439000000000022917927120400001044120005550005550001050001050008550000000100000001000000861750000000000000000000000000000000000000000000000100000000000000000000300000000000000000000000000000218516322783596063004230000000
002011066762008200104163713839000000000017650425040400001045270005550005550005550000000000000000000100000001000000861750000000000000000000000000000000000000000000000000000000000000000000000000000000000000000000000000218516322783596063004230000000
002011066762009700104086582101000000000015780060880400001009000005550005550004600004600008550000000100000001000000861750000000000000000000000000000000000000000000000100000000000000000000300000000000000000000000000000218516322783596063004230000000
002011066762010400104164700455000000000024130263760400001097130005550005550003000003000008550000000100000001000000861750000000000000000000000000000000000000000000000100000000000000000000300000000000000000000000000000218516322783596063004230000000
002011066762028400104152450432000000000027599309520400001020640005550005550005550000000000000000000100000001000000861750000000000000000000000000000000000000000000000000000000000000000000000000000000000000000000000000218516322783596063004230000000
002011066762038200104164919686000000000014909845200400001028760005550005550005550000000000000000000100000001000000861750000000000000000000000000000000000000000000000000000000000000000000000000000000000000000000000000218516322783596063004230000000
002011066762038800104150375042000000000025937370320400001011610005550005550005550000000000000000000100000001000000861750000000000000000000000000000000000000000000000000000000000000000000000000000000000000000000000000218516322783596063004230000000
002011066762077900104165698217000000000023083413200400001011060005550005550005550000000000000000000100000001000000861750000000000000000000000000000000000000000000000000000000000000000000000000000000000000000000000000218516322783596063004230000000
002011066762102200104156638185000000000024887120080400001001210005550005550005550000000000000000000100000001000000861750000000000000000000000000000000000000000000000000000000000000000000000000000000000000000000000000218516322783596063004230000000
002011066762103000104088874524000000000029333786320400001004150005550005550000000000000008550000000100000001000000861750000000000000000000000000000000000000000000000100000000000000000000300000000000000000000000000000218516322783596063004230000000
002011066762104500104156467437000000000026355815120400001025730005550005550005550000000000000000000100000001000000861750000000000000000000000000000000000000000000000000000000000000000000000000000000000000000000000000218516322783596063004230000000
00300104000010002400133200000086175000000000000000000000000000000000000000000000006676237960000
00300101000010000100005550000086175000000000000000000000000000000000000000000000006676237960000
001001026000008617500406676237960000000000000000000000000000000000000000000000020320457700100100000
001001026000008617500506676238030000000000000000000000000000000000000000000000020320457700100100000
001001026000008617500406676238080000000000000000000000000000000000000000000000020320457700100000000
001001026000008617500306676238130000000000000000000000000000000000000000000000020320457700100000000
010001000000000000000000000000000000086175066762381900500000
001001026000008617500206676238280000000000000000000000000000000000000000000000020320457700100000000
010001000000000000000000000000000000086175066762383400400000
001001026000008617500106676238430000000000000000000000000000000000000000000000020320457700100000000
03400667601473000008617500005C06676014730667603584000008617504577V00000000000000000000010000001000450100000001000000010400000010002000000000010000000104000000100035500000000100000001
