1000020260000086032003063600108005701975210018730000
001001026000008603200206676470130000000000000000000000000000000000000000000000000000000000000000000
010001000000000000000000000000000000086032066764702800100000
0350010667647032323261560000062300000001020000
010001000000000000000000000000000000086032066764703200200000
001001026000008603200306676470390000000000000000000000000000000000000000000000000000000000000000000
001001026000008603200406676470460000000000000000000000000000000000000000000000020350458000100100000
001001026000008603200506676474890000000000000000000000000000000000000000000000020350458000100100000
005001066765032200104083735933000000000012703818961023001002300000
002011066765032400104083735933000000000012703818960400001006920005550005550005550000000000000000000100000001000000860320000000000000000000000000000000000000000000000000000000000000000000000000000000000000000000000006360010800570197521001873000000
00300104000010000100005550000086032000000000000000000000000000000000000000000000006676512900000
001001026000008603200406676512900000000000000000000000000000000000000000000000020350458000100000000
001001026000008603200506676515200000000000000000000000000000000000000000000000020350458000100000000
005001066765170700104151107181000000000023861553361023001002300000
002011066765170900104151107181000000000023861553360400001002190005550005550005550000000000000000000100000001000000860320000000000000000000000000000000000000000000000000000000000000000000000000000000000000000000000006360010800570197521001873000000
002011066765171800104086129961000000000023779694800400001005880005550005550005550000000000000000000100000001000000860320000000000000000000000000000000000000000000000000000000000000000000000000000000000000000000000006360010800570197521001873000000
002011066765172400104084273089000000000009221945040400001006190005550005550005550000000000000000000100000001000000860320000000000000000000000000000000000000000000000000000000000000000000000000000000000000000000000006360010800570197521001873000000
005001066765188400104167430718000000000023739730640400001000360000
002011066765233000104068517939000000000035892707440400001014240005550005550005550000000000000000000100000001000000860320000000000000000000000000000000000000000000000000000000000000000000000000000000000000000000000006360010800570197521001873000000
00300104000010000400022200000086032000000000000000000000000000000000000000000000006676547180000
001001026000008603200406676547180000000000000000000000000000000000000000000000020350458000100100000
001001026000008603200506676556760000000000000000000000000000000000000000000000020350458000100100000
002011066765764200104165634863000000000022981026000400001033540005550005550003900003900008550000000100000001000000860320000000000000000000000000000000000000000000000100000000000000000000300000000000000000000000000006360010800570197521001873000000
00300104000010000100005550000086032000000000000000000000000000000000000000000000006676588920000
001001026000008603200406676588920000000000000000000000000000000000000000000000020350458000100000000
001001026000008603200506676611990000000000000000000000000000000000000000000000020350458000100000000
002011066766169900109106065514000000000013805794000100001005060005550005550005550000000000000000000100000001000000860320000000000000000000000000000000000000000000000000000000000000000000000000000000000000000000000006360010800570197521001873000000
002011066766170300109074139739000000000031079724240100001005780005550005550005550000000000000000000100000001000000860320000000000000000000000000000000000000000000000000000000000000000000000000000000000000000000000006360010800570197521001873000000
00300101000010000200011100000086032000000000000000000000000000000000000000000000006676648190000
001001026000008603200406676648190000000000000000000000000000000000000000000000020350458000100100000
001001026000008603200306676648250000000000000000000000000000000000000000000000020350458000100100000
001001026000008603200206676648290000000000000000000000000000000000000000000000020350458000100100000
010001000000000000000000000000000000086032066766483400400000
010001000000000000000000000000000000086032066766484000500000
001001026000008603200106676648510000000000000000000000000000000000000000000000020350458000100100000
03400667651520000008603200005C06676515200667654718000008603204580I0000000000000000000004000000400055500000000100000001
03400667647489000008603200005C06676474890667651290000008603204580V0000000000000000000004000000100055500000000100000001
