1000020260000086052003063600113503259963010025710000
0450010000000002000000000106675777070000
0450010000000002000000000106675844060000
0450010000000002000000000106675856770000
001001026000008605200206676176980000000000000000000000000000000000000000000000000000000000000000000
010001000000000000000000000000000000086052066761771600100000
0350010667617720456233540000049600000001020000
010001000000000000000000000000000000086052066761772000200000
001001026000008605200306676177260000000000000000000000000000000000000000000000000000000000000000000
001001026000008605200406676186990000000000000000000000000000000000000000000000020290457400100100000
001001026000008605200506676187060000000000000000000000000000000000000000000000020290457400100100000
005001066761881400304004920417000000000004560090810800003002140000
002011066761915700104088354334000000000027152228560400001004130004650004650004650000000000000000000100000001000000860520000000000000000000000000000000000000000000000000000000000000000000000000000000000000000000000006360011350325996301002571000000
00300104000010000100004650000086052000000000000000000000000000000000000000000000006676212150000
001001026000008605200406676212150000000000000000000000000000000000000000000000020290457400100000000
001001026000008605200306676212190000000000000000000000000000000000000000000000020290457400100000000
001001026000008605200206676212300000000000000000000000000000000000000000000000020290457400100000000
010001000000000000000000000000000000086052066762123400400000
010001000000000000000000000000000000086052066762123900500000
001001026000008605200106676212480000000000000000000000000000000000000000000000020290457400100000000
03400667618706000008605200005C06676187060667621215000008605204574V0000000000000000000004000000100046500000000100000001
