1000020260000086117003002185163227824222960030430000
001001026000008611700206676182530000000000000000000000000000000000000000000000000000000000000000000
010001000000000000000000000000000000086117066761826900100000
0350010667618274314863900000082600000001020000
010001000000000000000000000000000000086117066761827400200000
001001026000008611700306676182810000000000000000000000000000000000000000000000000000000000000000000
001001026000008611700406676192110000000000000000000000000000000000000000000000020320457700100000000
001001026000008611700506676192180000000000000000000000000000000000000000000000020320457700100000000
002011066761989600117033848965000000000016974146100400001043110005550005550005550000000000000000000100000001000000861170000000000000000000000000000000000000000000000000000000000000000000000000000000000000000000000000218516322782422296003043000000
002011066761997100104088860231000000000029343719120400001003610005550005550005550000000000000000000100000001000000861170000000000000000000000000000000000000000000000000000000000000000000000000000000000000000000000000218516322782422296003043000000
002011066762008700104085645605000000000015995113680400001013980005550005550005550000000000000000000100000001000000861170000000000000000000000000000000000000000000000000000000000000000000000000000000000000000000000000218516322782422296003043000000
00300104000010000300016650000086117000000000000000000000000000000000000000000000006676211580000
001001026000008611700406676211580000000000000000000000000000000000000000000000020320457700100100000
001001026000008611700306676211630000000000000000000000000000000000000000000000020320457700100100000
010001000000000000000000000000000000086117066762117200500000
001001026000008611700206676220340000000000000000000000000000000000000000000000020350458000100100000
0350010667622044314863900000082600000002020000
010001000000000000000000000000000000086117066762204400200000
001001026000008611700306676220500000000000000000000000000000000000000000000000020350458000100100000
001001026000008611700406676220580000000000000000000000000000000000000000000000020350458000100100000
001001026000008611700506676220660000000000000000000000000000000000000000000000020350458000100100000
002011066762209900104151971391000000000025948360400400001002660005550005550004500004500008550000000100000001000000861170000000000000000000000000000000000000000000000100000000000000000000300000000000000000000000000000218516322782422296003043000000
002011066762210700104086966227000000000016821591760400001006400005550005550005550000000000000000000100000001000000861170000000000000000000000000000000000000000000000000000000000000000000000000000000000000000000000000218516322782422296003043000000
002011066762211400117059466075000000000010706396970400001015200005550005550005550000000000000000000100000001000000861170000000000000000000000000000000000000000000000000000000000000000000000000000000000000000000000000218516322782422296003043000000
005001066762226500304004750449000000000015460319060800003002140000
005001066762226900304004750449000000000015460319060800003002140000
005001066762257300305000181073000000000026180574220710003002140000
002011066762257400305000181073000000000026180574220400001041150005550005550005550000000000000000000100000001000000861170000000000000000000000000000000000000000000000000000000000000000000000000000000000000000000000000218516322782422296003043000000
002011066762276400104152632379000000000027714729680400001022230005550005550005550000000000000000000100000001000000861170000000000000000000000000000000000000000000000000000000000000000000000000000000000000000000000000218516322782422296003043000000
002011066762288600104151667047000000000025826640080400001076280005550005550005550000000000000000000100000001000000861170000000000000000000000000000000000000000000000000000000000000000000000000000000000000000000000000218516322782422296003043000000
002011066762315200104157048756000000000027133123280400001017450005550005550005550000000000000000000100000001000000861170000000000000000000000000000000000000000000000000000000000000000000000000000000000000000000000000218516322782422296003043000000
002011066762358400109106065514000000000013805794000100001005050005550005550005550000000000000000000100000001000000861170000000000000000000000000000000000000000000000000000000000000000000000000000000000000000000000000218516322782422296003043000000
002011066762360900104150407793000000000025845873360400001008290005550005550005550000000000000000000100000001000000861170000000000000000000000000000000000000000000000000000000000000000000000000000000000000000000000000218516322782422296003043000000
002011066762416800104151957495000000000025680912080400001066170005550005550005550000000000000000000100000001000000861170000000000000000000000000000000000000000000000000000000000000000000000000000000000000000000000000218516322782422296003043000000
00300104000010000900049950000086117000000000000000000000000000000000000000000000006676258300000
00300101000010000100005550000086117000000000000000000000000000000000000000000000006676258300000
001001026000008611700406676258300000000000000000000000000000000000000000000000020350458000100000000
001001026000008611700506676269120000000000000000000000000000000000000000000000020350458000100000000
002011066762863800109006573119000000000012789159120100001006080005550005550005550000000000000000000100000001000000861170000000000000000000000000000000000000000000000000000000000000000000000000000000000000000000000000218516322782422296003043000000
002011066762916700104163330239000000000017700992720400001066600005550005550005550000000000000000000100000001000000861170000000000000000000000000000000000000000000000000000000000000000000000000000000000000000000000000218516322782422296003043000000
00300101000010000100005550000086117000000000000000000000000000000000000000000000006676306880000
00300104000010000100005550000086117000000000000000000000000000000000000000000000006676306880000
001001026000008611700406676306880000000000000000000000000000000000000000000000020350458000100100000
001001026000008611700506676315450000000000000000000000000000000000000000000000020350458000100100000
005001066763305800104087230674000000000016904016080000000000150000
001001026000008611700406676350690000000000000000000000000000000000000000000000020350458000100000000
001001026000008611700506676363010000000000000000000000000000000000000000000000020350458000100000000
002011066763701900104165151005000000000014924122320400001027340005550005550001000000000000000000000100000001000000861170000000000000000000000000000000000000000000000000000000000000000000000000000000000000000000000000218516322782422296003043000000
002011066763701900104165151005000000000014924122320400001027340005550005550004550000000000000000000100000001000000861170000000000000000000000000000000000000000000000000000000000000000000000000000000000000000000000000218516322782422296003043000000
002011066763779200104151664994000000000024746184400400001026540005550005550005550000000000000000000100000001000000861170000000000000000000000000000000000000000000000000000000000000000000000000000000000000000000000000218516322782422296003043000000
00300104000010000200011100000086117000000000000000000000000000000000000000000000006676393800000
001001026000008611700406676393800000000000000000000000000000000000000000000000020350458000100100000
001001026000008611700306676393850000000000000000000000000000000000000000000000020350458000100100000
010001008029000001136100000119300000086117066763939200510000
001001026000008611700206676393990000000000000000000000000000000000000000000000020350458000100100000
010001008029000001136100000119300000086117066763940400410000
001001026000008611700106676394120000000000000000000000000000000000000000000000020350458000100100000
03400667619218000008611700005C06676192180667621158000008611704577I0000000000000000000004000000500055500000000100000001
03400667622066000008611700005C06676220660667625830000008611704580V0000000000000000000001000000100055500000000100000001040000001000450100000001000000010400000080005550000000010000000104000000800055500000000100000001040000008000555000000001000000010400000080005550000000010000000104000000800055500000000100000001040000008000555000000001000000010400000080005550000000010000000104000000800055500000000100000001
