1000020260000086040003002185163227824143560033000000
001001026000008604000206676196510000000000000000000000000000000000000000000000020330457800100000000
010001000000000000000000000000000000086040066761966300100000
0350010667619669100606570000131100000001020000
010001000000000000000000000000000000086040066761966900200000
001001026000008604000306676196770000000000000000000000000000000000000000000000020330457800100000000
001001026000008604000406676196910000000000000000000000000000000000000000000000020330457800100000000
001001026000008604000506676196990000000000000000000000000000000000000000000000020330457800100000000
002011066762140700117050617534000000000024640673650400001012040004300004300004300000000000000000000100000001000000860400000000000000000000000000000000000000000000000000000000000000000000000000000000000000000000000000218516322782414356003300000000
002011066762221300104081340869000000000014131869530400001013120004300004300004300000000000000000000100000001000000860400000000000000000000000000000000000000000000000000000000000000000000019300000000000000000000000000218516322782414356003300000000
002011066762224800104085835242000000000017416942800400001012440004300004300004300000000000000000000100000001000000860400000000000000000000000000000000000000000000000000000000000000000000000000000000000000000000000000218516322782414356003300000000
002011066762244100109124948864000000000003052880080100001014210004300004300004300000000000000000000100000001000000860400000000000000000000000000000000000000000000000000000000000000000000000000000000000000000000000000218516322782414356003300000000
002011066762251100104084542586000000000014732741840400001006420004300004300000000000000008550000000100000001000000860400000000000000000000000000000000000000000000000100000000000000000000300000000000000000000000000000218516322782414356003300000000
002011066762271000109054500304000000000015049214160100001004720004300004300004300000000000000000000100000001000000860400000000000000000000000000000000000000000000000000000000000000000000000000000000000000000000000000218516322782414356003300000000
002011066762271900104166053368000000000023710741200400001038060004300004300004300000000000000000000100000001000000860400000000000000000000000000000000000000000000000000000000000000000000000000000000000000000000000000218516322782414356003300000000
002011066762294800104152676899000000000024951555280400001093910004300004300004300000000000000000000100000001000000860400000000000000000000000000000000000000000000000000000000000000000000000000000000000000000000000000218516322782414356003300000000
002011066762302100104157048391000000000024866020560400001070960004300004300004300000000000000000000100000001000000860400000000000000000000000000000000000000000000000000000000000000000000000000000000000000000000000000218516322782414356003300000000
002011066762331500104152747745000000000027887094480400001043350004300004300004300000000000000000000100000001000000860400000000000000000000000000000000000000000000000000000000000000000000000000000000000000000000000000218516322782414356003300000000
00300104000010000800034400000086040000000000000000000000000000000000000000000000006676244000000
00300101000010000200008600000086040000000000000000000000000000000000000000000000006676244000000
001001026000008604000406676244000000000000000000000000000000000000000000000000020330457800100100000
001001026000008604000506676244070000000000000000000000000000000000000000000000020330457800100100000
002011066762521100109124329544000000000001536761040100001044430004300004300004300000000000000000000100000001000000860400000000000000000000000000000000000000000000000000000000000000000000000000000000000000000000000000218516322782414356003300000000
002011066762521700104165730536000000000022986816720400001035600004300004300004300000000000000000000100000001000000860400000000000000000000000000000000000000000000000000000000000000000000000000000000000000000000000000218516322782414356003300000000
00300101000010000100004300000086040000000000000000000000000000000000000000000000006676271970000
00300104000010000100004300000086040000000000000000000000000000000000000000000000006676271970000
001001026000008604000406676271970000000000000000000000000000000000000000000000020330457800100000000
001001026000008604000506676272030000000000000000000000000000000000000000000000020330457800100100000
001001026000008604000406676272110000000000000000000000000000000000000000000000020330457800100000000
001001026000008604000506676272190000000000000000000000000000000000000000000000020330457800100000000
002011066762862800104088093492000000000016668050640400001007170004300004300004300000000000000000000100000001000000860400000000000000000000000000000000000000000000000000000000000000000000000000000000000000000000000000218516322782414356003300000000
002011066762931400104164276025000000000017680561360400001039880004300004300004300000000000000000000100000001000000860400000000000000000000000000000000000000000000000000000000000000000000000000000000000000000000000000218516322782414356003300000000
002011066762953000104086239678000000000016871033040400001004280004300004300004300000000000000000000100000001000000860400000000000000000000000000000000000000000000000000000000000000000000000000000000000000000000000000218516322782414356003300000000
002011066763166800104156234637000000000024629412560400001028120004300004300003350000000000000000000100000001000000860400000000000000000000000000000000000000000000000000000000000000000000000000000000000000000000000000218516322782414356003300000000
002011066763166800104156234637000000000024629412560400001028120004300004300000950000000000000000000100000001000000860400000000000000000000000000000000000000000000000000000000000000000000000000000000000000000000000000218516322782414356003300000000
002011066763195100104165182571000000000014888830160400001025810004300004300004300000000000000000000100000001000000860400000000000000000000000000000000000000000000000000000000000000000000000000000000000000000000000000218516322782414356003300000000
002011066763342700104085404969000000000019227454160400001009020004300004300004300000000000000000000100000001000000860400000000000000000000000000000000000000000000000000000000000000000000000000000000000000000000000000218516322782414356003300000000
00300104000010000600025800000086040000000000000000000000000000000000000000000000006676340270000
001001026000008604000406676340270000000000000000000000000000000000000000000000020330457800100100000
001001026000008604000506676340350000000000000000000000000000000000000000000000020330457800100100000
002011066763592200104086281101000000000016955820240400001009010004300004300004300000000000000000000100000001000000860400000000000000000000000000000000000000000000000000000000000000000000000000000000000000000000000000218516322782414356003300000000
00300104000010000100004300000086040000000000000000000000000000000000000000000000006676376390000
001001026000008604000406676376390000000000000000000000000000000000000000000000020330457800100000000
001001026000008604000306676376440000000000000000000000000000000000000000000000020330457800100000000
010001000000000000000000000000000000086040066763765100500000
001001026000008604000206676376650000000000000000000000000000000000000000000000020330457800100000000
010001000000000000000000000000000000086040066763766900400000
001001026000008604000106676376780000000000000000000000000000000000000000000000020330457800100000000
03400667619699000008604000005C06676196990667624400000008604004578I00000000000000000000010000002000430000000001000000010400000120004300000000010000000104000000100000010000000100000001
03400667624407000008604000005C06676244070667627197000008604004578V000000000000000000000100000010004300000000010000000104000000200043000000000100000001
