1000020260000086220003002185163227824220290024040000
001001026000008622000206676376320000000000000000000000000000000000000000000000000000000000000000000
010001000000000000000000000000000000086220066763765800100000
0350010667637663267888220000076400000001020000
010001000000000000000000000000000000086220066763766300200000
001001026000008622000306676376740000000000000000000000000000000000000000000000000000000000000000000
001001026000008622000406676376820000000000000000000000000000000000000000000000020350458000100100000
001001026000008622000506676390320000000000000000000000000000000000000000000000020350458000100100000
002011066763924000104166731242000000000017023737040400001048970005550005550000000000000008550000000100000001000000862200000000000000000000000000000000000000000000000100000000000000000000300000000000000000000000000000218516322782422029002404000000
002011066764065500104164856821000000000022777795280400001028570005550005550005550000000000000000000100000001000000862200000000000000000000000000000000000000000000000000000000000000000000000000000000000000000000000000218516322782422029002404000000
002011066764080800104156515164000000000026913992400400001000780005550005550005550000000000000000000100000001000000862200000000000000000000000000000000000000000000000000000000000000000000000000000000000000000000000000218516322782422029002404000000
002011066764140700104165101521000000000024212319440400001046750005550005550004600004600008550000000100000001000000862200000000000000000000000000000000000000000000000100000000000000000000300000000000000000000000000000218516322782422029002404000000
00300104000010000400022200000086220000000000000000000000000000000000000000000000006676426480000
001001026000008622000406676426480000000000000000000000000000000000000000000000020350458000100000000
001001026000008622000506676446690000000000000000000000000000000000000000000000020350458000100000000
002011066764618600104162386559000000000025188068560400001013860005550005550005550000000000000000000100000001000000862200000000000000000000000000000000000000000000000000000000000000000000000000000000000000000000000000218516322782422029002404000000
002011066764761900104164136568000000000024230669520400001036440005550005550005550000000000000000000100000001000000862200000000000000000000000000000000000000000000000000000000000000000000000000000000000000000000000000218516322782422029002404000000
002011066764762600104151181292000000000023798715600400001000830005550005550005550000000000000000000100000001000000862200000000000000000000000000000000000000000000000000000000000000000000000000000000000000000000000000218516322782422029002404000000
00300104000010000300016650000086220000000000000000000000000000000000000000000000006676480760000
001001026000008622000406676480760000000000000000000000000000000000000000000000020350458000100100000
001001026000008622000506676485740000000000000000000000000000000000000000000000020350458000100100000
002011066764858600104152687025000000000026206889680400001017430005550005550005550000000000000000000100000001000000862200000000000000000000000000000000000000000000000000000000000000000000000000000000000000000000000000218516322782422029002404000000
00300104000010000100005550000086220000000000000000000000000000000000000000000000006676514220000
001001026000008622000406676514220000000000000000000000000000000000000000000000020350458000100000000
001001026000008622000506676534080000000000000000000000000000000000000000000000020350458000100000000
002011066765366100104151753636000000000024587259600400001001330005550005550005550000000000000000000100000001000000862200000000000000000000000000000000000000000000000000000000000000000000000000000000000000000000000000218516322782422029002404000000
002011066765379800104150718608000000000025829630160400001004410005550005550005550000000000000000000100000001000000862200000000000000000000000000000000000000000000000000000000000000000000000000000000000000000000000000218516322782422029002404000000
002011066765628700104164430581000000000023281703120400001053980005550005550005550000000000000000000100000001000000862200000000000000000000000000000000000000000000000000000000000000000000000000000000000000000000000000218516322782422029002404000000
002011066765629300104152452265000000000024920051920400001025190005550005550004500000000000000000000100000001000000862200000000000000000000000000000000000000000000000000000000000000000000000000000000000000000000000000218516322782422029002404000000
002011066765629400104152452265000000000024920051920400001025190005550005550001050000000000000000000100000001000000862200000000000000000000000000000000000000000000000000000000000000000000000000000000000000000000000000218516322782422029002404000000
00300104000010000400022200000086220000000000000000000000000000000000000000000000006676568040000
001001026000008622000406676568040000000000000000000000000000000000000000000000020350458000100100000
001001026000008622000306676568080000000000000000000000000000000000000000000000020350458000100100000
010001000000000000000000000000000000086220066765711900500000
001001026000008622000206676571530000000000000000000000000000000000000000000000020350458000100100000
010001000000000000000000000000000000086220066765715900400000
001001026000008622000106676571670000000000000000000000000000000000000000000000020350458000100100000
03400667644669000008622000005C06676446690667648076000008622004580I0000000000000000000004000000600055500000000100000001
03400667639032000008622000005C06676390320667642648000008622004580V0000000000000000000004000000100000010000000100000001040000003000555000000001000000010400000010004601000000010000000104000000100046010000000100000001
