1000020260000086173003063600108048651626490022600000
001001026000008617300206676214030000000000000000000000000000000000000000000000020830462800100100000
010001000000000000000000000000000000086173066762142300100000
0350010667621427389092810000116800000002020000
010001000000000000000000000000000000086173066762142700200000
001001026000008617300306676214330000000000000000000000000000000000000000000000020830462800100100000
001001026000008617300406676214420000000000000000000000000000000000000000000000020830462800100100000
001001026000008617300506676214490000000000000000000000000000000000000000000000020830462800100100000
005001066762180400104088151425000000000015900877520400001000150000
005001066762180400104088151425000000000015900877520400001000150000
002011066762180800104164628126000000000023279982800400001009980004650004650004650000000000000000000100000001000000861730000000000000000000000000000000000000000000000000000000000000000000000000000000000000000000000006360010804865162649002260000000
002011066762181400104088156443000000000018123894480400001004620004650004650004650000000000000000000100000001000000861730000000000000000000000000000000000000000000000000000000000000000000000000000000000000000000000006360010804865162649002260000000
005001066762183700000000000000000000000000000000000000000000150000
002011066762184200104150619359000000000024723180240400001003360004650004650004650000000000000000000100000001000000861730000000000000000000000000000000000000000000000000000000000000000000000000000000000000000000000006360010804865162649002260000000
005001066762187700104083089349000000000011744062160400001000150000
005001066762187800104083089349000000000011744062160400001000360000
002011066762188100104083089349000000000011744062160400001016910004650004650004650000000000000000000100000001000000861730000000000000000000000000000000000000000000000000000000000000000000000000000000000000000000000006360010804865162649002260000000
002011066762198700117054607738000000000031500916930400001012390004650004650004650000000000000000000100000001000000861730000000000000000000000000000000000000000000000000000000000000000000000000000000000000000000000006360010804865162649002260000000
002011066762212900117059352282000000000014075469690400001016650004650004650004650000000000000000000100000001000000861730000000000000000000000000000000000000000000000000000000000000000000000000000000000000000000000006360010804865162649002260000000
005001066762223700104089048971000000000029383488721023001002300000
002011066762223900104089048971000000000029383488720400001002230004650004650004650000000000000000000100000001000000861730000000000000000000000000000000000000000000000000000000000000000000000000000000000000000000000006360010804865162649002260000000
00300104000010000700032550000086173000000000000000000000000000000000000000000000006676244200000
001001026000008617300406676244200000000000000000000000000000000000000000000000020830462800100000000
001001026000008617300306676244260000000000000000000000000000000000000000000000020830462800100000000
001001026000008617300206676244310000000000000000000000000000000000000000000000020830462800100000000
010001000000000000000000000000000000086173066762443600400000
010001000000000000000000000000000000086173066762444100500000
001001026000008617300106676244530000000000000000000000000000000000000000000000020830462800100000000
03400667621449000008617300005C06676214490667624420000008617304628V0000000000000000000004000000700046500000000100000001040000007000465000000001000000010400000070004650000000010000000104000000700046500000000100000001040000007000465000000001000000010400000070004650000000010000000104000000700046500000000100000001
