1000020260000086052003063600113503259963010025720000
001001026000008605200206676216400000000000000000000000000000000000000000000000020830462800100000000
010001000000000000000000000000000000086052066762165300100000
0350010667621657456233540000049600000002020000
010001000000000000000000000000000000086052066762165800200000
001001026000008605200306676216670000000000000000000000000000000000000000000000020830462800100000000
001001026000008605200406676216740000000000000000000000000000000000000000000000020830462800100000000
001001026000008605200506676216820000000000000000000000000000000000000000000000020830462800100000000
002011066762322400104163944709000000000023120935120400001042140004650004650004650000000000000000000100000001000000860520000000000000000000000000000000000000000000000000000000000000000000000000000000000000000000000006360011350325996301002572000000
002011066762323200104152589694000000000026690486480400001021280004650004650004650000000000000000000100000001000000860520000000000000000000000000000000000000000000000000000000000000000000000000000000000000000000000006360011350325996301002572000000
00300104000010000200009300000086052000000000000000000000000000000000000000000000006676240820000
001001026000008605200406676240820000000000000000000000000000000000000000000000020830462800100100000
001001026000008605200306676240860000000000000000000000000000000000000000000000020830462800100100000
001001026000008605200206676240920000000000000000000000000000000000000000000000020830462800100100000
010001000000000000000000000000000000086052066762409700400000
010001000000000000000000000000000000086052066762410200500000
001001026000008605200106676241150000000000000000000000000000000000000000000000020830462800100100000
03400667621682000008605200005C06676216820667624082000008605204628I0000000000000000000004000000200046500000000100000001
