1000020260000086172003063600113503259863650022710000
0450010000000002000000000106675753160000
0450010000000002000000000106675820260000
0450010000000002000000000106675832970000
0450010000000002000000000106675845680000
0450010000000002000000000106675858540000
001001026000008617200206676210150000000000000000000000000000000000000000000000000000000000000000000
010001000000000000000000000000000000086172066762102900100000
0350010667621033395248630000120500000002020000
010001000000000000000000000000000000086172066762103300200000
001001026000008617200306676210490000000000000000000000000000000000000000000000000000000000000000000
001001026000008617200406676210560000000000000000000000000000000000000000000000020290457400100100000
001001026000008617200506676210640000000000000000000000000000000000000000000000020290457400100100000
002011066762390000104150123442000000000024365031120400001007060004650004650004650000000000000000000100000001000000861720000000000000000000000000000000000000000000000000000000000000000000000000000000000000000000000006360011350325986365002271000000
002011066762457300104160157821000000000024802076880400001035040004650004650004650000000000000000000100000001000000861720000000000000000000000000000000000000000000000000000000000000000000000000000000000000000000000006360011350325986365002271000000
005001066762488900104088851801000000000028086882001022001000150000
002011066762489300104088851801000000000028086882000400001001180004650004650004650000000000000000000100000001000000861720000000000000000000000000000000000000000000000000000000000000000000000000000000000000000000000006360011350325986365002271000000
00300104000010000300013950000086172000000000000000000000000000000000000000000000006676257380000
001001026000008617200406676257380000000000000000000000000000000000000000000000020290457400100000000
001001026000008617200506676257450000000000000000000000000000000000000000000000020290457400100000000
001001026000008617200406676257500000000000000000000000000000000000000000000000020290457400100100000
001001026000008617200506676267480000000000000000000000000000000000000000000000020290457400100100000
002011066762676100104164716441000000000023027274960400001018270004650004650004650000000000000000000100000001000000861720000000000000000000000000000000000000000000000000000000000000000000000000000000000000000000000006360011350325986365002271000000
002011066762676500104087322651000000000016149555920400001002030004650004650004600004600008550000000100000001000000861720000000000000000000000000000000000000000000000100000000000000000000300000000000000000000000000006360011350325986365002271000000
002011066762677400104089816366000000000016761641680400001003380004650004650004600004600008550000000100000001000000861720000000000000000000000000000000000000000000000100000000000000000000300000000000000000000000000006360011350325986365002271000000
005001066762679300000000000000000000000027699469520000000000150000
002011066762679400104152948211000000000027699469520400001009900004650004650004650000000000000000000100000001000000861720000000000000000000000000000000000000000000000000000000000000000000000000000000000000000000000006360011350325986365002271000000
002011066762682600104156233241000000000024635820240400001027170004650004650004650000000000000000000100000001000000861720000000000000000000000000000000000000000000000000000000000000000000000000000000000000000000000006360011350325986365002271000000
002011066762683500104151288275000000000025966254800400001001020004650004650004650000000000000000000100000001000000861720000000000000000000000000000000000000000000000000000000000000000000000000000000000000000000000006360011350325986365002271000000
002011066762684300109109612931000000000018390021840100001003110004650004650004650000000000000000000100000001000000861720000000000000000000000000000000000000000000000000000000000000000000000000010000000000000000000106360011350325986365002271000000
002011066762686000104085454184000000000018937943760400001009000004650004650004650000000000000000000100000001000000861720000000000000000000000000000000000000000000000000000000000000000000000000000000000000000000000006360011350325986365002271000000
002011066762703300117055448862000000000042498026790400001018820004650004650004650000000000000000000100000001000000861720000000000000000000000000000000000000000000000000000000000000000000000000000000000000000000000006360011350325986365002271000000
002011066762724600109125629827000000000006466512080100001039000004650004650004500004500008550000000100000001000000861720000000000000000000000000000000000000000000000100000000000000000000300000000000000000000000000006360011350325986365002271000000
002011066762789400117059695783000000000013912491610400001009180004650004650004650000000000000000000100000001000000861720000000000000000000000000000000000000000000000000000000000000000000000000000000000000000000000006360011350325986365002271000000
002011066762871000104028360419000000000005492067640400001065360004650004650001950000000000000000000100000001000000861720000000000000000000000000000000000000000000000000000000000000000000000000000000000000000000000006360011350325986365002271000000
002011066762871000104028360419000000000005492067640400001065360004650004650002700000000000000000000100000001000000861720000000000000000000000000000000000000000000000000000000000000000000000000000000000000000000000006360011350325986365002271000000
00300104000010001000046500000086172000000000000000000000000000000000000000000000006676294550000
00300101000010000200009300000086172000000000000000000000000000000000000000000000006676294550000
001001026000008617200406676294550000000000000000000000000000000000000000000000020290457400100000000
001001026000008617200506676305080000000000000000000000000000000000000000000000020290457400100000000
005001066763133000109068234822000000000019279890640100001000340000
002011066763133600109055783989000000000007756526800100001002360004650004650004650000000000000000000100000001000000861720000000000000000000000000000000000000000000000000000000000000000000000000000000000000000000000006360011350325986365002271000000
002011066763140300104161941362000000000028320103120400001015760004650004650004650000000000000000000100000001000000861720000000000000000000000000000000000000000000000000000000000000000000000000000000000000000000000006360011350325986365002271000000
002011066763206500104152702181000000000027611712720400001032850004650004650004650000000000000000000100000001000000861720000000000000000000000000000000000000000000000000000000000000000000000000000000000000000000000006360011350325986365002271000000
002011066763207000104164627251000000000024080556240400001021060004650004650004650000000000000000000100000001000000861720000000000000000000000000000000000000000000000000000000000000000000000000000000000000000000000006360011350325986365002271000000
00300101000010000100004650000086172000000000000000000000000000000000000000000000006676329100000
00300104000010000300013950000086172000000000000000000000000000000000000000000000006676329100000
001001026000008617200406676329100000000000000000000000000000000000000000000000020290457400100100000
001001026000008617200506676339440000000000000000000000000000000000000000000000020290457400100100000
002011066763399300104165413808000000000016313296080400001021070004650004650004600004600008550000000100000001000000861720000000000000000000000000000000000000000000000100000000000000000000300000000000000000000000000006360011350325986365002271000000
002011066763402100109126252921000000000003310495440100001042230004650004650004650000000000000000000100000001000000861720000000000000000000000000000000000000000000000000000000000000000000000000010000000000000000000206360011350325986365002271000000
002011066763431500104164505636000000000024291740880400001004370004650004650004650000000000000000000100000001000000861720000000000000000000000000000000000000000000000000000000000000000000000000000000000000000000000006360011350325986365002271000000
002011066763432300104157071626000000000024866806480400001005930004650004650004650000000000000000000100000001000000861720000000000000000000000000000000000000000000000000000000000000000000000000000000000000000000000006360011350325986365002271000000
002011066763433000104153380357000000000027821591760400001000730004650004650004600004600008550000000100000001000000861720000000000000000000000000000000000000000000000100000000000000000000300000000000000000000000000006360011350325986365002271000000
002011066763449100104089168348000000000033298655440400001002080004650004650004650000000000000000000100000001000000861720000000000000000000000000000000000000000000000000000000000000000000000000000000000000000000000006360011350325986365002271000000
00300104000010000500023250000086172000000000000000000000000000000000000000000000006676365490000
00300101000010000100004650000086172000000000000000000000000000000000000000000000006676365490000
001001026000008617200406676365490000000000000000000000000000000000000000000000020290457400100000000
001001026000008617200506676368860000000000000000000000000000000000000000000000020290457400100000000
001001026000008617200406676392370000000000000000000000000000000000000000000000020290457400100100000
001001026000008617200506676400640000000000000000000000000000000000000000000000020290457400100100000
002011066764007400104083010301000000000008921546960400001003730004650004650004600004600008550000000100000001000000861720000000000000000000000000000000000000000000000100000000000000000000300000000000000000000000000006360011350325986365002271000000
002011066764025100104089496833000000000031522033360400001001980004650004650004600004600008550000000100000001000000861720000000000000000000000000000000000000000000000100000000000000000000300000000000000000000000000006360011350325986365002271000000
002011066764056300104165135999000000000024075408080400001009300004650004650004650000000000000000000100000001000000861720000000000000000000000000000000000000000000000000000000000000000000000000000000000000000000000006360011350325986365002271000000
00300104000010000300013950000086172000000000000000000000000000000000000000000000006676425750000
001001026000008617200406676425750000000000000000000000000000000000000000000000020290457400100000000
001001026000008617200306676425790000000000000000000000000000000000000000000000020290457400100000000
010001000000000000000000000000000000086172066764258500500000
001001026000008617200206676425930000000000000000000000000000000000000000000000020290457400100000000
010001000000000000000000000000000000086172066764259800400000
001001026000008617200106676426060000000000000000000000000000000000000000000000020290457400100000000
03400667621064000008617200005C06676210640667625738000008617204574V00000000000000000000040000014000465000000001000000010400000140004650000000010000000104000001400046500000000100000001
