1000020260000086053003002185163227824194830026060000
001001026000008605300206676240550000000000000000000000000000000000000000000000020350458000100100000
010001000000000000000000000000000000086053066762407400100000
0350010667624079336611810000104400000002020000
010001000000000000000000000000000000086053066762407900200000
001001026000008605300306676240860000000000000000000000000000000000000000000000020350458000100100000
001001026000008605300406676240960000000000000000000000000000000000000000000000020350458000100100000
001001026000008605300506676243030000000000000000000000000000000000000000000000020350458000100100000
002011066762433700104087936241000000000016767898320400001006230005550005550004250004250008550000000100000001000000860530000000000000000000000000000000000000000000000100000000000000000000300000000000000000000000000000218516322782419483002606000000
002011066762557600104152612262000000000024954327760400001027990005550005550005550000000000000000000100000001000000860530000000000000000000000000000000000000000000000000000000000000000000000000000000000000000000000000218516322782419483002606000000
002011066762572400104165717238000000000023186276560400001027130005550005550005550000000000000000000100000001000000860530000000000000000000000000000000000000000000000000000000000000000000000000000000000000000000000000218516322782419483002606000000
002011066762578200104165469285000000000023042519760400001023360005550005550005550000000000000000000100000001000000860530000000000000000000000000000000000000000000000000000000000000000000000000000000000000000000000000218516322782419483002606000000
002011066762605300104157498786000000000026349525200400001049120005550005550005550000000000000000000100000001000000860530000000000000000000000000000000000000000000000000000000000000000000000000000000000000000000000000218516322782419483002606000000
002011066762606700117012354921000000000017568016270400001045340005550005550005400000000000000000000100000001000000860530000000000000000000000000000000000000000000000000000000000000000000000000000000000000000000000000218516322782419483002606000000
002011066762606700117012354921000000000017568016270400001045340005550005550000150000000000000000000100000001000000860530000000000000000000000000000000000000000000000000000000000000000000000000000000000000000000000000218516322782419483002606000000
002011066762672500104085813818000000000015750354640400001006340005550005550004600004600008550000000100000001000000860530000000000000000000000000000000000000000000000100000000000000000000300000000000000000000000000000218516322782419483002606000000
00300104000010000700038850000086053000000000000000000000000000000000000000000000006676278190000
001001026000008605300406676278190000000000000000000000000000000000000000000000020350458000100000000
001001026000008605300506676284820000000000000000000000000000000000000000000000020350458000100000000
002011066762975000104161770517000000000027757596880400001001270005550005550005550000000000000000000100000001000000860530000000000000000000000000000000000000000000000000000000000000000000000000000000000000000000000000218516322782419483002606000000
002011066763028000104088372571000000000027149970640400001001880005550005550001200000000000000000000100000001000000860530000000000000000000000000000000000000000000000000000000000000000000000000000000000000000000000000218516322782419483002606000000
002011066763028000104088372571000000000027149970640400001001880005550005550004350000000000000000000100000001000000860530000000000000000000000000000000000000000000000000000000000000000000000000000000000000000000000000218516322782419483002606000000
002011066763028000104087335026000000000016653962960400001003020005550005550005550000000000000000000100000001000000860530000000000000000000000000000000000000000000000000000000000000000000000000000000000000000000000000218516322782419483002606000000
002011066763039100104085566837000000000018951148240400001008870005550005550004600004600008550000000100000001000000860530000000000000000000000000000000000000000000000100000000000000000000300000000000000000000000000000218516322782419483002606000000
005001066763068200304005330494000000000015443420020800003002140000
005001066763068600304005330494000000000015443420020800003002140000
005001066763069100304005330494000000000015443420021023003000150000
002011066763094300117000272452000000000023566799710400001036170005550005550005550000000000000000000100000001000000860530000000000000000000000000000000000000000000000000000000000000000000000000000000000000000000000000218516322782419483002606000000
00300104000010000500027750000086053000000000000000000000000000000000000000000000006676320960000
001001026000008605300406676320960000000000000000000000000000000000000000000000020350458000100100000
002011066763313700104164346406000000000024325404880400001030130005550005550004500004500008550000000100000001000000860530000000000000000000000000000000000000000000000100000000000000000000300000000000000000000000000000218516322782419483002606000000
00300104000010000100005550000086053000000000000000000000000000000000000000000000006676331430000
001001026000008605300506676331430000000000000000000000000000000000000000000000020350458000100100000
002011066763398900117055829726000000000042378478150400001012580005550005550005550000000000000000000100000001000000860530000000000000000000000000000000000000000000000000000000000000000000000000000000000000000000000000218516322782419483002606000000
00300104000010000100005550000086053000000000000000000000000000000000000000000000006676370260000
001001026000008605300406676370260000000000000000000000000000000000000000000000020350458000100000000
001001026000008605300506676374600000000000000000000000000000000000000000000000020350458000100000000
002011066763746300117012354921000000000017568016270400001045350005550005550005550000000000000000000100000001000000860530000000000000000000000000000000000000000000000000000000000000000000000000000000000000000000000000218516322782419483002606000000
005001066763747600117027531785000000000010008682770400001000150000
002011066763747800117027531785000000000010008682770400001021910005550005550005550000000000000000000100000001000000860530000000000000000000000000000000000000000000000000000000000000000000000000000000000000000000000000218516322782419483002606000000
002011066763872200117050947471000000000024571020530400001027880005550005550005550000000000000000000100000001000000860530000000000000000000000000000000000000000000000000000000000000000000000000000000000000000000000000218516322782419483002606000000
00300104000010000300016650000086053000000000000000000000000000000000000000000000006676404120000
001001026000008605300406676404120000000000000000000000000000000000000000000000020350458000100100000
001001026000008605300506676434750000000000000000000000000000000000000000000000020350458000100100000
001001026000008605300406676470270000000000000000000000000000000000000000000000020350458000100000000
001001026000008605300306676470410000000000000000000000000000000000000000000000020350458000100000000
010001000000000000000000000000000000086053066764704700500000
001001026000008605300206676470590000000000000000000000000000000000000000000000020350458000100000000
010001000000000000000000000000000000086053066764706600400000
001001026000008605300106676470740000000000000000000000000000000000000000000000020350458000100000000
03400667628482000008605300005C06676284820667632096000008605304580I0000000000000000000004000000100012000000000100000001040000001000460100000001000000010400000010004350000000010000000104000000600055500000000100000001
03400667624303000008605300005C06676243030667627819000008605304580V000000000000000000000400000010004251000000010000000104000000100046010000000100000001040000001000015000000001000000010400000010005400000000010000000104000000500055500000000100000001040000005000555000000001000000010400000050005550000000010000000104000000500055500000000100000001
