1000020260000086065003025243604634338634320028990000
001001026000008606500206676484090000000000000000000000000000000000000000000000000000000000000000000
010001000000000000000000000000000000086065066764842600100000
0350010667648431658100580000036900000001020000
010001000000000000000000000000000000086065066764843100200000
001001026000008606500306676484380000000000000000000000000000000000000000000000000000000000000000000
001001026000008606500406676484460000000000000000000000000000000000000000000000020350458000100000000
001001026000008606500506676484530000000000000000000000000000000000000000000000020350458000100000000
002011066765040400117051274908000000000028914130930400001014100005550005550005550000000000000000000100000001000000860650000000000000000000000000000000000000000000000000000000000000000000000000000000000000000000000002524360463433863432002899000000
002011066765082200117055554931000000000042378631430400001025470005550005550004500004500008550000000100000001000000860650000000000000000000000000000000000000000000000100000000000000000000300000000000000000000000000002524360463433863432002899000000
002011066765163900104158170237000000000026021159120400001047080005550005550005550000000000000000000100000001000000860650000000000000000000000000000000000000000000000000000000000000000000000000000000000000000000000002524360463433863432002899000000
00300104000010000300016650000086065000000000000000000000000000000000000000000000006676531770000
001001026000008606500406676531770000000000000000000000000000000000000000000000020350458000100100000
001001026000008606500506676538920000000000000000000000000000000000000000000000020350458000100100000
002011066765422200104089299043000000000031537979600400001002240005550005550005550000000000000000000100000001000000860650000000000000000000000000000000000000000000000000000000000000000000000000000000000000000000000002524360463433863432002899000000
002011066765550000104156446553000000000027550073040400001000350005550005550004850000000000000000000100000001000000860650000000000000000000000000000000000000000000000000000000000000000000000000000000000000000000000002524360463433863432002899000000
002011066765550000104156446553000000000027550073040400001000350005550005550000700000000000000000000100000001000000860650000000000000000000000000000000000000000000000000000000000000000000000000000000000000000000000002524360463433863432002899000000
005001066765596500304004961822000000000035337000700800003002140000
00300104000010000200011100000086065000000000000000000000000000000000000000000000006676574920000
001001026000008606500406676574920000000000000000000000000000000000000000000000020350458000100000000
001001026000008606500506676594610000000000000000000000000000000000000000000000020350458000100000000
002011066766198600104083649531000000000012726485200400001018640005550005550005550000000000000000000100000001000000860650000000000000000000000000000000000000000000000000000000000000000000000000000000000000000000000002524360463433863432002899000000
00300104000010000100005550000086065000000000000000000000000000000000000000000000006676625110000
001001026000008606500406676625110000000000000000000000000000000000000000000000020350458000100100000
001001026000008606500306676638560000000000000000000000000000000000000000000000020350458000100100000
001001026000008606500406676638630000000000000000000000000000000000000000000000020350458000100000000
001001026000008606500506676638710000000000000000000000000000000000000000000000020350458000100000000
002011066766441300109054720584000000000017001040080100001002570005550005550005550000000000000000000100000001000000860650000000000000000000000000000000000000000000000000000000000000000000000000000000000000000000000002524360463433863432002899000000
002011066766465900104086298844000000000015550485200400001004500005550005550005550000000000000000000100000001000000860650000000000000000000000000000000000000000000000000000000000000000000000000000000000000000000000002524360463433863432002899000000
005001066766573200305000445305000000000013402471150710003002140000
002011066766573300305000445305000000000013402471150400001003430005550005550003900003900008550000000100000001000000860650000000000000000000000000000000000000000000000100000000000000000000300000000000000000000000000002524360463433863432002899000000
002011066766852000109054495998000000000019029635280100001002650005550005550005550000000000000000000100000001000000860650000000000000000000000000000000000000000000000000000000000000000000000000000000000000000000000002524360463433863432002899000000
002011066766874300109080261605000000000005136113360100001020200005550005550005550000000000000000000100000001000000860650000000000000000000000000000000000000000000000000000000000000000000000000010000000000000000001002524360463433863432002899000000
002011066767042200104083803742000000000009316089040400001006070005550005550005550000000000000000000100000001000000860650000000000000000000000000000000000000000000000000000000000000000000000000000000000000000000000002524360463433863432002899000000
002011066767050700104085161594000000000016955479760400001006700005550005550005550000000000000000000100000001000000860650000000000000000000000000000000000000000000000000000000000000000000000000000000000000000000000002524360463433863432002899000000
00300101000010000300016650000086065000000000000000000000000000000000000000000000006676720400000
00300104000010000400022200000086065000000000000000000000000000000000000000000000006676720400000
001001026000008606500406676720400000000000000000000000000000000000000000000000020350458000100100000
001001026000008606500306676720460000000000000000000000000000000000000000000000020350458000100100000
010001008029000004566200000094800000086065066767205200510000
001001026000008606500206676720610000000000000000000000000000000000000000000000020350458000100100000
010001008029000004566200000094800000086065066767206700410000
001001026000008606500106676720750000000000000000000000000000000000000000000000020350458000100100000
03400667648453000008606500005C06676484530667653177000008606504580I000000000000000000000400000060005550000000010000000104000000100045010000000100000001
03400667653892000008606500005C06676538920667657492000008606504580V00000000000000000000040000001000555000000001000000010400000010004850000000010000000104000000100007000000000100000001
