1000020260000086053003002185163227824194830026070000
001001026000008605300206676515990000000000000000000000000000000000000000000000000000000000000000000
010001000000000000000000000000000000086053066765161800100000
0350010667651624253208420000021900000001020000
010001000000000000000000000000000000086053066765162500200000
001001026000008605300306676516350000000000000000000000000000000000000000000000000000000000000000000
001001026000008605300406676516420000000000000000000000000000000000000000000000020350458000100000000
001001026000008605300506676542340000000000000000000000000000000000000000000000020350458000100000000
002011066765428900104088863654000000000026685054160400001001290005550005550005550000000000000000000100000001000000860530000000000000000000000000000000000000000000000000000000000000000000000000000000000000000000000000218516322782419483002607000000
002011066765508700104162233302000000000025093077200400001031560005550005550004500004500008550000000100000001000000860530000000000000000000000000000000000000000000000100000000000000000000300000000000000000000000000000218516322782419483002607000000
002011066765509300117060459125000000000001125330400400001005870005550005550004500004500008550000000100000001000000860530000000000000000000000000000000000000000000000100000000000000000000300000000000000000000000000000218516322782419483002607000000
00300104000010000300016650000086053000000000000000000000000000000000000000000000006676574320000
001001026000008605300406676574320000000000000000000000000000000000000000000000020350458000100100000
001001026000008605300506676574400000000000000000000000000000000000000000000000020350458000100100000
002011066765956900104152677232000000000025052293840400001004630005550005550005550000000000000000000100000001000000860530000000000000000000000000000000000000000000000000000000000000000000000000000000000000000000000000218516322782419483002607000000
00300104000010000100005550000086053000000000000000000000000000000000000000000000006676619130000
001001026000008605300406676619130000000000000000000000000000000000000000000000020350458000100000000
001001026000008605300506676633320000000000000000000000000000000000000000000000020350458000100000000
005001066766505700000000000000000000000026554297040000000000150000
002011066766506400104156711311000000000026554297040400001000370005550005550005550000000000000000000100000001000000860530000000000000000000000000000000000000000000000000000000000000000000000000000000000000000000000000218516322782419483002607000000
00300104000010000100005550000086053000000000000000000000000000000000000000000000006676676430000
001001026000008605300406676676430000000000000000000000000000000000000000000000020350458000100100000
001001026000008605300506676676500000000000000000000000000000000000000000000000020350458000100100000
002011066766978600117050947471000000000024571020530400001027890005550005550005550000000000000000000100000001000000860530000000000000000000000000000000000000000000000000000000000000000000000000000000000000000000000000218516322782419483002607000000
002011066766985700104152269908000000000026083172560400001003140005550005550005550000000000000000000100000001000000860530000000000000000000000000000000000000000000000000000000000000000000000000000000000000000000000000218516322782419483002607000000
002011066766986800104159031451000000000026305475280400001046620005550005550000000000000008550000000100000001000000860530000000000000000000000000000000000000000000000100000000000000000000300000000000000000000000000000218516322782419483002607000000
002011066767003500104165408341000000000019405540560400001030700005550005550002150000000000000000000100000001000000860530000000000000000000000000000000000000000000000000000000000000000000000000000000000000000000000000218516322782419483002607000000
002011066767003500104165408341000000000019405540560400001030700005550005550003400000000000000000000100000001000000860530000000000000000000000000000000000000000000000000000000000000000000000000000000000000000000000000218516322782419483002607000000
00300104000010000400022200000086053000000000000000000000000000000000000000000000006676715580000
001001026000008605300406676715580000000000000000000000000000000000000000000000020350458000100000000
001001026000008605300506676715650000000000000000000000000000000000000000000000020350458000100000000
002011066767475600104165957311000000000023512784080400001056160005550005550005550000000000000000000100000001000000860530000000000000000000000000000000000000000000000000000000000000000000000000000000000000000000000000218516322782419483002607000000
00300104000010000100005550000086053000000000000000000000000000000000000000000000006676759690000
001001026000008605300406676759690000000000000000000000000000000000000000000000020350458000100100000
001001026000008605300506676759770000000000000000000000000000000000000000000000020350458000100100000
001001026000008605300406676759980000000000000000000000000000000000000000000000020350458000100000000
001001026000008605300306676760030000000000000000000000000000000000000000000000020350458000100000000
010001000000000000000000000000000000086053066767601000500000
001001026000008605300206676760190000000000000000000000000000000000000000000000020350458000100000000
010001000000000000000000000000000000086053066767602400400000
001001026000008605300106676760330000000000000000000000000000000000000000000000020350458000100000000
03400667654234000008605300005C06676542340667657432000008605304580I000000000000000000000400000030005550000000010000000104000000200045010000000100000001
03400667657440000008605300005C06676574400667661913000008605304580V0000000000000000000004000000300055500000000100000001
