1000020260000086053003002185163227824194830026080000
001001026000008605300206676770110000000000000000000000000000000000000000000000020320457700100000000
010001000000000000000000000000000000086053066767703200100000
0350010667677039253208420000021900000002020000
010001000000000000000000000000000000086053066767703900200000
001001026000008605300306676770510000000000000000000000000000000000000000000000020320457700100000000
001001026000008605300406676770590000000000000000000000000000000000000000000000020320457700100000000
001001026000008605300306676770660000000000000000000000000000000000000000000000020320457700100000000
001001026000008605300406676770740000000000000000000000000000000000000000000000020320457700100100000
001001026000008605300506676770820000000000000000000000000000000000000000000000020320457700100100000
001001026000008605300406676792130000000000000000000000000000000000000000000000020320457700100000000
001001026000008605300306676792190000000000000000000000000000000000000000000000020320457700100000000
010001000000000000000000000000000000086053066767922500500000
001001026000008605300206676792350000000000000000000000000000000000000000000000020320457700100000000
010001000000000000000000000000000000086053066767924000400000
001001026000008605300106676792490000000000000000000000000000000000000000000000020320457700100000000
