1000020260000086119003002185163227824240850028490000
001001026000008611900206676455330000000000000000000000000000000000000000000000000000000000000000000
010001000000000000000000000000000000086119066764555600100000
0350010667645560252865610000062400000001020000
010001000000000000000000000000000000086119066764556100200000
001001026000008611900306676455720000000000000000000000000000000000000000000000000000000000000000000
001001026000008611900406676455800000000000000000000000000000000000000000000000021430468300100100000
001001026000008611900506676455880000000000000000000000000000000000000000000000021430468300100100000
002011066764669800104152712178000000000027876780240400001058730004300004300004300000000000000000000100000001000000861190000000000000000000000000000000000000000000000000000000000000000000000000000000000000000000000000218516322782424085002849000000
00300104000010000100004300000086119000000000000000000000000000000000000000000000006676491870000
001001026000008611900406676491870000000000000000000000000000000000000000000000021430468300100000000
001001026000008611900506676491940000000000000000000000000000000000000000000000021430468300100000000
001001026000008611900406676537610000000000000000000000000000000000000000000000021430468300100100000
001001026000008611900506676537680000000000000000000000000000000000000000000000021430468300100100000
001001026000008611900406676572730000000000000000000000000000000000000000000000021430468300100000000
001001026000008611900506676572790000000000000000000000000000000000000000000000021430468300100000000
005001066766031200104162005521000000000027947932880400001000360000
002011066766031800104162005521000000000027947932880400001018210004300004300004300000000000000000000100000001000000861190000000000000000000000000000000000000000000000000000000000000000000000000000000000000000000000000218516322782424085002849000000
00300104000010000100004300000086119000000000000000000000000000000000000000000000006676617290000
001001026000008611900406676617290000000000000000000000000000000000000000000000021430468300100100000
001001026000008611900506676617370000000000000000000000000000000000000000000000021430468300100100000
001001026000008611900406676649290000000000000000000000000000000000000000000000021430468300100000000
001001026000008611900506676649360000000000000000000000000000000000000000000000021430468300100000000
001001026000008611900406676700830000000000000000000000000000000000000000000000021430468300100100000
001001026000008611900506676700900000000000000000000000000000000000000000000000021430468300100100000
001001026000008611900406676733770000000000000000000000000000000000000000000000021430468300100000000
001001026000008611900506676733840000000000000000000000000000000000000000000000021430468300100000000
001001026000008611900406676734470000000000000000000000000000000000000000000000021430468300100100000
001001026000008611900506676734540000000000000000000000000000000000000000000000021430468300100100000
001001026000008611900406676734660000000000000000000000000000000000000000000000021430468300100000000
001001026000008611900506676734720000000000000000000000000000000000000000000000021430468300100000000
002011066767530600109122974248000000000002373205200100001008730004300004300004300000000000000000000100000001000000861190000000000000000000000000000000000000000000000000000000000000000000000000000000000000000000000000218516322782424085002849000000
00300101000010000100004300000086119000000000000000000000000000000000000000000000006676774450000
001001026000008611900406676774450000000000000000000000000000000000000000000000021430468300100100000
001001026000008611900306676774510000000000000000000000000000000000000000000000021430468300100100000
010001000000000000000000000000000000086119066767745700500000
001001026000008611900206676774660000000000000000000000000000000000000000000000021430468300100100000
010001000000000000000000000000000000086119066767747300400000
001001026000008611900106676774810000000000000000000000000000000000000000000000021430468300100100000
03400667645588000008611900005C06676455880667649187000008611904683V0000000000000000000004000000100043000000000100000001
