1000020260000086107003063600107447260289070027410000
001001026000008610700206676439160000000000000000000000000000000000000000000000000000000000000000000
010001000000000000000000000000000000086107066764393600100000
0350010667643941871424320000028500000001020000
010001000000000000000000000000000000086107066764394100200000
001001026000008610700306676439510000000000000000000000000000000000000000000000000000000000000000000
001001026000008610700406676439570000000000000000000000000000000000000000000000020340457900100000000
001001026000008610700506676439640000000000000000000000000000000000000000000000020340457900100000000
002011066764482000104156468531000000000027532821200400001027450004300004300004300000000000000000000100000001000000861070000000000000000000000000000000000000000000000000000000000000000000000000000000000000000000000006360010744726028907002741000000
002011066764527100117026598258000000000019390966210400001031560004300004300004300000000000000000000100000001000000861070000000000000000000000000000000000000000000000000000000000000000000000000000000000000000000000006360010744726028907002741000000
002011066764654000104158215281000000000025602458320400001071850004300004300004300000000000000000000100000001000000861070000000000000000000000000000000000000000000000000000000000000000000000000000000000000000000000006360010744726028907002741000000
002011066764661000104151866716000000000024760866000400001036130004300004300004300000000000000000000100000001000000861070000000000000000000000000000000000000000000000000000000000000000000000000000000000000000000000006360010744726028907002741000000
002011066764661900104165283963000000000024121119440400001081430004300004300004300000000000000000000100000001000000861070000000000000000000000000000000000000000000000000000000000000000000000000000000000000000000000006360010744726028907002741000000
002011066764886400104165633701000000000024118280400400001015890004300004300004300000000000000000000100000001000000861070000000000000000000000000000000000000000000000000000000000000000000000000000000000000000000000006360010744726028907002741000000
002011066764954400104163088276000000000014894820560400001032040004300004300004300000000000000000000100000001000000861070000000000000000000000000000000000000000000000000000000000000000000000000000000000000000000000006360010744726028907002741000000
005001066764988700117060634237000000000027345263130100001002410000
002011066764988700117060634237000000000027345263130400001013880004300004300002150000000000000000000100000001000000861070000000000000000000000000000000000000000000000000000000000000000000000000000000000000000000000006360010744726028907002741000000
002011066764988700117060634237000000000027345263130400001013880004300004300002150000000000000000000100000001000000861070000000000000000000000000000000000000000000000000000000000000000000000000000000000000000000000006360010744726028907002741000000
002011066765229900104087535271000000000016611436240400001006300004300004300004300000000000000000000100000001000000861070000000000000000000000000000000000000000000000000000000000000000000000000000000000000000000000006360010744726028907002741000000
002011066765231600104087907356000000000017107584720400001008790004300004300004300000000000000000000100000001000000861070000000000000000000000000000000000000000000000000000000000000000000000000000000000000000000000006360010744726028907002741000000
002011066765233600104150579039000000000025756498640400001007170004300004300004300000000000000000000100000001000000861070000000000000000000000000000000000000000000000000000000000000000000000000000000000000000000000006360010744726028907002741000000
005001066765245000000000000000000000000025768489680000000000150000
002011066765245200104151182841000000000025768489680400001001730004300004300004300000000000000000000100000001000000861070000000000000000000000000000000000000000000000000000000000000000000000000000000000000000000000006360010744726028907002741000000
002011066765250800117049665563000000000031171014020400001044160004300004300004300000000000000000000100000001000000861070000000000000000000000000000000000000000000000000000000000000000000000000000000000000000000000006360010744726028907002741000000
002011066765402800104164928618000000000024119276240400001031520004300004300004300000000000000000000100000001000000861070000000000000000000000000000000000000000000000000000000000000000000000000000000000000000000000006360010744726028907002741000000
002011066765540100104086932233000000000015881749200400001004350004300004300004300000000000000000000100000001000000861070000000000000000000000000000000000000000000000000000000000000000000000000000000000000000000000006360010744726028907002741000000
002011066765541000104164569847000000000023073529040400001028140004300004300004300000000000000000000100000001000000861070000000000000000000000000000000000000000000000000000000000000000000000000000000000000000000000006360010744726028907002741000000
002011066765544100109106842251000000000013543271120100001010290004300004300004300000000000000000000100000001000000861070000000000000000000000000000000000000000000000000000000000000000000000000000000000000000000000006360010744726028907002741000000
005001066765544800117060670624000000000002029652660100001002410000
002011066765544900117060670624000000000002029652660400001019500004300004300004300000000000000000000100000001000000861070000000000000000000000000000000000000000000000000000000000000000000000000000000000000000000000006360010744726028907002741000000
002011066765545800104164350098000000000022901002960400001094530004300004300004300000000000000000000100000001000000861070000000000000000000000000000000000000000000000000000000000000000000000000000000000000000000000006360010744726028907002741000000
002011066765546400104152612611000000000027760817360400001022430004300004300004300000000000000000000100000001000000861070000000000000000000000000000000000000000000000000000000000000000000000000000000000000000000000006360010744726028907002741000000
002011066765594200104153171766000000000027864702160400001093350004300004300004300000000000000000000100000001000000861070000000000000000000000000000000000000000000000000000000000000000000000000000000000000000000000006360010744726028907002741000000
002011066765608100104087661934000000000016497895120400001008030004300004300004300000000000000000000100000001000000861070000000000000000000000000000000000000000000000000000000000000000000000000000000000000000000000006360010744726028907002741000000
002011066765756700109055731431000000000004921109200100001001000004300004300004300000000000000000000100000001000000861070000000000000000000000000000000000000000000000000000000000000000000000000000000000000000000000006360010744726028907002741000000
002011066765762500104156468778000000000027464520400400001027590004300004300004300000000000000000000100000001000000861070000000000000000000000000000000000000000000000000000000000000000000000000000000000000000000000006360010744726028907002741000000
002011066765807100109072130769000000000028117950160100001005000004300004300004300000000000000000000100000001000000861070000000000000000000000000000000000000000000000000000000000000000000000000000000000000000000000006360010744726028907002741000000
002011066765816700117041313331000000000009253799570400001036910004300004300004300000000000000000000100000001000000861070000000000000000000000000000000000000000000000000000000000000000000000000000000000000000000000006360010744726028907002741000000
002011066765817500104087035456000000000017356142800400001004840004300004300004300000000000000000000100000001000000861070000000000000000000000000000000000000000000000000000000000000000000000000000000000000000000000006360010744726028907002741000000
002011066765911600104165744332000000000024405097680400001014200004300004300004300000000000000000000100000001000000861070000000000000000000000000000000000000000000000000000000000000000000000000000000000000000000000006360010744726028907002741000000
002011066766067100104089544561000000000030146361040400001002170004300004300004300000000000000000000100000001000000861070000000000000000000000000000000000000000000000000000000000000000000000000000000000000000000000006360010744726028907002741000000
002011066766068000109125303867000000000007502966480100001000350004300004300004300000000000000000000100000001000000861070000000000000000000000000000000000000000000000000000000000000000000000000000000000000000000000006360010744726028907002741000000
002011066766068900109081262435000000000006746903760100001029730004300004300004300000000000000000000100000001000000861070000000000000000000000000000000000000000000000000000000000000000000000000000000000000000000000006360010744726028907002741000000
002011066766071300104164406158000000000022911765200400001026590004300004300004300000000000000000000100000001000000861070000000000000000000000000000000000000000000000000000000000000000000000000000000000000000000000006360010744726028907002741000000
002011066766072000104151213348000000000025769531600400001006800004300004300004300000000000000000000100000001000000861070000000000000000000000000000000000000000000000000000000000000000000000000000000000000000000000006360010744726028907002741000000
002011066766072800104160342643000000000028333197520400001058930004300004300004300000000000000000000100000001000000861070000000000000000000000000000000000000000000000000000000000000000000000000000000000000000000000006360010744726028907002741000000
002011066766073700104088159299000000000015288487120400001003880004300004300004300000000000000000000100000001000000861070000000000000000000000000000000000000000000000000000000000000000000000000000000000000000000000006360010744726028907002741000000
002011066766074200104164337083000000000024084519120400001010270004300004300000000000000008550000000100000001000000861070000000000000000000000000000000000000000000000100000000000000000000300000000000000000000000000006360010744726028907002741000000
005001066766078900104087394839000000000018287383760000000000150000
002011066766079300104087394839000000000018287383760400001005520004300004300004300000000000000000000100000001000000861070000000000000000000000000000000000000000000000000000000000000000000000000000000000000000000000006360010744726028907002741000000
002011066766082600117052917934000000000009732396210400001020140004300004300004300000000000000000000100000001000000861070000000000000000000000000000000000000000000000000000000000000000000000000000000000000000000000006360010744726028907002741000000
002011066766109300117053444134000000000009742794130400001019400004300004300004300000000000000000000100000001000000861070000000000000000000000000000000000000000000000000000000000000000000000000000000000000000000000006360010744726028907002741000000
002011066766117400104086354851000000000023601086160400001012040004300004300004300000000000000000000100000001000000861070000000000000000000000000000000000000000000000000000000000000000000000000000000000000000000000006360010744726028907002741000000
005001066766123600304005103951000000000039337052210800003002140000
002011066766265200104151490929000000000024581998800400001000760004300004300004300000000000000000000100000001000000861070000000000000000000000000000000000000000000000000000000000000000000000000000000000000000000000006360010744726028907002741000000
002011066766368400104165281138000000000022976840400400001049890004300004300004300000000000000000000100000001000000861070000000000000000000000000000000000000000000000000000000000000000000000000000000000000000000000006360010744726028907002741000000
002011066766369000104152810382000000000024923136720400001033320004300004300004300000000000000000000100000001000000861070000000000000000000000000000000000000000000000000000000000000000000000000000000000000000000000006360010744726028907002741000000
002011066766374100104162505396000000000025071255760400001098970004300004300004300000000000000000000100000001000000861070000000000000000000000000000000000000000000000000000000000000000000000000000000000000000000000006360010744726028907002741000000
002011066766375000104086149741000000000014702664400400001006780004300004300004300000000000000000000100000001000000861070000000000000000000000000000000000000000000000000000000000000000000000000000000000000000000000006360010744726028907002741000000
002011066766375500104164426175000000000022928720080400001056440004300004300004300000000000000000000100000001000000861070000000000000000000000000000000000000000000000000000000000000000000000000000000000000000000000006360010744726028907002741000000
002011066766396300104087474409000000000018114120400400001006060004300004300004300000000000000000000100000001000000861070000000000000000000000000000000000000000000000000000000000000000000000000000000000000000000000006360010744726028907002741000000
002011066766415200104161879781000000000027731920080400001085240004300004300004300000000000000000000100000001000000861070000000000000000000000000000000000000000000000000000000000000000000000000000000000000000000000006360010744726028907002741000000
002011066766432100104165617901000000000024034704080400001040360004300004300004300000000000000000000100000001000000861070000000000000000000000000000000000000000000000000000000000000000000000000000000000000000000000006360010744726028907002741000000
002011066766451800104162750171000000000027769027280400001017390004300004300004300000000000000000000100000001000000861070000000000000000000000000000000000000000000000000000000000000000000000000000000000000000000000006360010744726028907002741000000
002011066766456100104164431421000000000024378668240400001016670004300004300004300000000000000000000100000001000000861070000000000000000000000000000000000000000000000000000000000000000000000000000000000000000000000006360010744726028907002741000000
002011066766465400109001009347000000000012471703760100001043910004300004300004300000000000000000000100000001000000861070000000000000000000000000000000000000000000000000000000000000000000000000010000000000000000000106360010744726028907002741000000
002011066766502700117041270888000000000009158604210400001020690004300004300004300000000000000000000100000001000000861070000000000000000000000000000000000000000000000000000000000000000000000000000000000000000000000006360010744726028907002741000000
00300104000010004700202100000086107000000000000000000000000000000000000000000000006676661490000
00300101000010000600025800000086107000000000000000000000000000000000000000000000006676661490000
001001026000008610700406676661490000000000000000000000000000000000000000000000020340457900100100000
001001026000008610700306676661540000000000000000000000000000000000000000000000020340457900100100000
010001000000000000000000000000000000086107066766616100500000
001001026000008610700206676661740000000000000000000000000000000000000000000000020340457900100100000
010001000000000000000000000000000000086107066766617900400000
001001026000008610700106676661870000000000000000000000000000000000000000000000020340457900100100000
03400667643964000008610700005C06676439640667666149000008610704579I0000000000000000000001000000600043000000000100000001040000045000430000000001000000010400000020002150000000010000000104000000100000010000000100000001
