1000020260000086238003063600113503259941480025010000
001001026000008623800206676755500000000000000000000000000000000000000000000000020390458400100100000
010001000000000000000000000000000000086238066767556400100000
0350010667675568340860950000029500000002020000
010001000000000000000000000000000000086238066767556800200000
001001026000008623800306676755750000000000000000000000000000000000000000000000020390458400100100000
001001026000008623800406676755810000000000000000000000000000000000000000000000020390458400100000000
001001026000008623800506676755890000000000000000000000000000000000000000000000020390458400100000000
001001026000008623800406676782350000000000000000000000000000000000000000000000020390458400100100000
001001026000008623800306676782400000000000000000000000000000000000000000000000020390458400100100000
010001000000000000000000000000000000086238066767824600500000
001001026000008623800206676782560000000000000000000000000000000000000000000000020390458400100100000
010001000000000000000000000000000000086238066767826000400000
001001026000008623800106676782670000000000000000000000000000000000000000000000020390458400100100000
