1000020260000086152003063600108005701966480020530000
001001026000008615200206676796350000000000000000000000000000000000000000000000000000000000000000000
010001000000000000000000000000000000086152066767965000100000
0350010667679654888517410000125500000002020000
010001000000000000000000000000000000086152066767965400200000
001001026000008615200306676796600000000000000000000000000000000000000000000000000000000000000000000
001001026000008615200406676796740000000000000000000000000000000000000000000000020290457400100000000
001001026000008615200506676796810000000000000000000000000000000000000000000000020290457400100000000
002011066768015700104164346511000000000024214700240400001028020004650004650004650000000000000000000100000001000000861520000000000000000000000000000000000000000000000000000000000000000000000000000000000000000000000006360010800570196648002053000000
002011066768133000104164565931000000000024403904720400001021600004650004650004650000000000000000000100000001000000861520000000000000000000000000000000000000000000000000000000000000000000000000000000000000000000000006360010800570196648002053000000
00300104000010000200009300000086152000000000000000000000000000000000000000000000006676822460000
001001026000008615200406676822460000000000000000000000000000000000000000000000020290457400100100000
001001026000008615200506676822520000000000000000000000000000000000000000000000020290457400100100000
002011066768304900104078286603000000000017958622510400001021010004650004650004650000000000000000000100000001000000861520000000000000000000000000000000000000000000000000000000000000000000019300000000000000000000000006360010800570196648002053000000
00300104000010000100004650000086152000000000000000000000000000000000000000000000006676852590000
001001026000008615200406676852590000000000000000000000000000000000000000000000020290457400100000000
001001026000008615200306676852640000000000000000000000000000000000000000000000020290457400100000000
010001000000000000000000000000000000086152066768526900500000
001001026000008615200206676852800000000000000000000000000000000000000000000000020290457400100000000
010001000000000000000000000000000000086152066768528500400000
001001026000008615200106676852930000000000000000000000000000000000000000000000020290457400100000000
03400667679681000008615200005C06676796810667682246000008615204574I0000000000000000000004000000200046500000000100000001
03400667682252000008615200005C06676822520667685259000008615204574V0000000000000000000004000000100046500000000100000001
