1000020260000086046003002185163227824212750032190000
001001026000008604600206676186050000000000000000000000000000000000000000000000020320457700100100000
010001000000000000000000000000000000086046066761862000100000
0350010667618625215315340000124600000001020000
010001000000000000000000000000000000086046066761862500200000
001001026000008604600306676186320000000000000000000000000000000000000000000000020320457700100100000
001001026000008604600406676199780000000000000000000000000000000000000000000000020320457700100000000
001001026000008604600506676199850000000000000000000000000000000000000000000000020320457700100000000
002011066762074000104150094663000000000025310441680400001008340005550005550005550000000000000000000100000001000000860460000000000000000000000000000000000000000000000000000000000000000000000000000000000000000000000000218516322782421275003219000000
002011066762095000104165602759000000000017794419920400001094700005550005550005550000000000000000000100000001000000860460000000000000000000000000000000000000000000000000000000000000000000000000000000000000000000000000218516322782421275003219000000
002011066762104700104165194677000000000018612017360400001053750005550005550005550000000000000000000100000001000000860460000000000000000000000000000000000000000000000000000000000000000000000000000000000000000000000000218516322782421275003219000000
002011066762114700104086932233000000000015881749200400001004320005550005550005550000000000000000000100000001000000860460000000000000000000000000000000000000000000000000000000000000000000000000000000000000000000000000218516322782421275003219000000
005001066762115600117060880513000000000027356919610100001002410000
002011066762115700117060880513000000000027356919610400001014100005550005550005550000000000000000000100000001000000860460000000000000000000000000000000000000000000000000000000000000000000000000000000000000000000000000218516322782421275003219000000
002011066762189400104164327801000000000022960494800400001042650005550005550005550000000000000000000100000001000000860460000000000000000000000000000000000000000000000000000000000000000000000000000000000000000000000000218516322782421275003219000000
00300104000010000600033300000086046000000000000000000000000000000000000000000000006676224750000
001001026000008604600406676224750000000000000000000000000000000000000000000000020320457700100100000
001001026000008604600306676224810000000000000000000000000000000000000000000000020320457700100100000
010001000000000000000000000000000000086046066762248700500000
001001026000008604600206676231800000000000000000000000000000000000000000000000020350458000100100000
0350010667623216215315340000124600000002020000
010001000000000000000000000000000000086046066762321600200000
001001026000008604600306676232220000000000000000000000000000000000000000000000020350458000100100000
001001026000008604600406676232300000000000000000000000000000000000000000000000020350458000100100000
001001026000008604600506676232380000000000000000000000000000000000000000000000020350458000100100000
002011066762325600109151193062000000000004048382160100001000390005550005550005550000000000000000000100000001000000860460000000000000000000000000000000000000000000000000000000000000000000000000000000000000000000000000218516322782421275003219000000
002011066762325600104162750171000000000027769027280400001017380005550005550005550000000000000000000100000001000000860460000000000000000000000000000000000000000000000000000000000000000000000000000000000000000000000000218516322782421275003219000000
002011066762328000104165280956000000000023244938960400001100050005550005550004500004500008550000000100000001000000860460000000000000000000000000000000000000000000000100000000000000000000300000000000000000000000000000218516322782421275003219000000
002011066762328700104164151362000000000017696950480400001030870005550005550004500004500008550000000100000001000000860460000000000000000000000000000000000000000000000100000000000000000000300000000000000000000000000000218516322782421275003219000000
002011066762353500104080868487000000000010704739370400001012300005550005550005550000000000000000000100000001000000860460000000000000000000000000000000000000000000000000000000000000000000019300000000000000000000000000218516322782421275003219000000
002011066762360900104165400226000000000023046280400400001024970005550005550004250004250008550000000100000001000000860460000000000000000000000000000000000000000000000100000000000000000000300000000000000000000000000000218516322782421275003219000000
002011066762479500109009610831000000000000673756880100001093940005550005550004600004600008550000000100000001000000860460000000000000000000000000000000000000000000000100000000000000000000300000000000000000000000000000218516322782421275003219000000
002011066762480300104151664481000000000025354873040400001054570005550005550004600004600008550000000100000001000000860460000000000000000000000000000000000000000000000100000000000000000000300000000000000000000000000000218516322782421275003219000000
002011066762489900104157321673000000000026573225680400001030190005550005550004600004600008550000000100000001000000860460000000000000000000000000000000000000000000000100000000000000000000300000000000000000000000000000218516322782421275003219000000
002011066762490600104163175349000000000018729841360400001017520005550005550005550000000000000000000100000001000000860460000000000000000000000000000000000000000000000000000000000000000000000000000000000000000000000000218516322782421275003219000000
005001066762492500305000131203000000000014025881100710003002140000
002011066762492600305000131203000000000014025881100400001091320005550005550004600004600008550000000100000001000000860460000000000000000000000000000000000000000000000100000000000000000000300000000000000000000000000000218516322782421275003219000000
002011066762501300117058778791000000000006528509770400001014920005550005550005550000000000000000000100000001000000860460000000000000000000000000000000000000000000000000000000000000000000000000000000000000000000000000218516322782421275003219000000
005001066762541600104167430718000000000023739730640400001000150000
005001066762541600104167430718000000000023739730640400001000150000
005001066762542000104167430718000000000023739730641022001000150000
00300101000010000200011100000086046000000000000000000000000000000000000000000000006676270380000
00300104000010001000055500000086046000000000000000000000000000000000000000000000006676270380000
001001026000008604600406676270380000000000000000000000000000000000000000000000020350458000100000000
001001026000008604600506676276690000000000000000000000000000000000000000000000020350458000100000000
002011066762783300109125106913000000000004793334480100001029850005550005550005550000000000000000000100000001000000860460000000000000000000000000000000000000000000000000000000000000000000000000010000000000000000000100218516322782421275003219000000
002011066762906600104157856399000000000026308905680400001026150005550005550005550000000000000000000100000001000000860460000000000000000000000000000000000000000000000000000000000000000000000000000000000000000000000000218516322782421275003219000000
00300101000010000100005550000086046000000000000000000000000000000000000000000000006676313170000
00300104000010000100005550000086046000000000000000000000000000000000000000000000006676313170000
001001026000008604600406676313170000000000000000000000000000000000000000000000020350458000100100000
001001026000008604600506676323910000000000000000000000000000000000000000000000020350458000100100000
002011066763239600104157045731000000000026773307600400001003980005550005550005550000000000000000000100000001000000860460000000000000000000000000000000000000000000000000000000000000000000000000000000000000000000000000218516322782421275003219000000
002011066763277400104166765971000000000023711744720400001009840005550005550005550000000000000000000100000001000000860460000000000000000000000000000000000000000000000000000000000000000000000000000000000000000000000000218516322782421275003219000000
002011066763349300117044671662000000000041229477480400001028010005550005550005550000000000000000000100000001000000860460000000000000000000000000000000000000000000000000000000000000000000000000000000000000000000000000218516322782421275003219000000
002011066763384900109166190188000000000007660926160100001005510005550005550004600004600008550000000100000001000000860460000000000000000000000000000000000000000000000100000000000000000000300000000000000000000000000000218516322782421275003219000000
00300104000010000300016650000086046000000000000000000000000000000000000000000000006676358500000
00300101000010000100005550000086046000000000000000000000000000000000000000000000006676358500000
001001026000008604600406676358500000000000000000000000000000000000000000000000020350458000100000000
001001026000008604600506676383610000000000000000000000000000000000000000000000020350458000100000000
005001066763885000104151611068000000000025317663440400001000360000
005001066763885500104151611068000000000025317663440400001000360000
002011066763886000104151611068000000000025317663440400001001670005550005550004500004500008550000000100000001000000860460000000000000000000000000000000000000000000000100000000000000000000300000000000000000000000000000218516322782421275003219000000
005001066763949400305000181073000000000026180574220710003002140000
002011066763949500305000181073000000000026180574220400001041160005550005550005550000000000000000000100000001000000860460000000000000000000000000000000000000000000000000000000000000000000000000000000000000000000000000218516322782421275003219000000
002011066764031900104088260194000000000015859449040400001003910005550005550005550000000000000000000100000001000000860460000000000000000000000000000000000000000000000000000000000000000000000000000000000000000000000000218516322782421275003219000000
002011066764032700104156912171000000000027454229200400001024170005550005550005550000000000000000000100000001000000860460000000000000000000000000000000000000000000000000000000000000000000000000000000000000000000000000218516322782421275003219000000
00300104000010000400022200000086046000000000000000000000000000000000000000000000006676418220000
001001026000008604600406676418220000000000000000000000000000000000000000000000020350458000100100000
001001026000008604600306676418270000000000000000000000000000000000000000000000020350458000100100000
010001008029000001136100000119300000086046066764183400510000
001001026000008604600206676418450000000000000000000000000000000000000000000000020350458000100100000
010001008029000001136100000119300000086046066764185100410000
001001026000008604600106676418600000000000000000000000000000000000000000000000020350458000100100000
03400667619985000008604600005C06676199850667622475000008604604577I0000000000000000000004000001000055500000000100000001
03400667623238000008604600005C06676232380667627038000008604604580V00000000000000000000010000001000555000000001000000010100000020004601000000010000000104000000300046010000000100000001040000001000425100000001000000010400000020004501000000010000000104000000700055500000000100000001040000007000555000000001000000010400000070005550000000010000000104000000700055500000000100000001040000007000555000000001000000010400000070005550000000010000000104000000700055500000000100000001
