1000020260000086220003002185163227824220290024030000
001001026000008622000206676154560000000000000000000000000000000000000000000000020320457700100000000
010001000000000000000000000000000000086220066761547000100000
0350010667615475871422470000014500000001020000
010001000000000000000000000000000000086220066761547500200000
001001026000008622000306676154810000000000000000000000000000000000000000000000020320457700100000000
001001026000008622000406676154880000000000000000000000000000000000000000000000020320457700100000000
001001026000008622000506676154950000000000000000000000000000000000000000000000020320457700100000000
002011066761771800104165181151000000000017721552080400001019510005550005550005550000000000000000000100000001000000862200000000000000000000000000000000000000000000000000000000000000000000000000000000000000000000000000218516322782422029002403000000
002011066761795900104156911388000000000027592154320400001017550005550005550005550000000000000000000100000001000000862200000000000000000000000000000000000000000000000000000000000000000000000000000000000000000000000000218516322782422029002403000000
002011066761827200104152615784000000000027804204240400001013880005550005550005550000000000000000000100000001000000862200000000000000000000000000000000000000000000000000000000000000000000000000000000000000000000000000218516322782422029002403000000
002011066761827900104088848825000000000029324990160400001003150005550005550005550000000000000000000100000001000000862200000000000000000000000000000000000000000000000000000000000000000000000000000000000000000000000000218516322782422029002403000000
002011066761828600104166736139000000000018684140240400001111390005550005550005550000000000000000000100000001000000862200000000000000000000000000000000000000000000000000000000000000000000000000000000000000000000000000218516322782422029002403000000
002011066761829400104150219296000000000025966946000400001005880005550005550005550000000000000000000100000001000000862200000000000000000000000000000000000000000000000000000000000000000000000000000000000000000000000000218516322782422029002403000000
005001066761835400104030604036000000000022487987641023001000150000
002011066761835600104030604036000000000022487987640400001059010005550005550005550000000000000000000100000001000000862200000000000000000000000000000000000000000000000000000000000000000000000000000000000000000000000000218516322782422029002403000000
002011066761845700104158538013000000000025423985360400001025160005550005550005550000000000000000000100000001000000862200000000000000000000000000000000000000000000000000000000000000000000000000000000000000000000000000218516322782422029002403000000
002011066761913700104157417794000000000027402018000400001048030005550005550005550000000000000000000100000001000000862200000000000000000000000000000000000000000000000000000000000000000000000000000000000000000000000000218516322782422029002403000000
00300104000010000900049950000086220000000000000000000000000000000000000000000000006676196260000
001001026000008622000406676196260000000000000000000000000000000000000000000000020320457700100100000
001001026000008622000306676196310000000000000000000000000000000000000000000000020320457700100100000
010001000000000000000000000000000000086220066761963700500000
001001026000008622000206676197050000000000000000000000000000000000000000000000020350458000100100000
0350010667619715871422470000014500000002020000
010001000000000000000000000000000000086220066761971600200000
001001026000008622000306676197260000000000000000000000000000000000000000000000020350458000100100000
001001026000008622000406676197340000000000000000000000000000000000000000000000020350458000100100000
001001026000008622000506676197410000000000000000000000000000000000000000000000020350458000100100000
002011066762058500104086485016000000000017607952080400001008720005550005550005550000000000000000000100000001000000862200000000000000000000000000000000000000000000000000000000000000000000000000000000000000000000000000218516322782422029002403000000
002011066762172600104165164141000000000017655926480400001024720005550005550005550000000000000000000100000001000000862200000000000000000000000000000000000000000000000000000000000000000000000000000000000000000000000000218516322782422029002403000000
002011066762178100104083172874000000000008924153040400001018040005550005550002750002750008550000000100000001000000862200000000000000000000000000000000000000000000000100000000000000000000300000000000000000000000000000218516322782422029002403000000
002011066762197400117040783245000000000020085166920400001063290005550005550005550000000000000000000100000001000000862200000000000000000000000000000000000000000000000000000000000000000000000000000000000000000000000000218516322782422029002403000000
005001066762198200104151124124000000000025853184720400001000360000
002011066762198600104151124124000000000025853184720400001001200005550005550005550000000000000000000100000001000000862200000000000000000000000000000000000000000000000000000000000000000000000000000000000000000000000000218516322782422029002403000000
002011066762206800104166549101000000000024437704400400001032970005550005550005550000000000000000000100000001000000862200000000000000000000000000000000000000000000000000000000000000000000000000000000000000000000000000218516322782422029002403000000
002011066762236900117049268696000000000020565707090400001013910005550005550005550000000000000000000100000001000000862200000000000000000000000000000000000000000000000000000000000000000000000000000000000000000000000000218516322782422029002403000000
002011066762272700117056705206000000000039079114620400001020590005550005550004600004600008550000000100000001000000862200000000000000000000000000000000000000000000000100000000000000000000300000000000000000000000000000218516322782422029002403000000
002011066762315400104151667136000000000025350480080400001053880005550005550005550000000000000000000100000001000000862200000000000000000000000000000000000000000000000000000000000000000000000000000000000000000000000000218516322782422029002403000000
002011066762517800104163897379000000000023103693520400001014340005550005550005550000000000000000000100000001000000862200000000000000000000000000000000000000000000000000000000000000000000000000000000000000000000000000218516322782422029002403000000
002011066762530500104164139303000000000017767721680400001043990005550005550005550000000000000000000100000001000000862200000000000000000000000000000000000000000000000000000000000000000000000000000000000000000000000000218516322782422029002403000000
002011066762588200117052872361000000000017906426030400001007120005550005550005550000000000000000000100000001000000862200000000000000000000000000000000000000000000000000000000000000000000000000000000000000000000000000218516322782422029002403000000
002011066762591100104164111859000000000024297354960400001035530005550005550005550000000000000000000100000001000000862200000000000000000000000000000000000000000000000000000000000000000000000000000000000000000000000000218516322782422029002403000000
002011066762620400104152635904000000000027721004240400001036540005550005550001950000000000000000000100000001000000862200000000000000000000000000000000000000000000000000000000000000000000000000000000000000000000000000218516322782422029002403000000
002011066762620400104152635904000000000027721004240400001036540005550005550003600000000000000000000100000001000000862200000000000000000000000000000000000000000000000000000000000000000000000000000000000000000000000000218516322782422029002403000000
002011066762656200104163872074000000000022932529360400001090270005550005550005550000000000000000000100000001000000862200000000000000000000000000000000000000000000000000000000000000000000000000000000000000000000000000218516322782422029002403000000
002011066762664200104152462392000000000024922632400400001062670005550005550005550000000000000000000100000001000000862200000000000000000000000000000000000000000000000000000000000000000000000000000000000000000000000000218516322782422029002403000000
002011066763051600104087394511000000000017096313040400001002800005550005550005550000000000000000000100000001000000862200000000000000000000000000000000000000000000000000000000000000000000000000000000000000000000000000218516322782422029002403000000
002011066763052500104088500284000000000028086997200400001003230005550005550005550000000000000000000100000001000000862200000000000000000000000000000000000000000000000000000000000000000000000000000000000000000000000000218516322782422029002403000000
002011066763053600104166521027000000000023720896720400001031510005550005550005550000000000000000000100000001000000862200000000000000000000000000000000000000000000000000000000000000000000000000000000000000000000000000218516322782422029002403000000
002011066763119000104165723033000000000024196741840400001016530005550005550005550000000000000000000100000001000000862200000000000000000000000000000000000000000000000000000000000000000000000000000000000000000000000000218516322782422029002403000000
002011066763418500104166724483000000000018789284560400001025100005550005550005550000000000000000000100000001000000862200000000000000000000000000000000000000000000000000000000000000000000000000000000000000000000000000218516322782422029002403000000
002011066763495000104086298844000000000015550485200400001004480005550005550005550000000000000000000100000001000000862200000000000000000000000000000000000000000000000000000000000000000000000000000000000000000000000000218516322782422029002403000000
002011066763512500104157048021000000000026802317520400001102750005550005550003900003900008550000000100000001000000862200000000000000000000000000000000000000000000000100000000000000000000300000000000000000000000000000218516322782422029002403000000
00300104000010002300127650000086220000000000000000000000000000000000000000000000006676372410000
001001026000008622000406676372410000000000000000000000000000000000000000000000020350458000100000000
001001026000008622000306676372450000000000000000000000000000000000000000000000020350458000100100000
010001000000000000000000000000000000086220066763725200500000
001001026000008622000206676372610000000000000000000000000000000000000000000000020350458000100100000
010001000000000000000000000000000000086220066763726600400000
001001026000008622000106676372740000000000000000000000000000000000000000000000020350458000100100000
03400667615495000008622000005C06676154950667619626000008622004577I0000000000000000000004000000900055500000000100000001
03400667619741000008622000005C06676197410667637241000008622004580V00000000000000000000040000019000555000000001000000010400000010002751000000010000000104000000100046010000000100000001040000001000195000000001000000010400000010003600000000010000000104000000100039010000000100000001040000001000390100000001000000010400000010003901000000010000000104000000100039010000000100000001040000001000390100000001000000010400000010003901000000010000000104000000100039010000000100000001040000001000390100000001000000010400000010003901000000010000000104000000100039010000000100000001040000001000390100000001000000010400000010003901000000010000000104000000100039010000000100000001040000001000390100000001000000010400000010003901000000010000000104000000100039010000000100000001040000001000390100000001000000010400000010003901000000010000000104000000100039010000000100000001
