1000020260000086053003002185163227824194830026050000
001001026000008605300206676200790000000000000000000000000000000000000000000000020320457700100100000
010001000000000000000000000000000000086053066762009400100000
0350010667620099336611810000104400000001020000
010001000000000000000000000000000000086053066762009900200000
001001026000008605300306676201060000000000000000000000000000000000000000000000020320457700100100000
001001026000008605300406676216920000000000000000000000000000000000000000000000020320457700100000000
001001026000008605300506676216990000000000000000000000000000000000000000000000020320457700100000000
002011066762259600104152612882000000000024963684560400001029000005550005550005550000000000000000000100000001000000860530000000000000000000000000000000000000000000000000000000000000000000000000000000000000000000000000218516322782419483002605000000
00300104000010000100005550000086053000000000000000000000000000000000000000000000006676238770000
001001026000008605300406676238770000000000000000000000000000000000000000000000020320457700100100000
001001026000008605300306676238820000000000000000000000000000000000000000000000020320457700100100000
010001000000000000000000000000000000086053066762388800500000
001001026000008605300206676238980000000000000000000000000000000000000000000000020320457700100100000
010001000000000000000000000000000000086053066762390300400000
001001026000008605300106676239110000000000000000000000000000000000000000000000020320457700100100000
03400667621699000008605300005C06676216990667623877000008605304577I0000000000000000000004000000100055500000000100000001
