1000020260000086052003063600113503259963010025730000
005001066762422200301001102867000000000004562335450001003000150000
005001066762422500301001102867000000000004562335451011003000150000
001001026000008605200206676242310000000000000000000000000000000000000000000000020290457400100100000
010001000000000000000000000000000000086052066762424500100000
0350010667624249456233540000049600000003020000
010001000000000000000000000000000000086052066762424900200000
001001026000008605200306676242560000000000000000000000000000000000000000000000020290457400100100000
001001026000008605200406676242640000000000000000000000000000000000000000000000020290457400100100000
001001026000008605200506676242750000000000000000000000000000000000000000000000020290457400100100000
002011066762444000117055410326000000000039092508300400001010070004650004650004650000000000000000000100000001000000860520000000000000000000000000000000000000000000000000000000000000000000000000000000000000000000000006360011350325996301002573000000
005001066762444800304005128512000000000004560048090800003002140000
005001066762450100304005128512000000000004560048090800003002140000
002011066762459300104082724636000000000006439511760400001008850004650004650004650000000000000000000100000001000000860520000000000000000000000000000000000000000000000000000000000000000000000000000000000000000000000006360011350325996301002573000000
002011066762461100104156832381000000000024859395280400001000530004650004650004600004600008550000000100000001000000860520000000000000000000000000000000000000000000000100000000000000000000300000000000000000000000000006360011350325996301002573000000
002011066762475200104081010591000000000013945165690400001012680004650004650004650000000000000000000100000001000000860520000000000000000000000000000000000000000000000000000000000000000000019300000000000000000000000006360011350325996301002573000000
005001066762483700104086523112000000000017583542481023001002300000
002011066762483900104086523112000000000017583542480400001009610004650004650004650000000000000000000100000001000000860520000000000000000000000000000000000000000000000000000000000000000000000000000000000000000000000006360011350325996301002573000000
00300104000010000500023250000086052000000000000000000000000000000000000000000000006676270610000
001001026000008605200406676270610000000000000000000000000000000000000000000000020290457400100000000
001001026000008605200506676270680000000000000000000000000000000000000000000000020290457400100000000
005001066762974200304004540002000000000006586163160800003002140000
001001026000008605200406676308790000000000000000000000000000000000000000000000020290457400100100000
001001026000008605200506676308850000000000000000000000000000000000000000000000020290457400100100000
005001066763169700304004844176000000000015459589780800003002140000
005001066763170000304004844176000000000015459589780800003002140000
002011066763175000117042507598000000000024306840780400001011110004650004650004650000000000000000000100000001000000860520000000000000000000000000000000000000000000000000000000000000000000000000000000000000000000000006360011350325996301002573000000
002011066763192500104080706754000000000006513012970400001007710004650004650004650000000000000000000100000001000000860520000000000000000000000000000000000000000000000000000000000000000000019300000000000000000000000006360011350325996301002573000000
00300104000010000200009300000086052000000000000000000000000000000000000000000000006676340080000
001001026000008605200406676340080000000000000000000000000000000000000000000000020290457400100000000
001001026000008605200506676340140000000000000000000000000000000000000000000000020290457400100000000
001001026000008605200406676366330000000000000000000000000000000000000000000000020290457400100100000
001001026000008605200506676373210000000000000000000000000000000000000000000000020290457400100100000
005001066763744800104152460101000000000024932383441023001000150000
002011066763744900104152460101000000000024932383440400001048380004650004650004650000000000000000000100000001000000860520000000000000000000000000000000000000000000000000000000000000000000000000000000000000000000000006360011350325996301002573000000
002011066763787200109125902851000000000001094733520100001015860004650004650004650000000000000000000100000001000000860520000000000000000000000000000000000000000000000000000000000000000000000000010000000000000000000106360011350325996301002573000000
00300104000010000100004650000086052000000000000000000000000000000000000000000000006676402360000
00300101000010000100004650000086052000000000000000000000000000000000000000000000006676402360000
001001026000008605200406676402360000000000000000000000000000000000000000000000020290457400100000000
001001026000008605200506676402430000000000000000000000000000000000000000000000020290457400100000000
005001066764282300000000000000000000000000000000000000000000150000
002011066764283100109081190639000000000006743145680100001009920004650004650000000000000008550000000100000001000000860520000000000000000000000000000000000000000000000100000000000000000000300000000000000000000000000006360011350325996301002573000000
00300101000010000100004650000086052000000000000000000000000000000000000000000000006676436070000
001001026000008605200406676436070000000000000000000000000000000000000000000000020290457400100100000
001001026000008605200506676436130000000000000000000000000000000000000000000000020290457400100100000
002011066764489700104151707332000000000025383048400400001000170004650004650004650000000000000000000100000001000000860520000000000000000000000000000000000000000000000000000000000000000000000000000000000000000000000006360011350325996301002573000000
002011066764510300104163979251000000000023122158800400001037900004650004650004650000000000000000000100000001000000860520000000000000000000000000000000000000000000000000000000000000000000000000000000000000000000000006360011350325996301002573000000
002011066764514300104087154439000000000016773456080400001008770004650004650004650000000000000000000100000001000000860520000000000000000000000000000000000000000000000000000000000000000000000000000000000000000000000006360011350325996301002573000000
002011066764524200104165001615000000000022958477520400001018620004650004650004600004600008550000000100000001000000860520000000000000000000000000000000000000000000000100000000000000000000300000000000000000000000000006360011350325996301002573000000
00300104000010000400018600000086052000000000000000000000000000000000000000000000006676470720000
001001026000008605200406676470720000000000000000000000000000000000000000000000020290457400100000000
001001026000008605200306676470770000000000000000000000000000000000000000000000020290457400100000000
001001026000008605200206676470820000000000000000000000000000000000000000000000020290457400100000000
010001000000000000000000000000000000086052066764708600400000
010001000000000000000000000000000000086052066764709100500000
001001026000008605200106676471040000000000000000000000000000000000000000000000020290457400100000000
03400667624275000008605200005C06676242750667627061000008605204574V000000000000000000000400000100004650000000010000000104000000200046010000000100000001040000002000460100000001000000010400000020004601000000010000000104000000200046010000000100000001
