1000020260000086163003025243604634338654850035300000
001001026000008616300206676483810000000000000000000000000000000000000000000000020390458400100000000
010001000000000000000000000000000000086163066764839600100000
0350010667648402340836110000033000000001020000
010001000000000000000000000000000000086163066764840200200000
001001026000008616300306676484090000000000000000000000000000000000000000000000020390458400100000000
001001026000008616300406676491800000000000000000000000000000000000000000000000020390458400100000000
001001026000008616300506676491870000000000000000000000000000000000000000000000020390458400100000000
002011066765186000117060472253000000000001137338080400001006090005550005550005550000000000000000000100000001000000861630000000000000000000000000000000000000000000000000000000000000000000000000000000000000000000000002524360463433865485003530000000
00300104000010000100005550000086163000000000000000000000000000000000000000000000006676526200000
001001026000008616300406676526200000000000000000000000000000000000000000000000020390458400100100000
001001026000008616300506676526270000000000000000000000000000000000000000000000020390458400100100000
002011066765559300117046272129000000000012038091420400001048520005550005550005550000000000000000000100000001000000861630000000000000000000000000000000000000000000000000000000000000000000000000000000000000000000000002524360463433865485003530000000
00300104000010000100005550000086163000000000000000000000000000000000000000000000006676564850000
001001026000008616300406676564850000000000000000000000000000000000000000000000020390458400100000000
001001026000008616300506676564920000000000000000000000000000000000000000000000020390458400100000000
002011066765831300104150702019000000000025350487760400001006730005550005550005550000000000000000000100000001000000861630000000000000000000000000000000000000000000000000000000000000000000000000000000000000000000000002524360463433865485003530000000
002011066765879600104151899789000000000025933586640400001001520005550005550005550000000000000000000100000001000000861630000000000000000000000000000000000000000000000000000000000000000000000000000000000000000000000002524360463433865485003530000000
00300104000010000200011100000086163000000000000000000000000000000000000000000000006676601890000
001001026000008616300406676601890000000000000000000000000000000000000000000000020390458400100100000
001001026000008616300506676601960000000000000000000000000000000000000000000000020390458400100100000
002011066766185100104089296427000000000033324222160400001000960005550005550005550000000000000000000100000001000000861630000000000000000000000000000000000000000000000000000000000000000000000000000000000000000000000002524360463433865485003530000000
00300104000010000100005550000086163000000000000000000000000000000000000000000000006676636400000
001001026000008616300406676636400000000000000000000000000000000000000000000000020390458400100000000
001001026000008616300506676636470000000000000000000000000000000000000000000000020390458400100000000
002011066766471900104162264909000000000028397166800400001052340005550005550005550000000000000000000100000001000000861630000000000000000000000000000000000000000000000000000000000000000000000000000000000000000000000002524360463433865485003530000000
002011066766615600104063967219000000000016704082140400001049170005550005550005550000000000000000000100000001000000861630000000000000000000000000000000000000000000000000000000000000000000019300000000000000000000000002524360463433865485003530000000
00300104000010000200011100000086163000000000000000000000000000000000000000000000006676676440000
001001026000008616300406676676440000000000000000000000000000000000000000000000020390458400100100000
001001026000008616300506676676510000000000000000000000000000000000000000000000020390458400100100000
002011066766844300117026358354000000000021450790620400001069650005550005550004500004500008550000000100000001000000861630000000000000000000000000000000000000000000000100000000000000000000300000000000000000000000000002524360463433865485003530000000
002011066766934500104164412689000000000023231340240400001071020005550005550004500004500008550000000100000001000000861630000000000000000000000000000000000000000000000100000000000000000000300000000000000000000000000002524360463433865485003530000000
002011066767038500104163989397000000000023266455760400001047190005550005550005550000000000000000000100000001000000861630000000000000000000000000000000000000000000000000000000000000000000000000000000000000000000000002524360463433865485003530000000
005001066767046900104150501609000000000025591381200400001000360000
002011066767047400104150501609000000000025591381200400001001620005550005550005550000000000000000000100000001000000861630000000000000000000000000000000000000000000000000000000000000000000000000000000000000000000000002524360463433865485003530000000
00300104000010000400022200000086163000000000000000000000000000000000000000000000006676714770000
001001026000008616300406676714770000000000000000000000000000000000000000000000020390458400100000000
001001026000008616300506676714840000000000000000000000000000000000000000000000020390458400100000000
005001066767485500000000000000000000000024584533840000000000150000
002011066767486100104165401001000000000015266079440400001021690005550005550005550000000000000000000100000001000000861630000000000000000000000000000000000000000000000000000000000000000000000000000000000000000000000002524360463433865485003530000000
00300104000010000100005550000086163000000000000000000000000000000000000000000000006676760710000
001001026000008616300406676760710000000000000000000000000000000000000000000000020390458400100100000
001001026000008616300506676760770000000000000000000000000000000000000000000000020390458400100100000
001001026000008616300406676814720000000000000000000000000000000000000000000000020390458400100000000
001001026000008616300306676814770000000000000000000000000000000000000000000000020390458400100000000
001001026000008616300206676814820000000000000000000000000000000000000000000000020390458400100000000
010001000000000000000000000000000000086163066768148700400000
010001000000000000000000000000000000086163066768149300500000
001001026000008616300106676815020000000000000000000000000000000000000000000000020390458400100000000
03400667649187000008616300005C06676491870667652620000008616304584I0000000000000000000004000000600055500000000100000001
03400667652627000008616300005C06676526270667656485000008616304584V0000000000000000000004000000400055500000000100000001
