1000020260000086056003025243604634338629200032110000
001001026000008605600206676412030000000000000000000000000000000000000000000000020350458000100000000
010001000000000000000000000000000000086056066764121600100000
0350010667641222357191860000007600000001020000
010001000000000000000000000000000000086056066764122200200000
001001026000008605600306676412290000000000000000000000000000000000000000000000020350458000100000000
001001026000008605600206676433290000000000000000000000000000000000000000000000020350458000100000000
001001026000008605600306676433330000000000000000000000000000000000000000000000020350458000100000000
001001026000008605600406676433410000000000000000000000000000000000000000000000020350458000100000000
001001026000008605600506676433480000000000000000000000000000000000000000000000020350458000100000000
002011066764434800117050208936000000000020528652700400001018540005550005550005550000000000000000000100000001000000860560000000000000000000000000000000000000000000000000000000000000000000000000000000000000000000000002524360463433862920003211000000
00300104000010000100005550000086056000000000000000000000000000000000000000000000006676468230000
001001026000008605600406676468230000000000000000000000000000000000000000000000020350458000100100000
001001026000008605600506676468300000000000000000000000000000000000000000000000020350458000100100000
002011066764947200109074465059000000000033408556240100001001770005550005550005550000000000000000000100000001000000860560000000000000000000000000000000000000000000000000000000000000000000000000000000000000000000000002524360463433862920003211000000
002011066765109400117057007251000000000029574676700400001023930005550005550005550000000000000000000100000001000000860560000000000000000000000000000000000000000000000000000000000000000000000000000000000000000000000002524360463433862920003211000000
002011066765112300104081582706000000000027339072730400001005690005550005550005550000000000000000000100000001000000860560000000000000000000000000000000000000000000000000000000000000000000000000000000000000000000000002524360463433862920003211000000
002011066765119900104084789468000000000015548050640400001007650005550005550005550000000000000000000100000001000000860560000000000000000000000000000000000000000000000000000000000000000000000000000000000000000000000002524360463433862920003211000000
0450010000000000000000000506676516060000
00300101000010000100005550000086056000000000000000000000000000000000000000000000006676536830000
00300104000010000300016650000086056000000000000000000000000000000000000000000000006676536830000
001001026000008605600406676536830000000000000000000000000000000000000000000000020350458000100100000
001001026000008605600506676536900000000000000000000000000000000000000000000000020350458000100100000
005001066765613800117060884055000000000001168098560100001002410000
002011066765613900117060884055000000000001168098560400001019670005550005550005550000000000000000000100000001000000860560000000000000000000000000000000000000000000000000000000000000000000000000000000000000000000000002524360463433862920003211000000
002011066765743500109161826823000000000002034261200100001000570005550005550005550000000000000000000100000001000000860560000000000000000000000000000000000000000000000000000000000000000000000000000000000000000000000002524360463433862920003211000000
002011066765767400104086966227000000000016821591760400001006410005550005550005550000000000000000000100000001000000860560000000000000000000000000000000000000000000000000000000000000000000000000000000000000000000000002524360463433862920003211000000
002011066765805500104088467431000000000030108316880400001003360005550005550005550000000000000000000100000001000000860560000000000000000000000000000000000000000000000000000000000000000000000000000000000000000000000002524360463433862920003211000000
002011066766132700104150579039000000000025756498640400001007180005550005550005550000000000000000000100000001000000860560000000000000000000000000000000000000000000000000000000000000000000000000000000000000000000000002524360463433862920003211000000
00300104000010000400022200000086056000000000000000000000000000000000000000000000006676652930000
00300101000010000100005550000086056000000000000000000000000000000000000000000000006676652930000
001001026000008605600406676652930000000000000000000000000000000000000000000000020350458000100000000
001001026000008605600306676652980000000000000000000000000000000000000000000000020350458000100000000
010001000000000000000000000000000000086056066766530400500000
001001026000008605600206676653230000000000000000000000000000000000000000000000020350458000100000000
010001000000000000000000000000000000086056066766532800400000
001001026000008605600106676653350000000000000000000000000000000000000000000000020350458000100000000
03400667643348000008605600005C06676433480667646823000008605604580I0000000000000000000004000000100055500000000100000001
03400667646830000008605600005C06676468300667653683000008605604580V0000000000000000000001000000200055500000000100000001040000007000555000000001000000010400000070005550000000010000000104000000700055500000000100000001
