1000020260000086106003002185163227828078190030260000
0450010000000002000000000106676387960000
0450010000000002000000000106676400840000
0450010000000002000000000106676413710000
0450010000000002000000000106676426570000
0450010000000002000000000106676439290000
0450010000000002000000000106676452010000
0450010000000002000000000106676464720000
001001026000008610600206676470300000000000000000000000000000000000000000000000000000000000000000000
010001000000000000000000000000000000086106066764707100100000
0350010667647082157344280000035800000001020000
010001000000000000000000000000000000086106066764708300200000
001001026000008610600306676470950000000000000000000000000000000000000000000000000000000000000000000
001001026000008610600406676471020000000000000000000000000000000000000000000000020350458000100000000
001001026000008610600506676471090000000000000000000000000000000000000000000000020350458000100000000
005001066764951200104156954729000000000024883205841023001002300000
002011066764951400104156954729000000000024883205840400001015210005550005550005550000000000000000000100000001000000861060000000000000000000000000000000000000000000000000000000000000000000000000000000000000000000000000218516322782807819003026000000
00300104000010000100005550000086106000000000000000000000000000000000000000000000006676549140000
001001026000008610600406676549140000000000000000000000000000000000000000000000020350458000100100000
001001026000008610600506676576510000000000000000000000000000000000000000000000020350458000100100000
002011066765806700104157048756000000000027133123280400001017460005550005550004900000000000000000000100000001000000861060000000000000000000000000000000000000000000000000000000000000000000000000000000000000000000000000218516322782807819003026000000
002011066765806700104157048756000000000027133123280400001017460005550005550000650000000000000000000100000001000000861060000000000000000000000000000000000000000000000000000000000000000000000000000000000000000000000000218516322782807819003026000000
002011066765816400117040783245000000000020085166920400001063300005550005550005550000000000000000000100000001000000861060000000000000000000000000000000000000000000000000000000000000000000000000000000000000000000000000218516322782807819003026000000
00300104000010000200011100000086106000000000000000000000000000000000000000000000006676607660000
001001026000008610600406676607660000000000000000000000000000000000000000000000020350458000100000000
001001026000008610600506676614820000000000000000000000000000000000000000000000020350458000100000000
002011066766274300104156912171000000000027454229200400001024190005550005550005550000000000000000000100000001000000861060000000000000000000000000000000000000000000000000000000000000000000000000000000000000000000000000218516322782807819003026000000
002011066766319100117005341177000000000018722691070400001052890005550005550005550000000000000000000100000001000000861060000000000000000000000000000000000000000000000000000000000000000000000000000000000000000000000000218516322782807819003026000000
002011066766370800104157447804000000000027972455120400001000080005550005550005550000000000000000000100000001000000861060000000000000000000000000000000000000000000000000000000000000000000000000000000000000000000000000218516322782807819003026000000
00300104000010000300016650000086106000000000000000000000000000000000000000000000006676649890000
001001026000008610600406676649890000000000000000000000000000000000000000000000020350458000100100000
001001026000008610600306676649960000000000000000000000000000000000000000000000020350458000100100000
001001026000008610600406676650020000000000000000000000000000000000000000000000020350458000100000000
001001026000008610600506676659380000000000000000000000000000000000000000000000020350458000100000000
002011066766659700117032769476000000000002651748550400001039570005550005550005550000000000000000000100000001000000861060000000000000000000000000000000000000000000000000000000000000000000000000000000000000000000000000218516322782807819003026000000
002011066766710500104151812101000000000025806894800400001001340005550005550005550000000000000000000100000001000000861060000000000000000000000000000000000000000000000000000000000000000000000000000000000000000000000000218516322782807819003026000000
002011066766712800117018380613000000000011858914720400001071050005550005550005550000000000000000000100000001000000861060000000000000000000000000000000000000000000000000000000000000000000000000000000000000000000000000218516322782807819003026000000
002011066766716400117025549237000000000040495285410400001027890005550005550005550000000000000000000100000001000000861060000000000000000000000000000000000000000000000000000000000000000000000000000000000000000000000000218516322782807819003026000000
002011066766740400109166190188000000000007660926160100001005520005550005550005550000000000000000000100000001000000861060000000000000000000000000000000000000000000000000000000000000000000000000000000000000000000000000218516322782807819003026000000
002011066766769100109016025866000000000011064627920100001004930005550005550005550000000000000000000100000001000000861060000000000000000000000000000000000000000000000000000000000000000000000000000000000000000000000000218516322782807819003026000000
002011066766769600104082647071000000000004130048720400001006180005550005550005550000000000000000000100000001000000861060000000000000000000000000000000000000000000000000000000000000000000000000000000000000000000000000218516322782807819003026000000
002011066766831400104164431641000000000023273546960400001009840005550005550005550000000000000000000100000001000000861060000000000000000000000000000000000000000000000000000000000000000000000000000000000000000000000000218516322782807819003026000000
002011066766885100104082559368000000000003922020560400001007850005550005550005550000000000000000000100000001000000861060000000000000000000000000000000000000000000000000000000000000000000000000000000000000000000000000218516322782807819003026000000
002011066766888400104161813241000000000028332409040400001012520005550005550005550000000000000000000100000001000000861060000000000000000000000000000000000000000000000000000000000000000000000000000000000000000000000000218516322782807819003026000000
002011066766892200104087966018000000000016747052240400001005760005550005550005550000000000000000000100000001000000861060000000000000000000000000000000000000000000000000000000000000000000000000000000000000000000000000218516322782807819003026000000
00300104000010000900049950000086106000000000000000000000000000000000000000000000006676705540000
00300101000010000200011100000086106000000000000000000000000000000000000000000000006676705540000
001001026000008610600406676705540000000000000000000000000000000000000000000000020350458000100100000
001001026000008610600306676705590000000000000000000000000000000000000000000000020350458000100100000
010001000000000000000000000000000000086106066767056500500000
001001026000008610600206676705780000000000000000000000000000000000000000000000020670461200100100000
010001000000000000000000000000000000086106066767058200400000
001001026000008610600106676705910000000000000000000000000000000000000000000000020670461200100100000
03400667647109000008610600005C06676471090667654914000008610604580I0000000000000000000004000001300055500000000100000001
03400667657651000008610600005C06676576510667660766000008610604580V00000000000000000000040000001000490000000001000000010400000010000650000000010000000104000000100055500000000100000001
