1000020260000086065003025243604634338634320029000000
001001026000008606500206676722180000000000000000000000000000000000000000000000020320457700100100000
010001000000000000000000000000000000086065066767223200100000
0350010667672236658100580000036900000002020000
010001000000000000000000000000000000086065066767223700200000
001001026000008606500306676722440000000000000000000000000000000000000000000000020320457700100100000
001001026000008606500406676722510000000000000000000000000000000000000000000000020320457700100100000
001001026000008606500506676722590000000000000000000000000000000000000000000000020320457700100100000
002011066767273300109054500304000000000015049214160100001004750005550005550004500004500008550000000100000001000000860650000000000000000000000000000000000000000000000100000000000000000000300000000000000000000000000002524360463433863432002900000000
005001066767303900104077326423000000000001016563750000000000150000
002011066767304200104077326423000000000019230990130400001031070005550005550005550000000000000000000100000001000000860650000000000000000000000000000000000000000000000000000000000000000000019300000000000000000000000002524360463433863432002900000000
002011066767304700104088955737000000000029298629840400001005420005550005550005550000000000000000000100000001000000860650000000000000000000000000000000000000000000000000000000000000000000000000000000000000000000000002524360463433863432002900000000
002011066767351300104085924296000000000018914355920400001007140005550005550005550000000000000000000100000001000000860650000000000000000000000000000000000000000000000000000000000000000000000000000000000000000000000002524360463433863432002900000000
00300101000010000100005550000086065000000000000000000000000000000000000000000000006676753370000
00300104000010000300016650000086065000000000000000000000000000000000000000000000006676753370000
001001026000008606500406676753370000000000000000000000000000000000000000000000020320457700100000000
001001026000008606500306676753430000000000000000000000000000000000000000000000020320457700100000000
010001000000000000000000000000000000086065066767534900500000
001001026000008606500206676753640000000000000000000000000000000000000000000000020320457700100000000
010001000000000000000000000000000000086065066767536900400000
001001026000008606500106676753760000000000000000000000000000000000000000000000020320457700100000000
03400667672259000008606500005C06676722590667675337000008606504577V0000000000000000000001000000100045010000000100000001040000003000555000000001000000010400000030005550000000010000000104000000300055500000000100000001
