1000020260000086238003063600113503259941480024990000
001001026000008623800206676219230000000000000000000000000000000000000000000000000000000000000000000
010001000000000000000000000000000000086238066762193800100000
0350010667621942659479820000098800000001020000
010001000000000000000000000000000000086238066762194200200000
001001026000008623800306676219520000000000000000000000000000000000000000000000000000000000000000000
001001026000008623800406676219600000000000000000000000000000000000000000000000020350458000100100000
001001026000008623800506676219670000000000000000000000000000000000000000000000020350458000100100000
001001026000008623800406676238470000000000000000000000000000000000000000000000020350458000100000000
001001026000008623800506676238530000000000000000000000000000000000000000000000020350458000100000000
002011066762426400117039477675000000000009241718770400001020300005550005550005550000000000000000000100000001000000862380000000000000000000000000000000000000000000000000000000000000000000000000000000000000000000000006360011350325994148002499000000
005001066762541300304005349225000000000010633352820800003002140000
002011066762553700104156897539000000000027544569040400001095250005550005550005550000000000000000000100000001000000862380000000000000000000000000000000000000000000000000000000000000000000000000000000000000000000000006360011350325994148002499000000
002011066762565000104166054046000000000024451328720400001018340005550005550005550000000000000000000100000001000000862380000000000000000000000000000000000000000000000000000000000000000000000000000000000000000000000006360011350325994148002499000000
005001066762872000104085673579000000000018598743761023001002300000
002011066762872300104085673579000000000018598743760400001005640005550005550004500004500008550000000100000001000000862380000000000000000000000000000000000000000000000100000000000000000000300000000000000000000000000006360011350325994148002499000000
002011066763491800104163898741000000000024318751440400001008810005550005550005550000000000000000000100000001000000862380000000000000000000000000000000000000000000000000000000000000000000000000000000000000000000000006360011350325994148002499000000
002011066763909100109009208901000000000001456958160100001005310005550005550005550000000000000000000100000001000000862380000000000000000000000000000000000000000000000000000000000000000000000000000000000000000000000006360011350325994148002499000000
002011066764229600104151491291000000000023864274640400001001130005550005550005550000000000000000000100000001000000862380000000000000000000000000000000000000000000000000000000000000000000000000000000000000000000000006360011350325994148002499000000
002011066764283800104153360674000000000029463752400400001049530005550005550005550000000000000000000100000001000000862380000000000000000000000000000000000000000000000000000000000000000000000000000000000000000000000006360011350325994148002499000000
005001066764390100104166013749000000000023536461521023001002300000
002011066764390400104166013749000000000023536461520400001064160005550005550005550000000000000000000100000001000000862380000000000000000000000000000000000000000000000000000000000000000000000000000000000000000000000006360011350325994148002499000000
002011066764396000117058112041000000000002532164730400001022150005550005550005550000000000000000000100000001000000862380000000000000000000000000000000000000000000000000000000000000000000000000000000000000000000000006360011350325994148002499000000
002011066764680100109126633781000000000004324544720100001016400005550005550000000000000008550000000100000001000000862380000000000000000000000000000000000000000000000100000000000000000000300000000000000000000000000006360011350325994148002499000000
002011066764807600104164452729000000000024014769360400001078490005550005550004600004600008550000000100000001000000862380000000000000000000000000000000000000000000000100000000000000000000300000000000000000000000000006360011350325994148002499000000
002011066764816300109167328469000000000007730002640100001027780005550005550005550000000000000000000100000001000000862380000000000000000000000000000000000000000000000000000000000000000000000000010000000000000000000406360011350325994148002499000000
00300104000010001000055500000086238000000000000000000000000000000000000000000000006676503080000
00300101000010000300016650000086238000000000000000000000000000000000000000000000006676503080000
001001026000008623800406676503080000000000000000000000000000000000000000000000020350458000100100000
001001026000008623800306676503130000000000000000000000000000000000000000000000020350458000100100000
001001026000008623800206676503190000000000000000000000000000000000000000000000020350458000100100000
010001000000000000000000000000000000086238066765032400400000
010001000000000000000000000000000000086238066765032900500000
001001026000008623800106676503410000000000000000000000000000000000000000000000020350458000100100000
03400667623853000008623800005C06676238530667650308000008623804580I000000000000000000000100000020005550000000010000000101000000100000010000000100000001040000008000555000000001000000010400000010004501000000010000000104000000100046010000000100000001
