1000020260000086173003063600108048651626490022620000
001001026000008617300206676436310000000000000000000000000000000000000000000000000000000000000000000
010001000000000000000000000000000000086173066764364700100000
0350010667643651871399320000024700000001020000
010001000000000000000000000000000000086173066764365100200000
001001026000008617300306676436580000000000000000000000000000000000000000000000000000000000000000000
001001026000008617300406676436640000000000000000000000000000000000000000000000020290457400100000000
001001026000008617300506676449700000000000000000000000000000000000000000000000020290457400100000000
002011066764625700104079797636000000000014449409190400001014600004650004650000200000000000000000000100000001000000861730000000000000000000000000000000000000000000000000000000000000000000019300000000000000000000000006360010804865162649002262000000
002011066764625700104079797636000000000014449409190400001014600004650004650004450000000000000000000100000001000000861730000000000000000000000000000000000000000000000000000000000000000000019300000000000000000000000006360010804865162649002262000000
00300104000010000100004650000086173000000000000000000000000000000000000000000000006676472200000
001001026000008617300406676472200000000000000000000000000000000000000000000000020290457400100100000
001001026000008617300506676485890000000000000000000000000000000000000000000000020290457400100100000
002011066764928600104080303692000000000031365937070400001018010004650004650004650000000000000000000100000001000000861730000000000000000000000000000000000000000000000000000000000000000000019300000000000000000000000006360010804865162649002262000000
002011066764943800104164571566000000000023097134800400001016920004650004650004650000000000000000000100000001000000861730000000000000000000000000000000000000000000000000000000000000000000000000000000000000000000000006360010804865162649002262000000
00300104000010000200009300000086173000000000000000000000000000000000000000000000006676506620000
001001026000008617300406676506620000000000000000000000000000000000000000000000020290457400100000000
001001026000008617300506676516230000000000000000000000000000000000000000000000020290457400100000000
005001066765270700104084257024000000000009147333841023001002300000
005001066765270800104084257024000000000009147333841023001002300000
001001026000008617300406676540430000000000000000000000000000000000000000000000020290457400100100000
001001026000008617300506676551580000000000000000000000000000000000000000000000020290457400100100000
005001066765542100104088153622000000000015907838161023001002300000
002011066765542400104088153622000000000015907838160400001005530004650004650004650000000000000000000100000001000000861730000000000000000000000000000000000000000000000000000000000000000000000000000000000000000000000006360010804865162649002262000000
00300104000010000100004650000086173000000000000000000000000000000000000000000000006676571780000
001001026000008617300406676571780000000000000000000000000000000000000000000000020290457400100000000
001001026000008617300506676588610000000000000000000000000000000000000000000000020290457400100000000
002011066765970900117042507598000000000024306840780400001011120004650004650004650000000000000000000100000001000000861730000000000000000000000000000000000000000000000000000000000000000000000000000000000000000000000006360010804865162649002262000000
002011066765977300109129006417000000000012359012560100001001750004650004650004650000000000000000000100000001000000861730000000000000000000000000000000000000000000000000000000000000000000000000000000000000000000000006360010804865162649002262000000
002011066766002700104078578485000000000013385121070400001012610004650004650004650000000000000000000100000001000000861730000000000000000000000000000000000000000000000000000000000000000000019300000000000000000000000006360010804865162649002262000000
002011066766042600104080706754000000000006513012970400001007720004650004650004650000000000000000000100000001000000861730000000000000000000000000000000000000000000000000000000000000000000019300000000000000000000000006360010804865162649002262000000
00300104000010000300013950000086173000000000000000000000000000000000000000000000006676613630000
00300101000010000100004650000086173000000000000000000000000000000000000000000000006676613630000
001001026000008617300406676613630000000000000000000000000000000000000000000000020290457400100100000
001001026000008617300506676623080000000000000000000000000000000000000000000000020290457400100100000
002011066766237700104164038094000000000017693287120400001019530004650004650004600004600008550000000100000001000000861730000000000000000000000000000000000000000000000100000000000000000000300000000000000000000000000006360010804865162649002262000000
005001066766238300104089592425000000000027152169681023001002300000
002011066766238500104089592425000000000027152169680400001003120004650004650004650000000000000000000100000001000000861730000000000000000000000000000000000000000000000000000000000000000000000000000000000000000000000006360010804865162649002262000000
00300104000010000200009300000086173000000000000000000000000000000000000000000000006676645090000
001001026000008617300406676645090000000000000000000000000000000000000000000000020290457400100000000
001001026000008617300506676648410000000000000000000000000000000000000000000000020290457400100000000
002011066766568900104087992175000000000015952599760400001002380004650004650004650000000000000000000100000001000000861730000000000000000000000000000000000000000000000000000000000000000000000000000000000000000000000006360010804865162649002262000000
002011066766607800104087924854000000000016456866000400001003000004650004650004650000000000000000000100000001000000861730000000000000000000000000000000000000000000000000000000000000000000000000000000000000000000000006360010804865162649002262000000
002011066766627800104081980086000000000001826481360400001010770004650004650004650000000000000000000100000001000000861730000000000000000000000000000000000000000000000000000000000000000000000000000000000000000000000006360010804865162649002262000000
005001066766628400104089296923000000000033333197521023001002300000
002011066766628600104089296923000000000033333197520400001003650004650004650004650000000000000000000100000001000000861730000000000000000000000000000000000000000000000000000000000000000000000000000000000000000000000006360010804865162649002262000000
00300104000010000400018600000086173000000000000000000000000000000000000000000000006676681050000
001001026000008617300406676681050000000000000000000000000000000000000000000000020290457400100100000
001001026000008617300306676684850000000000000000000000000000000000000000000000020290457400100100000
010001000000000000000000000000000000086173066766849000500000
001001026000008617300206676685000000000000000000000000000000000000000000000000020290457400100100000
010001000000000000000000000000000000086173066766850400400000
001001026000008617300106676685120000000000000000000000000000000000000000000000020290457400100100000
03400667644970000008617300005C06676449700667647220000008617304574I000000000000000000000400000010000200000000010000000104000000100044500000000100000001
03400667648589000008617300005C06676485890667650662000008617304574V000000000000000000000400000040004650000000010000000104000000400046500000000100000001
