1000020260000086027003002185163227824151250048490000
001001026000008602700206676191310000000000000000000000000000000000000000000000020360458100100000000
010001000000000000000000000000000000086027066761915000100000
0350010667619155267880360000093400000001020000
010001000000000000000000000000000000086027066761915500200000
001001026000008602700306676191650000000000000000000000000000000000000000000000020360458100100000000
001001026000008602700406676200910000000000000000000000000000000000000000000000020360458100100000000
001001026000008602700506676200990000000000000000000000000000000000000000000000020360458100100000000
005001066762153400000000000000000000000024396888650000000000150000
002011066762153700117028004461000000000024396888650400001066380004300004300004300000000000000000000100000001000000860270000000000000000000000000000000000000000000000000000000000000000000000000000000000000000000000000218516322782415125004849000000
002011066762175100104164150102000000000017681723600400001025190004300004300004300000000000000000000100000001000000860270000000000000000000000000000000000000000000000000000000000000000000000000000000000000000000000000218516322782415125004849000000
002011066762213400104085398781000000000017593723600400001009900004300004300004300000000000000000000100000001000000860270000000000000000000000000000000000000000000000000000000000000000000000000000000000000000000000000218516322782415125004849000000
002011066762221700109166307549000000000007040522960100001008080004300004300004300000000000000000000100000001000000860270000000000000000000000000000000000000000000000000000000000000000000000000000000000000000000000000218516322782415125004849000000
002011066762230000117051168989000000000028880751410400001013980004300004300004300000000000000000000100000001000000860270000000000000000000000000000000000000000000000000000000000000000000000000000000000000000000000000218516322782415125004849000000
00300104000010000400017200000086027000000000000000000000000000000000000000000000006676237550000
00300101000010000100004300000086027000000000000000000000000000000000000000000000006676237550000
001001026000008602700406676237550000000000000000000000000000000000000000000000020360458100100100000
001001026000008602700506676241260000000000000000000000000000000000000000000000020360458100100100000
002011066762413800104165087277000000000024099802320400001050910004300004300004300000000000000000000100000001000000860270000000000000000000000000000000000000000000000000000000000000000000000000000000000000000000000000218516322782415125004849000000
00300104000010000100004300000086027000000000000000000000000000000000000000000000006676259840000
001001026000008602700406676259840000000000000000000000000000000000000000000000020360458100100000000
001001026000008602700506676259900000000000000000000000000000000000000000000000020360458100100000000
002011066762634300109054851735000000000018749962960100001002730004300004300004300000000000000000000100000001000000860270000000000000000000000000000000000000000000000000000000000000000000000000000000000000000000000000218516322782415125004849000000
002011066762657300104081176082000000000014185645050400001012210004300004300004300000000000000000000100000001000000860270000000000000000000000000000000000000000000000000000000000000000000019300000000000000000000000000218516322782415125004849000000
002011066762708500104151460426000000000024530197200400001000740004300004300004300000000000000000000100000001000000860270000000000000000000000000000000000000000000000000000000000000000000000000000000000000000000000000218516322782415125004849000000
00300101000010000100004300000086027000000000000000000000000000000000000000000000006676286500000
00300104000010000200008600000086027000000000000000000000000000000000000000000000006676286500000
001001026000008602700406676286500000000000000000000000000000000000000000000000020360458100100100000
001001026000008602700506676295440000000000000000000000000000000000000000000000020360458100100100000
002011066762956700104165400447000000000023031391440400001028950004300004300004300000000000000000000100000001000000860270000000000000000000000000000000000000000000000000000000000000000000000000000000000000000000000000218516322782415125004849000000
002011066762957300109000968383000000000011169034960100001007590004300004300000000000000008550000000100000001000000860270000000000000000000000000000000000000000000000100000000000000000000300000010000000000000000000300218516322782415125004849000000
002011066762957800104156403692000000000027567496400400001001040004300004300000000000000008550000000100000001000000860270000000000000000000000000000000000000000000000100000000000000000000300000000000000000000000000000218516322782415125004849000000
002011066762959300117021016625000000000017106499900400001053170004300004300004300000000000000000000100000001000000860270000000000000000000000000000000000000000000000000000000000000000000000000000000000000000000000000218516322782415125004849000000
00300104000010000300012900000086027000000000000000000000000000000000000000000000006676315990000
00300101000010000100004300000086027000000000000000000000000000000000000000000000006676315990000
001001026000008602700406676315990000000000000000000000000000000000000000000000020360458100100000000
001001026000008602700506676316060000000000000000000000000000000000000000000000020360458100100000000
002011066763215400103096310938000000000033885084880450001000110004300004300004300000000000000000000100000001000000860270000000000000000000000000000000000000000000000000000000000000000000000000000000000000000000000000218516322782415125004849000000
002011066763223600109166387771000000000008284398800100001022620004300004300004300000000000000000000100000001000000860270000000000000000000000000000000000000000000000000000000000000000000000000010000000000000000000100218516322782415125004849000000
002011066763284900109077679246000000000033776310480100001001530004300004300004300000000000000000000100000001000000860270000000000000000000000000000000000000000000000000000000000000000000000000000000000000000000000000218516322782415125004849000000
002011066763305300104089470249000000000030770069200400001002660004300004300004300000000000000000000100000001000000860270000000000000000000000000000000000000000000000000000000000000000000000000000000000000000000000000218516322782415125004849000000
002011066763336100117037104405000000000014683225000400001063830004300004300004300000000000000000000100000001000000860270000000000000000000000000000000000000000000000000000000000000000000000000000000000000000000000000218516322782415125004849000000
00300104500010000100004300000086027000000000000000000000000000000000000000000000006676344940000
00300101000010000200008600000086027000000000000000000000000000000000000000000000006676344940000
00300104000010000200008600000086027000000000000000000000000000000000000000000000006676344940000
001001026000008602700406676344940000000000000000000000000000000000000000000000020360458100100100000
001001026000008602700506676352540000000000000000000000000000000000000000000000020360458100100100000
002011066763527400104152951091000000000025028657360400001036570004300004300004300000000000000000000100000001000000860270000000000000000000000000000000000000000000000000000000000000000000000000000000000000000000000000218516322782415125004849000000
002011066763575600109166628183000000000006726024400100001031190004300004300004300000000000000000000100000001000000860270000000000000000000000000000000000000000000000000000000000000000000000000010000000000000000000100218516322782415125004849000000
002011066763681000104164291024000000000023737595600400001055210004300004300004300000000000000000000100000001000000860270000000000000000000000000000000000000000000000000000000000000000000000000000000000000000000000000218516322782415125004849000000
00300104000010000200008600000086027000000000000000000000000000000000000000000000006676368420000
00300101000010000100004300000086027000000000000000000000000000000000000000000000006676368420000
001001026000008602700406676368420000000000000000000000000000000000000000000000020360458100100000000
001001026000008602700506676368480000000000000000000000000000000000000000000000020360458100100000000
002011066763801400104085025631000000000015703783120400001012010004300004300004300000000000000000000100000001000000860270000000000000000000000000000000000000000000000000000000000000000000000000000000000000000000000000218516322782415125004849000000
002011066763812700104164507353000000000023091730640400001030240004300004300004300000000000000000000100000001000000860270000000000000000000000000000000000000000000000000000000000000000000000000000000000000000000000000218516322782415125004849000000
002011066763813300104086719289000000000015883999440400001005340004300004300004300000000000000000000100000001000000860270000000000000000000000000000000000000000000000000000000000000000000000000000000000000000000000000218516322782415125004849000000
00300104000010000300012900000086027000000000000000000000000000000000000000000000006676402220000
001001026000008602700406676402220000000000000000000000000000000000000000000000020360458100100100000
001001026000008602700506676402290000000000000000000000000000000000000000000000020360458100100100000
002011066764207300109055058851000000000014910677200100001000770004300004300004300000000000000000000100000001000000860270000000000000000000000000000000000000000000000000000000000000000000000000000000000000000000000000218516322782415125004849000000
00300101000010000100004300000086027000000000000000000000000000000000000000000000006676420890000
001001026000008602700406676420890000000000000000000000000000000000000000000000020360458100100000000
001001026000008602700506676420950000000000000000000000000000000000000000000000020360458100100000000
002011066764225500103096310938000000000033885084880450001000120004300004300004300000000000000000000100000001000000860270000000000000000000000000000000000000000000000000000000000000000000000000000000000000000000000000218516322782415125004849000000
005001066764234500304005357147000000000019831585460800003002140000
002011066764358400104087588641000000000015955331280400001000760004300004300004300000000000000000000100000001000000860270000000000000000000000000000000000000000000000000000000000000000000000000000000000000000000000000218516322782415125004849000000
00300104500010000100004300000086027000000000000000000000000000000000000000000000006676444690000
00300104000010000100004300000086027000000000000000000000000000000000000000000000006676444690000
001001026000008602700406676444690000000000000000000000000000000000000000000000020360458100100100000
001001026000008602700506676453900000000000000000000000000000000000000000000000020360458100100100000
002011066764544400104082559368000000000003922020560400001007840004300004300003400003400008550000000100000001000000860270000000000000000000000000000000000000000000000100000000000000000000300000000000000000000000000000218516322782415125004849000000
002011066764727700104084557214000000000015359670480400001006390004300004300004300000000000000000000100000001000000860270000000000000000000000000000000000000000000000000000000000000000000000000000000000000000000000000218516322782415125004849000000
00300104000010000200008600000086027000000000000000000000000000000000000000000000006676473100000
001001026000008602700406676473100000000000000000000000000000000000000000000000020360458100100000000
001001026000008602700506676473170000000000000000000000000000000000000000000000020360458100100000000
002011066764792800104156235781000000000028518423760400001053100004300004300004300000000000000000000100000001000000860270000000000000000000000000000000000000000000000000000000000000000000000000000000000000000000000000218516322782415125004849000000
002011066764825200104087347581000000000016659305680400001000730004300004300004300000000000000000000100000001000000860270000000000000000000000000000000000000000000000000000000000000000000000000000000000000000000000000218516322782415125004849000000
00300104000010000200008600000086027000000000000000000000000000000000000000000000006676497150000
001001026000008602700406676497150000000000000000000000000000000000000000000000020360458100100100000
001001026000008602700306676497350000000000000000000000000000000000000000000000020360458100100100000
010001000000000000000000000000000000086027066764974100500000
001001026000008602700206676497890000000000000000000000000000000000000000000000020360458100100100000
010001000000000000000000000000000000086027066764979500400000
001001026000008602700106676498030000000000000000000000000000000000000000000000020360458100100100000
03400667620099000008602700005C06676200990667623755000008602704581I000000000000000000000100000040004300000000010000000104000001400043000000000100000001
03400667624126000008602700005C06676241260667625984000008602704581V0000000000000000000004000000600043000000000100000001
