1000020260000086107003063600107447260289070027400000
0450010000000002000000000106675813650000
0450010000000002000000000106675826500000
0450010000000002000000000106675839210000
0450010000000002000000000106676042340000
001001026000008610700206676177780000000000000000000000000000000000000000000000000000000000000000000
010001000000000000000000000000000000086107066761779200100000
0350010667617796247808060000113400000001020000
010001000000000000000000000000000000086107066761779600200000
001001026000008610700306676178030000000000000000000000000000000000000000000000000000000000000000000
001001026000008610700406676178080000000000000000000000000000000000000000000000020340457900100000000
001001026000008610700506676178150000000000000000000000000000000000000000000000020340457900100000000
002011066762007000104166069451000000000023974462160400001030020004300004300004300000000000000000000100000001000000861070000000000000000000000000000000000000000000000000000000000000000000000000000000000000000000000006360010744726028907002740000000
002011066762008600104161656099000000000028344766160400001048990004300004300004300000000000000000000100000001000000861070000000000000000000000000000000000000000000000000000000000000000000000000000000000000000000000006360010744726028907002740000000
002011066762009600104165427621000000000024113554640400001040920004300004300004300000000000000000000100000001000000861070000000000000000000000000000000000000000000000000000000000000000000000000000000000000000000000006360010744726028907002740000000
002011066762013600104164919899000000000023031662800400001009210004300004300004300000000000000000000100000001000000861070000000000000000000000000000000000000000000000000000000000000000000000000000000000000000000000006360010744726028907002740000000
002011066762022700104156412421000000000027415253200400001016280004300004300004300000000000000000000100000001000000861070000000000000000000000000000000000000000000000000000000000000000000000000000000000000000000000006360010744726028907002740000000
002011066762023700104088890279000000000029350922960400001004770004300004300004300000000000000000000100000001000000861070000000000000000000000000000000000000000000000000000000000000000000000000000000000000000000000006360010744726028907002740000000
002011066762035300104165426276000000000014973194960400001057970004300004300004300000000000000000000100000001000000861070000000000000000000000000000000000000000000000000000000000000000000000000000000000000000000000006360010744726028907002740000000
002011066762065800104153094401000000000027773179600400001048370004300004300004300000000000000000000100000001000000861070000000000000000000000000000000000000000000000000000000000000000000000000000000000000000000000006360010744726028907002740000000
002011066762073000104165914467000000000023351962320400001104400004300004300004300000000000000000000100000001000000861070000000000000000000000000000000000000000000000000000000000000000000000000000000000000000000000006360010744726028907002740000000
002011066762083600104152640436000000000027721608400400001052990004300004300004300000000000000000000100000001000000861070000000000000000000000000000000000000000000000000000000000000000000000000000000000000000000000006360010744726028907002740000000
002011066762084000109007040751000000000006227712720100001035130004300004300004300000000000000000000100000001000000861070000000000000000000000000000000000000000000000000000000000000000000000000000000000000000000000006360010744726028907002740000000
002011066762084700104152613323000000000024954970320400001035110004300004300004300000000000000000000100000001000000861070000000000000000000000000000000000000000000000000000000000000000000000000000000000000000000000006360010744726028907002740000000
002011066762085300104088858588000000000027166807760400001004630004300004300004300000000000000000000100000001000000861070000000000000000000000000000000000000000000000000000000000000000000000000000000000000000000000006360010744726028907002740000000
002011066762086100104160148596000000000024820501200400001033230004300004300004300000000000000000000100000001000000861070000000000000000000000000000000000000000000000000000000000000000000000000000000000000000000000006360010744726028907002740000000
002011066762090400104152614273000000000027773760720400001026060004300004300004300000000000000000000100000001000000861070000000000000000000000000000000000000000000000000000000000000000000000000000000000000000000000006360010744726028907002740000000
002011066762116500104150104804000000000022943644880400001006510004300004300004300000000000000000000100000001000000861070000000000000000000000000000000000000000000000000000000000000000000000000000000000000000000000006360010744726028907002740000000
002011066762117200104162482582000000000028287091920400001008070004300004300004300000000000000000000100000001000000861070000000000000000000000000000000000000000000000000000000000000000000000000000000000000000000000006360010744726028907002740000000
002011066762117700104153084472000000000027887122640400001057350004300004300004300000000000000000000100000001000000861070000000000000000000000000000000000000000000000000000000000000000000000000000000000000000000000006360010744726028907002740000000
00300104000010001700073100000086107000000000000000000000000000000000000000000000006676218390000
00300101000010000100004300000086107000000000000000000000000000000000000000000000006676218390000
001001026000008610700406676218390000000000000000000000000000000000000000000000020340457900100100000
001001026000008610700506676218450000000000000000000000000000000000000000000000020340457900100100000
002011066762258300104085625442000000000015563850960400001003620004300004300002250002250008550000000100000001000000861070000000000000000000000000000000000000000000000100000000000000000000300000000000000000000000000006360010744726028907002740000000
002011066762258800117047049849000000000012041310140400001043780004300004300004300000000000000000000100000001000000861070000000000000000000000000000000000000000000000000000000000000000000000000000000000000000000000006360010744726028907002740000000
002011066762260000104082705321000000000000736546000400001007700004300004300002250002250008550000000100000001000000861070000000000000000000000000000000000000000000000100000000000000000000300000000000000000000000000006360010744726028907002740000000
002011066762310900117049138921000000000019892817820400001021430004300004300004300000000000000000000100000001000000861070000000000000000000000000000000000000000000000000000000000000000000000000000000000000000000000006360010744726028907002740000000
002011066762311600117040448391000000000020085557320400001041880004300004300004300000000000000000000100000001000000861070000000000000000000000000000000000000000000000000000000000000000000000000000000000000000000000006360010744726028907002740000000
002011066762312100104165942436000000000023363433680400001030030004300004300004300000000000000000000100000001000000861070000000000000000000000000000000000000000000000000000000000000000000000000000000000000000000000006360010744726028907002740000000
002011066762364200104152661761000000000027690855120400001022920004300004300004300000000000000000000100000001000000861070000000000000000000000000000000000000000000000000000000000000000000000000000000000000000000000006360010744726028907002740000000
00300104000010000700030100000086107000000000000000000000000000000000000000000000006676246610000
001001026000008610700406676246610000000000000000000000000000000000000000000000020340457900100000000
001001026000008610700506676246670000000000000000000000000000000000000000000000020340457900100100000
002011066762485100109001262344000000000009653456080100001087380004300004300004300000000000000000000100000001000000861070000000000000000000000000000000000000000000000000000000000000000000000000000000000000000000000006360010744726028907002740000000
002011066762485500104152955917000000000027887565520400001014730004300004300004300000000000000000000100000001000000861070000000000000000000000000000000000000000000000000000000000000000000000000000000000000000000000006360010744726028907002740000000
002011066762497500104152714456000000000027786594000400001087650004300004300004300000000000000000000100000001000000861070000000000000000000000000000000000000000000000000000000000000000000000000000000000000000000000006360010744726028907002740000000
002011066762504200104163135819000000000017742874320400001056460004300004300004300000000000000000000100000001000000861070000000000000000000000000000000000000000000000000000000000000000000000000000000000000000000000006360010744726028907002740000000
002011066762504900104166735973000000000023140414160400001028840004300004300004220000000000000000000100000001000000861070000000000000000000000000000000000000000000000000000000000000000000000000000000000000000000000006360010744726028907002740000000
002011066762504900104166735973000000000023140414160400001028840004300004300000080000000000000000000100000001000000861070000000000000000000000000000000000000000000000000000000000000000000000000000000000000000000000006360010744726028907002740000000
002011066762509700104151590222000000000026113736400400001001090004300004300004300000000000000000000100000001000000861070000000000000000000000000000000000000000000000000000000000000000000000000000000000000000000000006360010744726028907002740000000
002011066762513600104165581891000000000017690724560400001063460004300004300004300000000000000000000100000001000000861070000000000000000000000000000000000000000000000000000000000000000000000000000000000000000000000006360010744726028907002740000000
002011066762514500104089373383000000000031555039440400001004460004300004300004300000000000000000000100000001000000861070000000000000000000000000000000000000000000000000000000000000000000000000000000000000000000000006360010744726028907002740000000
002011066762515100104165748249000000000024453571280400001054440004300004300004300000000000000000000100000001000000861070000000000000000000000000000000000000000000000000000000000000000000000000000000000000000000000006360010744726028907002740000000
002011066762526800104153171766000000000027864702160400001093340004300004300004300000000000000000000100000001000000861070000000000000000000000000000000000000000000000000000000000000000000000000000000000000000000000006360010744726028907002740000000
002011066762536500104156954605000000000026919138000400001014230004300004300004300000000000000000000100000001000000861070000000000000000000000000000000000000000000000000000000000000000000000000000000000000000000000006360010744726028907002740000000
002011066762589000104164915125000000000024091195600400001020340004300004300004300000000000000000000100000001000000861070000000000000000000000000000000000000000000000000000000000000000000000000000000000000000000000006360010744726028907002740000000
002011066762606100104085527777000000000015759386320400001013770004300004300004300000000000000000000100000001000000861070000000000000000000000000000000000000000000000000000000000000000000000000000000000000000000000006360010744726028907002740000000
002011066762627000104162676697000000000027918047440400001051690004300004300004300000000000000000000100000001000000861070000000000000000000000000000000000000000000000000000000000000000000000000000000000000000000000006360010744726028907002740000000
002011066762646700104166765996000000000023714501840400001034370004300004300004300000000000000000000100000001000000861070000000000000000000000000000000000000000000000000000000000000000000000000000000000000000000000006360010744726028907002740000000
00300101000010000100004300000086107000000000000000000000000000000000000000000000006676271650000
00300104000010001400060200000086107000000000000000000000000000000000000000000000006676271650000
001001026000008610700406676271650000000000000000000000000000000000000000000000020340457900100000000
001001026000008610700306676271690000000000000000000000000000000000000000000000020340457900100100000
001001026000008610700406676276400000000000000000000000000000000000000000000000020340457900100100000
001001026000008610700506676276480000000000000000000000000000000000000000000000020340457900100100000
002011066762766500104086205676000000000016993398480400001006960004300004300004300000000000000000000100000001000000861070000000000000000000000000000000000000000000000000000000000000000000000000000000000000000000000006360010744726028907002740000000
002011066762769700104164113355000000000024131871440400001074120004300004300004300000000000000000000100000001000000861070000000000000000000000000000000000000000000000000000000000000000000000000000000000000000000000006360010744726028907002740000000
002011066762770400104165930942000000000023207263440400001048600004300004300004300000000000000000000100000001000000861070000000000000000000000000000000000000000000000000000000000000000000000000000000000000000000000006360010744726028907002740000000
002011066762770900104089526465000000000028102211280400001002650004300004300004300000000000000000000100000001000000861070000000000000000000000000000000000000000000000000000000000000000000000000000000000000000000000006360010744726028907002740000000
002011066762771300104152713743000000000024923561680400001057610004300004300004300000000000000000000100000001000000861070000000000000000000000000000000000000000000000000000000000000000000000000000000000000000000000006360010744726028907002740000000
002011066762771800104164097902000000000022781863120400001050190004300004300004300000000000000000000100000001000000861070000000000000000000000000000000000000000000000000000000000000000000000000000000000000000000000006360010744726028907002740000000
002011066762773200104164193421000000000023077489360400001027150004300004300004300000000000000000000100000001000000861070000000000000000000000000000000000000000000000000000000000000000000000000000000000000000000000006360010744726028907002740000000
002011066762774200104164108467000000000024291495120400001038820004300004300004300000000000000000000100000001000000861070000000000000000000000000000000000000000000000000000000000000000000000000000000000000000000000006360010744726028907002740000000
002011066762777000104160970751000000000025035582160400001048800004300004300004300000000000000000000100000001000000861070000000000000000000000000000000000000000000000000000000000000000000000000000000000000000000000006360010744726028907002740000000
002011066762801800104089498411000000000033094170320400001001930004300004300004300000000000000000000100000001000000861070000000000000000000000000000000000000000000000000000000000000000000000000000000000000000000000006360010744726028907002740000000
002011066762811100104162658151000000000025180921040400001024040004300004300004300000000000000000000100000001000000861070000000000000000000000000000000000000000000000000000000000000000000000000000000000000000000000006360010744726028907002740000000
002011066762857700119007535072000000000012019285500400001058000004300004300000000000000008550000000100000001000000861070000000000000000000000000000000000000000000000100000000000000000000300000000000000000000000000006360010744726028907002740000000
002011066762864900104166204315000000000024162320080400001030460004300004300000000000000008550000000100000001000000861070000000000000000000000000000000000000000000000100000000000000000000300000000000000000000000000006360010744726028907002740000000
002011066762865500104165285788000000000024138043600400001078150004300004300000000000000008550000000100000001000000861070000000000000000000000000000000000000000000000100000000000000000000300000000000000000000000000006360010744726028907002740000000
002011066762878000117059038707000000000029595696860400001010030004300004300004300000000000000000000100000001000000861070000000000000000000000000000000000000000000000000000000000000000000000000000000000000000000000006360010744726028907002740000000
002011066762879700104088420991000000000030101904080400001002720004300004300004300000000000000000000100000001000000861070000000000000000000000000000000000000000000000000000000000000000000000000000000000000000000000006360010744726028907002740000000
00300104000010001600068800000086107000000000000000000000000000000000000000000000006676301450000
001001026000008610700406676301450000000000000000000000000000000000000000000000020340457900100000000
001001026000008610700506676301510000000000000000000000000000000000000000000000020340457900100000000
002011066763086700109126767026000000000004054659280100001049200004300004300004300000000000000000000100000001000000861070000000000000000000000000000000000000000000000000000000000000000000000000010000000000000000000106360010744726028907002740000000
005001066763087600117059199451000000000029534400750400001000150000
005001066763087600117059199451000000000029534400750100001000150000
005001066763087600117059199451000000000029534400750400001000150000
002011066763087800117059199451000000000029534400750400001013880004300004300003650000000000000000000100000001000000861070000000000000000000000000000000000000000000000000000000000000000000000000000000000000000000000006360010744726028907002740000000
002011066763087800117059199451000000000029534400750400001013880004300004300000650000000000000000000100000001000000861070000000000000000000000000000000000000000000000000000000000000000000000000000000000000000000000006360010744726028907002740000000
002011066763090900104163074011000000000017705439440400001001910004300004300004300000000000000000000100000001000000861070000000000000000000000000000000000000000000000000000000000000000000000000000000000000000000000006360010744726028907002740000000
002011066763105500104084796766000000000015388081360400001005640004300004300004300000000000000000000100000001000000861070000000000000000000000000000000000000000000000000000000000000000000000000000000000000000000000006360010744726028907002740000000
002011066763114000104087836841000000000016668595920400001004680004300004300004300000000000000000000100000001000000861070000000000000000000000000000000000000000000000000000000000000000000000000000000000000000000000006360010744726028907002740000000
002011066763118400104087935813000000000015957975760400001007080004300004300004300000000000000000000100000001000000861070000000000000000000000000000000000000000000000000000000000000000000000000000000000000000000000006360010744726028907002740000000
002011066763164500104152143361000000000023859600080400001000500004300004300004300000000000000000000100000001000000861070000000000000000000000000000000000000000000000000000000000000000000000000000000000000000000000006360010744726028907002740000000
002011066763195200104164278648000000000022959629520400001013010004300004300004300000000000000000000100000001000000861070000000000000000000000000000000000000000000000000000000000000000000000000000000000000000000000006360010744726028907002740000000
002011066763196500104084012757000000000009134211280400001011010004300004300000000000000008550000000100000001000000861070000000000000000000000000000000000000000000000100000000000000000000300000000000000000000000000006360010744726028907002740000000
00300101000010000100004300000086107000000000000000000000000000000000000000000000006676333070000
00300104000010000800034400000086107000000000000000000000000000000000000000000000006676333070000
001001026000008610700406676333070000000000000000000000000000000000000000000000020340457900100100000
001001026000008610700506676333140000000000000000000000000000000000000000000000020340457900100100000
002011066763338600104161081673000000000030151363280400001017530004300004300004300000000000000000000100000001000000861070000000000000000000000000000000000000000000000000000000000000000000000000000000000000000000000006360010744726028907002740000000
002011066763430200104165299924000000000023147395280400001035590004300004300004300000000000000000000100000001000000861070000000000000000000000000000000000000000000000000000000000000000000000000000000000000000000000006360010744726028907002740000000
005001066763500000000000000000000000000004156058320000000000150000
005001066763500100000000000000000000000004156058320000000000150000
002011066763500300109124982175000000000004156058320100001002620004300004300004300000000000000000000100000001000000861070000000000000000000000000000000000000000000000000000000000000000000000000000000000000000000000006360010744726028907002740000000
00300104000010000200008600000086107000000000000000000000000000000000000000000000006676355770000
00300101000010000100004300000086107000000000000000000000000000000000000000000000006676355770000
001001026000008610700406676355770000000000000000000000000000000000000000000000020340457900100000000
001001026000008610700506676355860000000000000000000000000000000000000000000000020340457900100000000
005001066763633601503002884324000000000010325428480614015000840000
005001066763633601503002884324000000000010325428480613015002140000
005001066763634301503002884324000000000010325428480614015000840000
005001066763634301503002884324000000000010325428480613015002140000
002011066763716300104165087897000000000022906911440400001018050004300004300004300000000000000000000100000001000000861070000000000000000000000000000000000000000000000000000000000000000000000000000000000000000000000006360010744726028907002740000000
00300104000010000100004300000086107000000000000000000000000000000000000000000000006676388100000
001001026000008610700406676388100000000000000000000000000000000000000000000000020340457900100100000
001001026000008610700506676388160000000000000000000000000000000000000000000000020340457900100100000
002011066763949900104159549264000000000027245435600400001046290004300004300000000000000008550000000100000001000000861070000000000000000000000000000000000000000000000100000000000000000000300000000000000000000000000006360010744726028907002740000000
002011066763981700104164921176000000000024376090320400001062480004300004300004300000000000000000000100000001000000861070000000000000000000000000000000000000000000000000000000000000000000000000000000000000000000000006360010744726028907002740000000
002011066764061500117041313331000000000009253799570400001036900004300004300004300000000000000000000100000001000000861070000000000000000000000000000000000000000000000000000000000000000000000000000000000000000000000006360010744726028907002740000000
002011066764166300104167185209000000000023180194000400001049460004300004300004300000000000000000000100000001000000861070000000000000000000000000000000000000000000000000000000000000000000000000000000000000000000000006360010744726028907002740000000
002011066764173700104166547891000000000017285481680400001016890004300004300004300000000000000000000100000001000000861070000000000000000000000000000000000000000000000000000000000000000000000000000000000000000000000006360010744726028907002740000000
002011066764199400104089870867000000000016521150160400001003180004300004300004300000000000000000000100000001000000861070000000000000000000000000000000000000000000000000000000000000000000000000000000000000000000000006360010744726028907002740000000
002011066764225100104089509617000000000031545531600400001000640004300004300004300000000000000000000100000001000000861070000000000000000000000000000000000000000000000000000000000000000000000000000000000000000000000006360010744726028907002740000000
002011066764260000104164166203000000000014968569040400001015730004300004300004300000000000000000000100000001000000861070000000000000000000000000000000000000000000000000000000000000000000000000000000000000000000000006360010744726028907002740000000
00300104000010000800034400000086107000000000000000000000000000000000000000000000006676437400000
001001026000008610700406676437400000000000000000000000000000000000000000000000020340457900100000000
001001026000008610700306676437450000000000000000000000000000000000000000000000020340457900100000000
010001000000000000000000000000000000086107066764375200500000
001001026000008610700206676437610000000000000000000000000000000000000000000000020340457900100000000
010001000000000000000000000000000000086107066764376700400000
001001026000008610700106676437750000000000000000000000000000000000000000000000020340457900100000000
03400667617815000008610700005C06676178150667621839000008610704579I000000000000000000000100000020004300000000010000000104000002400043000000000100000001
03400667621845000008610700005C06676218450667624661000008610704579V0000000000000000000004000004000043000000000100000001040000002000225100000001000000010400000020002251000000010000000104000000200022510000000100000001040000002000225100000001000000010400000020002251000000010000000104000000200022510000000100000001
