1000020260000086171003025243604634338603860033580000
001001026000008617100206676370760000000000000000000000000000000000000000000000000000000000000000000
010001000000000000000000000000000000086171066763709500100000
0350010667637099891687990000001400000001020000
010001000000000000000000000000000000086171066763709900200000
001001026000008617100306676371060000000000000000000000000000000000000000000000000000000000000000000
001001026000008617100406676371150000000000000000000000000000000000000000000000020340457900100100000
001001026000008617100506676371220000000000000000000000000000000000000000000000020340457900100100000
005001066763723700304004571633000000000006568921400800003002140000
005001066763724100304004571633000000000006568921400800003002140000
002011066763843300104151551197000000000025463150800400001001320004300004300004250004250008550000000100000001000000861710000000000000000000000000000000000000000000000100000000000000000000300000000000000000000000000002524360463433860386003358000000
002011066763869700117049232268000000000016929697500400001019370004300004300004300000000000000000000100000001000000861710000000000000000000000000000000000000000000000000000000000000000000000000000000000000000000000002524360463433860386003358000000
00300104000010000200008600000086171000000000000000000000000000000000000000000000006676393490000
001001026000008617100406676393490000000000000000000000000000000000000000000000020340457900100000000
001001026000008617100506676393570000000000000000000000000000000000000000000000020340457900100000000
002011066763955100104152635254000000000027750823120400001012320004300004300004300000000000000000000100000001000000861710000000000000000000000000000000000000000000000000000000000000000000000000000000000000000000000002524360463433860386003358000000
002011066764046900104089442393000000000034740347600400001003270004300004300004300000000000000000000100000001000000861710000000000000000000000000000000000000000000000000000000000000000000000000000000000000000000000002524360463433860386003358000000
00300104000010000200008600000086171000000000000000000000000000000000000000000000006676414930000
001001026000008617100406676414930000000000000000000000000000000000000000000000020340457900100100000
001001026000008617100506676425320000000000000000000000000000000000000000000000020340457900100100000
002011066764254000109123143498000000000010626107600100001000450004300004300004300000000000000000000100000001000000861710000000000000000000000000000000000000000000000000000000000000000000000000000000000000000000000002524360463433860386003358000000
002011066764254600117005836478000000000023561850750400001077720004300004300004300000000000000000000100000001000000861710000000000000000000000000000000000000000000000000000000000000000000000000000000000000000000000002524360463433860386003358000000
002011066764263400104165957311000000000023512784080400001056150004300004300004300000000000000000000100000001000000861710000000000000000000000000000000000000000000000000000000000000000000000000000000000000000000000002524360463433860386003358000000
002011066764381600104088372571000000000027149970640400001001890004300004300004300000000000000000000100000001000000861710000000000000000000000000000000000000000000000000000000000000000000000000000000000000000000000002524360463433860386003358000000
002011066764404100104156234548000000000024622597840400001150330004300004300004300000000000000000000100000001000000861710000000000000000000000000000000000000000000000000000000000000000000000000000000000000000000000002524360463433860386003358000000
002011066764448600109054849269000000000014911721680100001009570004300004300004300000000000000000000100000001000000861710000000000000000000000000000000000000000000000000000000000000000000000000000000000000000000000002524360463433860386003358000000
00300101000010000200008600000086171000000000000000000000000000000000000000000000006676445980000
00300104000010000400017200000086171000000000000000000000000000000000000000000000006676445980000
001001026000008617100406676445980000000000000000000000000000000000000000000000020340457900100000000
001001026000008617100506676446050000000000000000000000000000000000000000000000020340457900100000000
005001066764631501503002124613000000000008849036990612015002140000
001001026000008617100406676468130000000000000000000000000000000000000000000000020340457900100100000
001001026000008617100506676477770000000000000000000000000000000000000000000000020340457900100100000
002011066764780600104157070281000000000026908066000400001008380004300004300004300000000000000000000100000001000000861710000000000000000000000000000000000000000000000000000000000000000000000000000000000000000000000002524360463433860386003358000000
002011066764784600117057039382000000000006477809610400001018660004300004300004300000000000000000000100000001000000861710000000000000000000000000000000000000000000000000000000000000000000000000000000000000000000000002524360463433860386003358000000
00300104000010000200008600000086171000000000000000000000000000000000000000000000006676500170000
001001026000008617100406676500170000000000000000000000000000000000000000000000020340457900100000000
001001026000008617100506676500230000000000000000000000000000000000000000000000020340457900100000000
001001026000008617100406676520280000000000000000000000000000000000000000000000020340457900100100000
001001026000008617100506676536630000000000000000000000000000000000000000000000020340457900100100000
002011066765369800104082808309000000000004131052240400001007330004300004300004300000000000000000000100000001000000861710000000000000000000000000000000000000000000000000000000000000000000000000000000000000000000000002524360463433860386003358000000
002011066765370700109160691258000000000000481969360100001006280004300004300004300000000000000000000100000001000000861710000000000000000000000000000000000000000000000000000000000000000000000000000000000000000000000002524360463433860386003358000000
005001066765371100103095410645000000000031172531920450001000150000
002011066765371200103095410645000000000031172531920450001000160004300004300004300000000000000000000100000001000000861710000000000000000000000000000000000000000000000000000000000000000000019300000000000000000000000002524360463433860386003358000000
002011066765371900104156297991000000000026937582800400001014650004300004300004300000000000000000000100000001000000861710000000000000000000000000000000000000000000000000000000000000000000000000000000000000000000000002524360463433860386003358000000
002011066765372600109054849412000000000018616991440100001011330004300004300004300000000000000000000100000001000000861710000000000000000000000000000000000000000000000000000000000000000000000000000000000000000000000002524360463433860386003358000000
002011066765394500104162904959000000000017760617680400001053520004300004300004300000000000000000000100000001000000861710000000000000000000000000000000000000000000000000000000000000000000000000000000000000000000000002524360463433860386003358000000
002011066765399600104165978163000000000024234629840400001028750004300004300004300000000000000000000100000001000000861710000000000000000000000000000000000000000000000000000000000000000000000000000000000000000000000002524360463433860386003358000000
002011066765527800104086213482000000000018951378640400001010750004300004300004300000000000000000000100000001000000861710000000000000000000000000000000000000000000000000000000000000000000000000000000000000000000000002524360463433860386003358000000
00300104000010000500021500000086171000000000000000000000000000000000000000000000006676560190000
00300101000010000200008600000086171000000000000000000000000000000000000000000000006676560190000
00300104500010000100004300000086171000000000000000000000000000000000000000000000006676560190000
001001026000008617100406676560190000000000000000000000000000000000000000000000020340457900100000000
001001026000008617100506676560250000000000000000000000000000000000000000000000020340457900100000000
002011066765612000104158470941000000000024704912080400001020170004300004300004300000000000000000000100000001000000861710000000000000000000000000000000000000000000000000000000000000000000000000000000000000000000000002524360463433860386003358000000
002011066765647300104164634941000000000024308501200400001038550004300004300004300000000000000000000100000001000000861710000000000000000000000000000000000000000000000000000000000000000000000000000000000000000000000002524360463433860386003358000000
00300104000010000200008600000086171000000000000000000000000000000000000000000000006676581630000
001001026000008617100406676581630000000000000000000000000000000000000000000000020340457900100100000
001001026000008617100306676581680000000000000000000000000000000000000000000000020340457900100100000
010001000000000000000000000000000000086171066765817400500000
001001026000008617100206676581830000000000000000000000000000000000000000000000020340457900100100000
010001000000000000000000000000000000086171066765818700400000
001001026000008617100106676581950000000000000000000000000000000000000000000000020340457900100100000
03400667639357000008617100005C06676393570667641493000008617104579I0000000000000000000004000000400043000000000100000001
03400667637122000008617100005C06676371220667639349000008617104579V000000000000000000000400000010004251000000010000000104000001200043000000000100000001
