1000020260000086122003063600113503259866480032650000
001001026000008612200206676607070000000000000000000000000000000000000000000000000000000000000000000
010001000000000000000000000000000000086122066766072600100000
0350010667660730251986550000019300000001020000
010001000000000000000000000000000000086122066766073000200000
001001026000008612200306676607380000000000000000000000000000000000000000000000000000000000000000000
001001026000008612200406676614180000000000000000000000000000000000000000000000020290457400100000000
001001026000008612200506676621230000000000000000000000000000000000000000000000020290457400100000000
002011066766347400104166196266000000000023505347280400001057040004650004650004650000000000000000000100000001000000861220000000000000000000000000000000000000000000000000000000000000000000000000000000000000000000000006360011350325986648003265000000
002011066766399200104164573241000000000024343173840400001018320004650004650004650000000000000000000100000001000000861220000000000000000000000000000000000000000000000000000000000000000000000000000000000000000000000006360011350325986648003265000000
005001066766461000305000445305000000000013402471150710003002140000
002011066766461100305000445305000000000013402471150400001003420004650004650004650000000000000000000100000001000000861220000000000000000000000000000000000000000000000000000000000000000000000000000000000000000000000006360011350325986648003265000000
00300104000010000300013950000086122000000000000000000000000000000000000000000000006676652840000
001001026000008612200406676652840000000000000000000000000000000000000000000000020290457400100100000
002011066766586500104152595171000000000027863332560400001056240004650004650004650000000000000000000100000001000000861220000000000000000000000000000000000000000000000000000000000000000000000000000000000000000000000006360011350325986648003265000000
002011066766587200109104458594000000000013013253840100001017640004650004650004650000000000000000000100000001000000861220000000000000000000000000000000000000000000000000000000000000000000000000000000000000000000000006360011350325986648003265000000
00300104000010000100004650000086122000000000000000000000000000000000000000000000006676659560000
00300101000010000100004650000086122000000000000000000000000000000000000000000000006676659560000
001001026000008612200506676659560000000000000000000000000000000000000000000000020290457400100100000
002011066766608100104163795924000000000014843121360400001013810004650004650004500004500008550000000100000001000000861220000000000000000000000000000000000000000000000100000000000000000000300000000000000000000000000006360011350325986648003265000000
00300104000010000100004650000086122000000000000000000000000000000000000000000000006676683410000
001001026000008612200406676683410000000000000000000000000000000000000000000000020290457400100000000
001001026000008612200306676698830000000000000000000000000000000000000000000000020290457400100000000
001001026000008612200406676698900000000000000000000000000000000000000000000000020290457400100000000
001001026000008612200506676699010000000000000000000000000000000000000000000000020290457400100000000
002011066767080700104152083685000000000023976871120400001001130004650004650004650000000000000000000100000001000000861220000000000000000000000000000000000000000000000000000000000000000000000000000000000000000000000006360011350325986648003265000000
002011066767141700104087154439000000000016773456080400001008780004650004650004650000000000000000000100000001000000861220000000000000000000000000000000000000000000000000000000000000000000000000000000000000000000000006360011350325986648003265000000
002011066767182500104086523112000000000017583542480400001009620004650004650004650000000000000000000100000001000000861220000000000000000000000000000000000000000000000000000000000000000000000000000000000000000000000006360011350325986648003265000000
00300104000010000300013950000086122000000000000000000000000000000000000000000000006676724730000
001001026000008612200406676724730000000000000000000000000000000000000000000000020290457400100100000
001001026000008612200506676758190000000000000000000000000000000000000000000000020290457400100100000
001001026000008612200406676758240000000000000000000000000000000000000000000000020290457400100000000
001001026000008612200506676758310000000000000000000000000000000000000000000000020290457400100000000
002011066767684700104150991509000000000024580493520400001052910004650004650004650000000000000000000100000001000000861220000000000000000000000000000000000000000000000000000000000000000000000000000000000000000000000006360011350325986648003265000000
002011066767685300104151288275000000000025966254800400001001030004650004650004650000000000000000000100000001000000861220000000000000000000000000000000000000000000000000000000000000000000000000000000000000000000000006360011350325986648003265000000
00300104000010000200009300000086122000000000000000000000000000000000000000000000006676789700000
001001026000008612200406676789700000000000000000000000000000000000000000000000020290457400100100000
001001026000008612200506676789790000000000000000000000000000000000000000000000020290457400100100000
002011066767904500109057376221000000000009528243920100001034190004650004650004650000000000000000000100000001000000861220000000000000000000000000000000000000000000000000000000000000000000000000010000000000000000000106360011350325986648003265000000
00300101000010000100004650000086122000000000000000000000000000000000000000000000006676817330000
001001026000008612200406676817330000000000000000000000000000000000000000000000020290457400100000000
001001026000008612200506676817900000000000000000000000000000000000000000000000020290457400100000000
002011066768301200104151210731000000000023840988880400001003810004650004650004650000000000000000000100000001000000861220000000000000000000000000000000000000000000000000000000000000000000000000000000000000000000000006360011350325986648003265000000
002011066768309300104088841146000000000027144113360400001006500004650004650004650000000000000000000100000001000000861220000000000000000000000000000000000000000000000000000000000000000000000000000000000000000000000006360011350325986648003265000000
002011066768321600117033227588000000000009154384690400001017550004650004650004650000000000000000000100000001000000861220000000000000000000000000000000000000000000000000000000000000000000000000000000000000000000000006360011350325986648003265000000
002011066768362300104089495594000000000033353846480400001002830004650004650004650000000000000000000100000001000000861220000000000000000000000000000000000000000000000000000000000000000000000000000000000000000000000006360011350325986648003265000000
00300104000010000400018600000086122000000000000000000000000000000000000000000000006676857290000
001001026000008612200406676857290000000000000000000000000000000000000000000000020290457400100100000
001001026000008612200306676857340000000000000000000000000000000000000000000000020290457400100100000
001001026000008612200206676857390000000000000000000000000000000000000000000000020290457400100100000
010001008029000004566200000094800000086122066768574500410000
010001008029000004566200000094800000086122066768575000510000
001001026000008612200106676857590000000000000000000000000000000000000000000000020290457400100100000
03400667665284000008612200004T06676652840667665956000008612204574V000000000000000000000100000010004650000000010000000104000000100046500000000100000001
03400667662123000008612200005C06676621230667665284000008612204574I0000000000000000000004000001200046500000000100000001
03400667665956000008612200005C06676659560667668341000008612204574V0000000000000000000004000000100045010000000100000001
