1000020260000086032003063600108005701975210018720000
0450010000000002000000000106675737390000
0450010000000002000000000106675859370000
0450010000000002000000000106676008260000
001001026000008603200206676203980000000000000000000000000000000000000000000000000000000000000000000
010001000000000000000000000000000000086032066762041500100000
0350010667620419414243560000092600000001020000
010001000000000000000000000000000000086032066762041900200000
001001026000008603200306676204260000000000000000000000000000000000000000000000000000000000000000000
001001026000008603200406676204320000000000000000000000000000000000000000000000020350458000100000000
001001026000008603200506676204390000000000000000000000000000000000000000000000020350458000100000000
002011066762432600104165158646000000000018758490320400001017330005550005550003900003900008550000000100000001000000860320000000000000000000000000000000000000000000000100000000000000000000300000000000000000000000000006360010800570197521001872000000
005001066762454600104152604189000000000024966467280400001000360000
005001066762455000104152604189000000000024966467280400001000150000
005001066762455000104152604189000000000024966467280400001000360000
005001066762455400104152604189000000000024966467281023001002300000
002011066762455700104152604189000000000024966467280400001082790005550005550005550000000000000000000100000001000000860320000000000000000000000000000000000000000000000000000000000000000000000000000000000000000000000006360010800570197521001872000000
002011066762568900104086325884000000000015586133200400001001780005550005550005550000000000000000000100000001000000860320000000000000000000000000000000000000000000000000000000000000000000000000000000000000000000000006360010800570197521001872000000
002011066762775700104165580062000000000017755858640400001039490005550005550005550000000000000000000100000001000000860320000000000000000000000000000000000000000000000000000000000000000000000000000000000000000000000006360010800570197521001872000000
002011066762776200117053563672000000000035611026670400001016470005550005550005550000000000000000000100000001000000860320000000000000000000000000000000000000000000000000000000000000000000000000000000000000000000000006360010800570197521001872000000
005001066762867000104152664319000000000027912958161023001002300000
002011066762867300104152664319000000000027912958160400001016380005550005550005550000000000000000000100000001000000860320000000000000000000000000000000000000000000000000000000000000000000000000000000000000000000000006360010800570197521001872000000
002011066762929900109006571493000000000012803891920100001057220005550005550004600004600008550000000100000001000000860320000000000000000000000000000000000000000000000100000000000000000000300000000000000000000000000006360010800570197521001872000000
005001066762939900104082997578000000000011753173201023001002300000
002011066762940200104082997578000000000011753173200400001007320005550005550005550000000000000000000100000001000000860320000000000000000000000000000000000000000000000000000000000000000000000000000000000000000000000006360010800570197521001872000000
002011066762940900104082155747000000000004111084240400001020880005550005550005550000000000000000000100000001000000860320000000000000000000000000000000000000000000000000000000000000000000000000000000000000000000000006360010800570197521001872000000
002011066762998800104152702831000000000028326114000400001024200005550005550005550000000000000000000100000001000000860320000000000000000000000000000000000000000000000000000000000000000000000000000000000000000000000006360010800570197521001872000000
00300104000010000900049950000086032000000000000000000000000000000000000000000000006676320660000
00300101000010000100005550000086032000000000000000000000000000000000000000000000006676320660000
001001026000008603200406676320660000000000000000000000000000000000000000000000020350458000100100000
001001026000008603200506676320710000000000000000000000000000000000000000000000020350458000100100000
002011066763358100104166724191000000000019041567440400001007220005550005550004350000000000000000000100000001000000860320000000000000000000000000000000000000000000000000000000000000000000000000000000000000000000000006360010800570197521001872000000
002011066763358100104166724191000000000019041567440400001007220005550005550001200000000000000000000100000001000000860320000000000000000000000000000000000000000000000000000000000000000000000000000000000000000000000006360010800570197521001872000000
002011066763367000117052189742000000000042031138990400001011680005550005550005550000000000000000000100000001000000860320000000000000000000000000000000000000000000000000000000000000000000000000000000000000000000000006360010800570197521001872000000
002011066763392100104163798133000000000016323914960400001019960005550005550005550000000000000000000100000001000000860320000000000000000000000000000000000000000000000000000000000000000000000000000000000000000000000006360010800570197521001872000000
005001066763425800104088366014000000000023459106001023001002300000
005001066764371900109126726494000000000003397310161023001002300000
002011066764372200109126726494000000000003397310160100001010860005550005550005550000000000000000000100000001000000860320000000000000000000000000000000000000000000000000000000000000000000000000010000000000000000000106360010800570197521001872000000
002011066764447400104164193235000000000022949166800400001005570005550005550005550000000000000000000100000001000000860320000000000000000000000000000000000000000000000000000000000000000000000000000000000000000000000006360010800570197521001872000000
002011066764524100109081783443000000000008353142480100001027820005550005550005550000000000000000000100000001000000860320000000000000000000000000000000000000000000000000000000000000000000000000000000000000000000000006360010800570197521001872000000
00300104000010000400022200000086032000000000000000000000000000000000000000000000006676467520000
00300101000010000200011100000086032000000000000000000000000000000000000000000000006676467520000
001001026000008603200406676467520000000000000000000000000000000000000000000000020350458000100000000
001001026000008603200306676467600000000000000000000000000000000000000000000000020350458000100000000
010001000000000000000000000000000000086032066764676700500000
001001026000008603200206676467780000000000000000000000000000000000000000000000020350458000100000000
010001000000000000000000000000000000086032066764678300400000
001001026000008603200106676467920000000000000000000000000000000000000000000000020350458000100000000
03400667620439000008603200005C06676204390667632066000008603204580I00000000000000000000010000001000460100000001000000010400000010003901000000010000000104000000800055500000000100000001
03400667632071000008603200005C06676320710667646752000008603204580V0000000000000000000001000000200055500000000100000001040000001000435000000001000000010400000010001200000000010000000104000000300055500000000100000001040000003000555000000001000000010400000030005550000000010000000104000000300055500000000100000001
